tier,top_n,q_table,attr,k,alpha,tau,n_sem,n_ovl,n_D_union,pool_size_requested,clamped,feasible,tau_reached,n_P,n_R,n_unionability_computations,F_Q,F_P,F_R,sum_U,dinkelbach_ran,dinkelbach_iterations,retrieval_time_s,probe_time_s,union_combine_time_s,union_lookup_time_s,stage1_time_s,scoring_time_s,stage2_time_s,end_to_end_s
tier_10k,500,0_1438042988458.74_20150728002308-00103-ip-10-236-191-2_666285279_1.csv,0,10,5.0,0.15,500,24,156,50,False,True,True,50,10,50,0.125,0.1141552511415525,0.15,35.814691603183746,True,2,0.01907247118651867,0.0008262810297310352,0.00021379487589001656,0.018032395280897617,0.00023292284458875656,0.005466224160045385,0.00675972830504179,0.03153310902416706
tier_10k,500,0_1438042988458.74_20150728002308-00103-ip-10-236-191-2_666285279_1.csv,0,10,10.0,0.15,500,24,156,100,False,True,True,100,10,100,0.125,0.05263157894736842,0.15,35.814691603183746,True,2,0.01907247118651867,0.0008262810297310352,0.00021379487589001656,0.018032395280897617,0.0004211738705635071,0.01135004498064518,0.006105402950197458,0.0369511223398149
tier_10k,500,0_1438042988458.74_20150728002308-00103-ip-10-236-191-2_666285279_1.csv,0,10,15.0,0.15,500,24,156,150,False,True,True,150,10,150,0.125,0.023277467411545624,0.15,35.814691603183746,True,2,0.01907247118651867,0.0008262810297310352,0.00021379487589001656,0.018032395280897617,0.0004478897899389267,0.016154636163264513,0.006487386766821146,0.04216470709070563
tier_10k,500,0_1438042988458.74_20150728002308-00103-ip-10-236-191-2_666285279_1.csv,0,10,20.0,0.15,500,24,156,200,True,True,True,156,10,156,0.125,0.017972681524083392,0.15,35.814691603183746,False,0,0.01907247118651867,0.0008262810297310352,0.00021379487589001656,0.018032395280897617,1.9737984985113144e-05,0.017773328814655542,0.00458334106951952,0.04145099315792322
tier_10k,500,0_1438042988458.74_20150728002308-00103-ip-10-236-191-2_666285279_1.csv,0,20,5.0,0.15,500,24,156,100,False,True,True,100,20,100,0.125,0.05263157894736842,0.1511627906976744,63.8813299536705,True,2,0.01907247118651867,0.0008262810297310352,0.00021379487589001656,0.018032395280897617,0.0004027141258120537,0.012386064976453781,0.004274208098649979,0.036137623246759176
tier_10k,500,0_1438042988458.74_20150728002308-00103-ip-10-236-191-2_666285279_1.csv,0,20,10.0,0.15,500,24,156,200,True,True,True,156,20,156,0.125,0.017972681524083392,0.1511627906976744,63.8813299536705,False,0,0.01907247118651867,0.0008262810297310352,0.00021379487589001656,0.018032395280897617,1.902785152196884e-05,0.01854032091796398,0.005864681676030159,0.04349862551316619
tier_10k,500,0_1438042988458.74_20150728002308-00103-ip-10-236-191-2_666285279_1.csv,0,20,15.0,0.15,500,24,156,300,True,True,True,156,20,156,0.125,0.017972681524083392,0.1511627906976744,63.8813299536705,False,0,0.01907247118651867,0.0008262810297310352,0.00021379487589001656,0.018032395280897617,1.8693972378969193e-05,0.017424521036446095,0.009084674995392561,0.04560246132314205
tier_10k,500,0_1438042988458.74_20150728002308-00103-ip-10-236-191-2_666285279_1.csv,0,20,20.0,0.15,500,24,156,400,True,True,True,156,20,156,0.125,0.017972681524083392,0.1511627906976744,63.8813299536705,False,0,0.01907247118651867,0.0008262810297310352,0.00021379487589001656,0.018032395280897617,1.195073127746582e-05,0.027412820141762495,0.0066317180171608925,0.05313111003488302
tier_10k,500,0_1438042988458.74_20150728002308-00103-ip-10-236-191-2_666285279_1.csv,0,30,5.0,0.15,500,24,156,150,False,True,True,150,30,150,0.125,0.023277467411545624,0.15037593984962405,83.66879937052727,True,2,0.01907247118651867,0.0008262810297310352,0.00021379487589001656,0.018032395280897617,0.00046176090836524963,0.025532328989356756,0.008036735001951456,0.053105620201677084
tier_10k,500,0_1438042988458.74_20150728002308-00103-ip-10-236-191-2_666285279_1.csv,0,30,10.0,0.15,500,24,156,300,True,True,True,156,30,156,0.125,0.017972681524083392,0.15037593984962405,83.66879937052727,False,0,0.01907247118651867,0.0008262810297310352,0.00021379487589001656,0.018032395280897617,1.7941929399967194e-05,0.0161084639839828,0.010683408938348293,0.045884556137025356
tier_10k,500,0_1438042988458.74_20150728002308-00103-ip-10-236-191-2_666285279_1.csv,0,30,15.0,0.15,500,24,156,450,True,True,True,156,30,156,0.125,0.017972681524083392,0.15037593984962405,83.66879937052727,False,0,0.01907247118651867,0.0008262810297310352,0.00021379487589001656,0.018032395280897617,1.871306449174881e-05,0.017539887689054012,0.010758284945040941,0.04739137925207615
tier_10k,500,0_1438042988458.74_20150728002308-00103-ip-10-236-191-2_666285279_1.csv,0,30,20.0,0.15,500,24,156,600,True,True,True,156,30,156,0.125,0.017972681524083392,0.15037593984962405,83.66879937052727,False,0,0.01907247118651867,0.0008262810297310352,0.00021379487589001656,0.018032395280897617,1.1745840311050415e-05,0.015667119063436985,0.009996949695050716,0.044750222470611334
tier_10k,500,0_1438042988458.74_20150728002308-00103-ip-10-236-191-2_666285279_1.csv,0,40,5.0,0.15,500,24,156,200,True,True,True,156,40,156,0.125,0.017972681524083392,0.1503267973856209,95.54040586948395,False,0,0.01907247118651867,0.0008262810297310352,0.00021379487589001656,0.018032395280897617,1.915590837597847e-05,0.017318780068308115,0.0035858070477843285,0.0399984042160213
tier_10k,500,0_1438042988458.74_20150728002308-00103-ip-10-236-191-2_666285279_1.csv,0,40,10.0,0.15,500,24,156,400,True,True,True,156,40,156,0.125,0.017972681524083392,0.1503267973856209,95.54040586948395,False,0,0.01907247118651867,0.0008262810297310352,0.00021379487589001656,0.018032395280897617,1.872982829809189e-05,0.017661898862570524,0.004091027658432722,0.0408461750485003
tier_10k,500,0_1438042988458.74_20150728002308-00103-ip-10-236-191-2_666285279_1.csv,0,40,15.0,0.15,500,24,156,600,True,True,True,156,40,156,0.125,0.017972681524083392,0.1503267973856209,95.54040586948395,False,0,0.01907247118651867,0.0008262810297310352,0.00021379487589001656,0.018032395280897617,2.5366898626089096e-05,0.01805606484413147,0.003909001126885414,0.04106509080156684
tier_10k,500,0_1438042988458.74_20150728002308-00103-ip-10-236-191-2_666285279_1.csv,0,40,20.0,0.15,500,24,156,800,True,True,True,156,40,156,0.125,0.017972681524083392,0.1503267973856209,95.54040586948395,False,0,0.01907247118651867,0.0008262810297310352,0.00021379487589001656,0.018032395280897617,1.9214116036891937e-05,0.01797366188839078,0.003563215024769306,0.0406355201266706
tier_10k,500,0_1438042988458.74_20150728002308-00103-ip-10-236-191-2_666285279_1.csv,0,50,5.0,0.15,500,24,156,250,True,False,False,156,0,156,0.125,0.017972681524083392,,,False,0,0.01907247118651867,0.0008262810297310352,0.00021379487589001656,0.018032395280897617,1.973472535610199e-05,0.01938426634296775,0.0011859489604830742,0.039664281997829676
tier_10k,500,0_1438042988458.74_20150728002308-00103-ip-10-236-191-2_666285279_1.csv,0,50,10.0,0.15,500,24,156,500,True,False,False,156,0,156,0.125,0.017972681524083392,,,False,0,0.01907247118651867,0.0008262810297310352,0.00021379487589001656,0.018032395280897617,1.3895798474550247e-05,0.01899740006774664,0.0015078443102538586,0.03959339391440153
tier_10k,500,0_1438042988458.74_20150728002308-00103-ip-10-236-191-2_666285279_1.csv,0,50,15.0,0.15,500,24,156,750,True,False,False,156,0,156,0.125,0.017972681524083392,,,False,0,0.01907247118651867,0.0008262810297310352,0.00021379487589001656,0.018032395280897617,1.7778947949409485e-05,0.027811831329017878,0.0017710709944367409,0.04867490008473396
tier_10k,500,0_1438042988458.74_20150728002308-00103-ip-10-236-191-2_666285279_1.csv,0,50,20.0,0.15,500,24,156,1000,True,False,False,156,0,156,0.125,0.017972681524083392,,,False,0,0.01907247118651867,0.0008262810297310352,0.00021379487589001656,0.018032395280897617,2.2265128791332245e-05,0.02229336416348815,0.0013632122427225113,0.04275336489081383
tier_10k,500,1_1438042987127.36_20150728002307-00144-ip-10-236-191-2_676020729_0.csv,1,10,5.0,0.15,500,3484,2202,50,False,True,True,50,10,50,0.6,0.7763157894736842,0.8163265306122449,36.105926156044006,True,3,0.27060854295268655,0.00276785995811224,0.002537962980568409,0.2653027200140059,0.004013502970337868,0.009988625068217516,0.004278326872736216,0.2888910686597228
tier_10k,500,1_1438042987127.36_20150728002307-00144-ip-10-236-191-2_676020729_0.csv,1,10,10.0,0.15,500,3484,2202,100,False,True,True,100,10,100,0.6,0.66796875,0.6923076923076923,39.718728840351105,True,3,0.27060854295268655,0.00276785995811224,0.002537962980568409,0.2653027200140059,0.00746323075145483,0.02049770997837186,0.003212148789316416,0.30178388161584735
tier_10k,500,1_1438042987127.36_20150728002307-00144-ip-10-236-191-2_676020729_0.csv,1,10,15.0,0.15,500,3484,2202,150,False,True,True,150,10,150,0.6,0.643661971830986,0.6727272727272727,42.09442710876465,True,2,0.27060854295268655,0.00276785995811224,0.002537962980568409,0.2653027200140059,0.005478661973029375,0.03591251280158758,0.0034177619963884354,0.31541970279067755
tier_10k,500,1_1438042987127.36_20150728002307-00144-ip-10-236-191-2_676020729_0.csv,1,10,20.0,0.15,500,3484,2202,200,False,True,True,200,10,200,0.6,0.6322916666666667,0.6727272727272727,42.97965270280838,True,2,0.27060854295268655,0.00276785995811224,0.002537962980568409,0.2653027200140059,0.00545713072642684,0.04588805418461561,0.003983903210610151,0.3259398387745023
tier_10k,500,1_1438042987127.36_20150728002307-00144-ip-10-236-191-2_676020729_0.csv,1,20,5.0,0.15,500,3484,2202,100,False,True,True,100,20,100,0.6,0.66796875,0.7323943661971831,71.76878452301025,True,3,0.27060854295268655,0.00276785995811224,0.002537962980568409,0.2653027200140059,0.0073380679823458195,0.020715435966849327,0.003163627814501524,0.3018279210664332
tier_10k,500,1_1438042987127.36_20150728002307-00144-ip-10-236-191-2_676020729_0.csv,1,20,10.0,0.15,500,3484,2202,200,False,True,True,200,20,200,0.6,0.6322916666666667,0.6893203883495146,78.09899368882179,True,2,0.27060854295268655,0.00276785995811224,0.002537962980568409,0.2653027200140059,0.005524598993360996,0.04300505481660366,0.0037001981399953365,0.3228404261171818
tier_10k,500,1_1438042987127.36_20150728002307-00144-ip-10-236-191-2_676020729_0.csv,1,20,15.0,0.15,500,3484,2202,300,False,True,True,300,20,300,0.6,0.6212328767123287,0.6730769230769231,85.61091089248657,True,2,0.27060854295268655,0.00276785995811224,0.002537962980568409,0.2653027200140059,0.005565501283854246,0.06553253065794706,0.004407614003866911,0.34611665830016136
tier_10k,500,1_1438042987127.36_20150728002307-00144-ip-10-236-191-2_676020729_0.csv,1,20,20.0,0.15,500,3484,2202,400,False,True,True,400,20,400,0.6,0.6078546307151231,0.6333333333333333,89.94000935554504,True,2,0.27060854295268655,0.00276785995811224,0.002537962980568409,0.2653027200140059,0.005925444420427084,0.0845319926738739,0.008425452280789614,0.3694998458959162
tier_10k,500,1_1438042987127.36_20150728002307-00144-ip-10-236-191-2_676020729_0.csv,1,30,5.0,0.15,500,3484,2202,150,False,True,True,150,30,150,0.6,0.643661971830986,0.6601307189542484,108.44999918341637,True,2,0.27060854295268655,0.00276785995811224,0.002537962980568409,0.2653027200140059,0.00819772994145751,0.05692393705248833,0.00514643220230937,0.34088463289663196
tier_10k,500,1_1438042987127.36_20150728002307-00144-ip-10-236-191-2_676020729_0.csv,1,30,10.0,0.15,500,3484,2202,300,False,True,True,300,30,300,0.6,0.6212328767123287,0.6601307189542484,118.43756645917892,True,2,0.27060854295268655,0.00276785995811224,0.002537962980568409,0.2653027200140059,0.0058030011132359505,0.11048952583223581,0.006228442303836346,0.3931323392316699
tier_10k,500,1_1438042987127.36_20150728002307-00144-ip-10-236-191-2_676020729_0.csv,1,30,15.0,0.15,500,3484,2202,450,False,True,True,450,30,450,0.6,0.593973442288049,0.6390977443609023,126.20256713032722,True,2,0.27060854295268655,0.00276785995811224,0.002537962980568409,0.2653027200140059,0.006229771301150322,0.16166965989395976,0.006659558042883873,0.44517014222219586
tier_10k,500,1_1438042987127.36_20150728002307-00144-ip-10-236-191-2_676020729_0.csv,1,30,20.0,0.15,500,3484,2202,600,False,True,True,600,30,600,0.6,0.5451084887704606,0.5,135.29753017425537,True,2,0.27060854295268655,0.00276785995811224,0.002537962980568409,0.2653027200140059,0.00626147398725152,0.13645991683006287,0.006739107891917229,0.42007166193798184
tier_10k,500,1_1438042987127.36_20150728002307-00144-ip-10-236-191-2_676020729_0.csv,1,40,5.0,0.15,500,3484,2202,200,False,True,True,200,40,200,0.6,0.6322916666666667,0.645320197044335,142.52621799707413,True,2,0.27060854295268655,0.00276785995811224,0.002537962980568409,0.2653027200140059,0.005808173678815365,0.041638526134192944,0.0037554879672825336,0.32181313587352633
tier_10k,500,1_1438042987127.36_20150728002307-00144-ip-10-236-191-2_676020729_0.csv,1,40,10.0,0.15,500,3484,2202,400,False,True,True,400,40,400,0.6,0.6078546307151231,0.6410256410256411,157.45809015631676,True,2,0.27060854295268655,0.00276785995811224,0.002537962980568409,0.2653027200140059,0.0057047270238399506,0.08925866801291704,0.005182499997317791,0.370756964199245
tier_10k,500,1_1438042987127.36_20150728002307-00144-ip-10-236-191-2_676020729_0.csv,1,40,15.0,0.15,500,3484,2202,600,False,True,True,600,40,600,0.6,0.5451084887704606,0.5051546391752577,173.00020849704742,True,2,0.27060854295268655,0.00276785995811224,0.002537962980568409,0.2653027200140059,0.005917483940720558,0.13268999010324478,0.00688209431245923,0.4161005583591759
tier_10k,500,1_1438042987127.36_20150728002307-00144-ip-10-236-191-2_676020729_0.csv,1,40,20.0,0.15,500,3484,2202,800,False,True,True,800,40,800,0.6,0.4602132895816243,0.3942307692307692,180.94843620061874,True,2,0.27060854295268655,0.00276785995811224,0.002537962980568409,0.2653027200140059,0.006111382972449064,0.17722372617572546,0.010129613801836967,0.4640758140012622
tier_10k,500,1_1438042987127.36_20150728002307-00144-ip-10-236-191-2_676020729_0.csv,1,50,5.0,0.15,500,3484,2202,250,False,True,True,250,50,250,0.6,0.6256198347107438,0.6363636363636364,182.56990239024162,True,2,0.27060854295268655,0.00276785995811224,0.002537962980568409,0.2653027200140059,0.0055557177402079105,0.05289133312180638,0.0048614670522511005,0.33392006857320666
tier_10k,500,1_1438042987127.36_20150728002307-00144-ip-10-236-191-2_676020729_0.csv,1,50,10.0,0.15,500,3484,2202,500,False,True,True,500,50,500,0.6,0.5796839729119638,0.6042553191489362,193.94605487585068,True,2,0.27060854295268655,0.00276785995811224,0.002537962980568409,0.2653027200140059,0.0062067569233477116,0.10740552004426718,0.006084886845201254,0.3903082339093089
tier_10k,500,1_1438042987127.36_20150728002307-00144-ip-10-236-191-2_676020729_0.csv,1,50,15.0,0.15,500,3484,2202,750,False,True,True,750,50,750,0.6,0.47930730848253594,0.3940520446096654,218.35028105974197,True,2,0.27060854295268655,0.00276785995811224,0.002537962980568409,0.2653027200140059,0.006100795231759548,0.15742324199527502,0.008638483006507158,0.44277359638363123
tier_10k,500,1_1438042987127.36_20150728002307-00144-ip-10-236-191-2_676020729_0.csv,1,50,20.0,0.15,500,3484,2202,1000,False,True,True,1000,50,1000,0.6,0.38575134703651964,0.32269503546099293,225.33696579933167,True,3,0.27060854295268655,0.00276785995811224,0.002537962980568409,0.2653027200140059,0.008179498836398125,0.2108313082717359,0.009356706868857145,0.4989783288910985
tier_10k,500,0_1438042988061.16_20150728002308-00282-ip-10-236-191-2_894007386_3.csv,0,10,5.0,0.15,500,393,400,50,False,True,True,50,10,50,0.6,0.614406779661017,0.6,19.224753677845,True,2,0.049617528449743986,0.0014614169485867023,0.000818147324025631,0.04733796417713165,0.0006249942816793919,0.0019447598606348038,0.0036953859962522984,0.05588476359844208
tier_10k,500,0_1438042988061.16_20150728002308-00282-ip-10-236-191-2_894007386_3.csv,0,10,10.0,0.15,500,393,400,100,False,True,True,100,10,100,0.6,0.5276381909547738,0.5925925925925926,19.24947065114975,True,2,0.049617528449743986,0.0014614169485867023,0.000818147324025631,0.04733796417713165,0.0009914711117744446,0.006106287706643343,0.003213311079889536,0.05993086053058505
tier_10k,500,0_1438042988061.16_20150728002308-00282-ip-10-236-191-2_894007386_3.csv,0,10,15.0,0.15,500,393,400,150,False,True,True,150,10,150,0.6,0.4207492795389049,0.5925925925925926,19.24947065114975,True,3,0.049617528449743986,0.0014614169485867023,0.000818147324025631,0.04733796417713165,0.001339451875537634,0.008463338017463684,0.003861064091324806,0.06328349048271775
tier_10k,500,0_1438042988061.16_20150728002308-00282-ip-10-236-191-2_894007386_3.csv,0,10,20.0,0.15,500,393,400,200,False,True,True,200,10,200,0.6,0.35720680393912263,0.5925925925925926,19.24947065114975,True,2,0.049617528449743986,0.0014614169485867023,0.000818147324025631,0.04733796417713165,0.0010362816974520683,0.009563942905515432,0.004596506245434284,0.06481637852266431
tier_10k,500,0_1438042988061.16_20150728002308-00282-ip-10-236-191-2_894007386_3.csv,0,20,5.0,0.15,500,393,400,100,False,True,True,100,20,100,0.6,0.5276381909547738,0.58,38.12419492006302,True,2,0.049617528449743986,0.0014614169485867023,0.000818147324025631,0.04733796417713165,0.0009656590409576893,0.005929697770625353,0.0033408738672733307,0.05985585926100612
tier_10k,500,0_1438042988061.16_20150728002308-00282-ip-10-236-191-2_894007386_3.csv,0,20,10.0,0.15,500,393,400,200,False,True,True,200,20,200,0.6,0.35720680393912263,0.5533980582524272,38.129732608795166,True,2,0.049617528449743986,0.0014614169485867023,0.000818147324025631,0.04733796417713165,0.0010391892865300179,0.009714148938655853,0.004285882227122784,0.06465888628736138
tier_10k,500,0_1438042988061.16_20150728002308-00282-ip-10-236-191-2_894007386_3.csv,0,20,15.0,0.15,500,393,400,300,False,True,True,300,20,300,0.6,0.29715127701375244,0.5333333333333333,38.14056318998337,True,2,0.049617528449743986,0.0014614169485867023,0.000818147324025631,0.04733796417713165,0.0011969818733632565,0.012975262012332678,0.0059506092220544815,0.06974268844351172
tier_10k,500,0_1438042988061.16_20150728002308-00282-ip-10-236-191-2_894007386_3.csv,0,20,20.0,0.15,500,393,400,400,True,True,True,400,20,400,0.6,0.22918843608498782,0.5094339622641509,38.16680520772934,False,0,0.049617528449743986,0.0014614169485867023,0.000818147324025631,0.04733796417713165,4.358729347586632e-05,0.01603890210390091,0.011765120085328817,0.07746748439967632
tier_10k,500,0_1438042988061.16_20150728002308-00282-ip-10-236-191-2_894007386_3.csv,0,30,5.0,0.15,500,393,400,150,False,True,True,150,30,150,0.6,0.4207492795389049,0.5694444444444444,56.807289838790894,True,3,0.049617528449743986,0.0014614169485867023,0.000818147324025631,0.04733796417713165,0.000863413792103529,0.004564129747450352,0.0037340661510825157,0.058781083673238754
tier_10k,500,0_1438042988061.16_20150728002308-00282-ip-10-236-191-2_894007386_3.csv,0,30,10.0,0.15,500,393,400,300,False,True,True,300,30,300,0.6,0.29715127701375244,0.5163398692810458,56.87475574016571,True,2,0.049617528449743986,0.0014614169485867023,0.000818147324025631,0.04733796417713165,0.001111440360546112,0.012692509219050407,0.006204691715538502,0.06962831551209092
tier_10k,500,0_1438042988061.16_20150728002308-00282-ip-10-236-191-2_894007386_3.csv,0,30,15.0,0.15,500,393,400,450,True,True,True,400,30,400,0.6,0.22918843608498782,0.49673202614379086,56.91382771730423,False,0,0.049617528449743986,0.0014614169485867023,0.000818147324025631,0.04733796417713165,4.7744251787662506e-05,0.01643271930515766,0.0053298440761864185,0.07143000513315201
tier_10k,500,0_1438042988061.16_20150728002308-00282-ip-10-236-191-2_894007386_3.csv,0,30,20.0,0.15,500,393,400,600,True,True,True,400,30,400,0.6,0.22918843608498782,0.49673202614379086,56.91382771730423,False,0,0.049617528449743986,0.0014614169485867023,0.000818147324025631,0.04733796417713165,4.3593812733888626e-05,0.01611208636313677,0.005251225084066391,0.07102665770798922
tier_10k,500,0_1438042988061.16_20150728002308-00282-ip-10-236-191-2_894007386_3.csv,0,40,5.0,0.15,500,393,400,200,False,True,True,200,40,200,0.6,0.35720680393912263,0.49760765550239233,75.41337549686432,True,2,0.049617528449743986,0.0014614169485867023,0.000818147324025631,0.04733796417713165,0.0010754019021987915,0.009696140419691801,0.0043892948888242245,0.06478041131049395
tier_10k,500,0_1438042988061.16_20150728002308-00282-ip-10-236-191-2_894007386_3.csv,0,40,10.0,0.15,500,393,400,400,True,True,True,400,40,400,0.6,0.22918843608498782,0.4597156398104265,75.53843486309052,False,0,0.049617528449743986,0.0014614169485867023,0.000818147324025631,0.04733796417713165,3.522587940096855e-05,0.02008825121447444,0.005158151965588331,0.07490145741030574
tier_10k,500,0_1438042988061.16_20150728002308-00282-ip-10-236-191-2_894007386_3.csv,0,40,15.0,0.15,500,393,400,600,True,True,True,400,40,400,0.6,0.22918843608498782,0.4597156398104265,75.53843486309052,False,0,0.049617528449743986,0.0014614169485867023,0.000818147324025631,0.04733796417713165,4.4241081923246384e-05,0.01705679902806878,0.004754051100462675,0.07147474633529782
tier_10k,500,0_1438042988061.16_20150728002308-00282-ip-10-236-191-2_894007386_3.csv,0,40,20.0,0.15,500,393,400,800,True,True,True,400,40,400,0.6,0.22918843608498782,0.4597156398104265,75.53843486309052,False,0,0.049617528449743986,0.0014614169485867023,0.000818147324025631,0.04733796417713165,4.3482985347509384e-05,0.01704830676317215,0.004931023344397545,0.07164257019758224
tier_10k,500,0_1438042988061.16_20150728002308-00282-ip-10-236-191-2_894007386_3.csv,0,50,5.0,0.15,500,393,400,250,False,True,True,250,50,250,0.6,0.3199310740953475,0.51171875,93.79027879238129,True,2,0.049617528449743986,0.0014614169485867023,0.000818147324025631,0.04733796417713165,0.0011040689423680305,0.009393071290105581,0.004933751188218594,0.06505053769797087
tier_10k,500,0_1438042988061.16_20150728002308-00282-ip-10-236-191-2_894007386_3.csv,0,50,10.0,0.15,500,393,400,500,True,True,True,400,50,400,0.6,0.22918843608498782,0.4448669201520912,94.03577435016632,False,0,0.049617528449743986,0.0014614169485867023,0.000818147324025631,0.04733796417713165,4.295399412512779e-05,0.015182394068688154,0.005207649897783995,0.0700526162981987
tier_10k,500,0_1438042988061.16_20150728002308-00282-ip-10-236-191-2_894007386_3.csv,0,50,15.0,0.15,500,393,400,750,True,True,True,400,50,400,0.6,0.22918843608498782,0.4448669201520912,94.03577435016632,False,0,0.049617528449743986,0.0014614169485867023,0.000818147324025631,0.04733796417713165,4.316307604312897e-05,0.018637980800122023,0.004525071941316128,0.07282587047666311
tier_10k,500,0_1438042988061.16_20150728002308-00282-ip-10-236-191-2_894007386_3.csv,0,50,20.0,0.15,500,393,400,1000,True,True,True,400,50,400,0.6,0.22918843608498782,0.4448669201520912,94.03577435016632,False,0,0.049617528449743986,0.0014614169485867023,0.000818147324025631,0.04733796417713165,4.3471809476614e-05,0.015445501077920198,0.004732443019747734,0.0698411213234067
tier_10k,500,0_1438042988458.74_20150728002308-00249-ip-10-236-191-2_328699461_4.csv,2,10,5.0,0.15,500,6776,3086,50,False,True,True,50,10,50,0.6,0.9983093829247676,0.9851851851851852,20.695775032043457,True,1,0.3939391588792205,0.009334473870694637,0.0037659811787307262,0.3808387038297951,0.003247919026762247,0.005229528993368149,0.0040631662122905254,0.40648175589740276
tier_10k,500,0_1438042988458.74_20150728002308-00249-ip-10-236-191-2_328699461_4.csv,2,10,10.0,0.15,500,6776,3086,100,False,True,True,100,10,100,0.6,0.9985621854780733,0.9787234042553191,21.592884182929993,True,1,0.3939391588792205,0.009334473870694637,0.0037659811787307262,0.3808387038297951,0.005525962915271521,0.01061962777748704,0.0037046107463538647,0.4137915405444801
tier_10k,500,0_1438042988458.74_20150728002308-00249-ip-10-236-191-2_328699461_4.csv,2,10,15.0,0.15,500,6776,3086,150,False,True,True,150,10,150,0.6,0.9986639946559787,0.972972972972973,21.72609692811966,True,1,0.3939391588792205,0.009334473870694637,0.0037659811787307262,0.3808387038297951,0.005378720350563526,0.01572655327618122,0.004227868281304836,0.4192744689062238
tier_10k,500,0_1438042988458.74_20150728002308-00249-ip-10-236-191-2_328699461_4.csv,2,10,20.0,0.15,500,6776,3086,200,False,True,True,200,10,200,0.6,0.9987476518472135,0.972972972972973,21.72609692811966,True,1,0.3939391588792205,0.009334473870694637,0.0037659811787307262,0.3808387038297951,0.005369169171899557,0.02115539275109768,0.004498329013586044,0.42496430687606335
tier_10k,500,0_1438042988458.74_20150728002308-00249-ip-10-236-191-2_328699461_4.csv,2,20,5.0,0.15,500,6776,3086,100,False,True,True,100,20,100,0.6,0.9985621854780733,0.9852941176470589,41.96963894367218,True,1,0.3939391588792205,0.009334473870694637,0.0037659811787307262,0.3808387038297951,0.005507369991391897,0.009881553705781698,0.003735146950930357,0.41306533850729465
tier_10k,500,0_1438042988458.74_20150728002308-00249-ip-10-236-191-2_328699461_4.csv,2,20,10.0,0.15,500,6776,3086,200,False,True,True,200,20,200,0.6,0.9987476518472135,0.9844961240310077,42.38449704647064,True,1,0.3939391588792205,0.009334473870694637,0.0037659811787307262,0.3808387038297951,0.00561147416010499,0.020201376639306545,0.004663876257836819,0.4244182128459215
tier_10k,500,0_1438042988458.74_20150728002308-00249-ip-10-236-191-2_328699461_4.csv,2,20,15.0,0.15,500,6776,3086,300,False,True,True,300,20,300,0.6,0.9716535433070866,0.8269230769230769,49.20272123813629,True,3,0.3939391588792205,0.009334473870694637,0.0037659811787307262,0.3808387038297951,0.009757967200130224,0.028154226019978523,0.0065551940351724625,0.4384091729298234
tier_10k,500,0_1438042988458.74_20150728002308-00249-ip-10-236-191-2_328699461_4.csv,2,20,20.0,0.15,500,6776,3086,400,False,True,True,400,20,400,0.6,0.9422712933753943,0.7802197802197802,52.21384900808334,True,4,0.3939391588792205,0.009334473870694637,0.0037659811787307262,0.3808387038297951,0.010179336182773113,0.04070170223712921,0.008216604124754667,0.4530392000451684
tier_10k,500,0_1438042988458.74_20150728002308-00249-ip-10-236-191-2_328699461_4.csv,2,30,5.0,0.15,500,6776,3086,150,False,True,True,150,30,150,0.6,0.9986639946559787,0.9883040935672515,62.53954327106476,True,1,0.3939391588792205,0.009334473870694637,0.0037659811787307262,0.3808387038297951,0.005474246107041836,0.014928375836461782,0.003646859899163246,0.41799089778214693
tier_10k,500,0_1438042988458.74_20150728002308-00249-ip-10-236-191-2_328699461_4.csv,2,30,10.0,0.15,500,6776,3086,300,False,True,True,300,30,300,0.6,0.9716535433070866,0.9163763066202091,70.63168513774872,True,3,0.3939391588792205,0.009334473870694637,0.0037659811787307262,0.3808387038297951,0.009386783000081778,0.028210357762873173,0.007946798112243414,0.4394852821715176
tier_10k,500,0_1438042988458.74_20150728002308-00249-ip-10-236-191-2_328699461_4.csv,2,30,15.0,0.15,500,6776,3086,450,False,True,True,450,30,450,0.6,0.9290631547440886,0.7985611510791367,74.98845952749252,True,4,0.3939391588792205,0.009334473870694637,0.0037659811787307262,0.3808387038297951,0.010230403393507004,0.04294953215867281,0.008445589803159237,0.45556668983772397
tier_10k,500,0_1438042988458.74_20150728002308-00249-ip-10-236-191-2_328699461_4.csv,2,30,20.0,0.15,500,6776,3086,600,False,True,True,600,30,600,0.6,0.8964227262099602,0.8604651162790697,75.06712371110916,True,4,0.3939391588792205,0.009334473870694637,0.0037659811787307262,0.3808387038297951,0.009312669280916452,0.0579790030606091,0.012271498329937458,0.4735045460984111
tier_10k,500,0_1438042988458.74_20150728002308-00249-ip-10-236-191-2_328699461_4.csv,2,40,5.0,0.15,500,6776,3086,200,False,True,True,200,40,200,0.6,0.9987476518472135,0.9909502262443439,82.55746001005173,True,1,0.3939391588792205,0.009334473870694637,0.0037659811787307262,0.3808387038297951,0.004963238723576069,0.03577914508059621,0.005204977933317423,0.4398892098106444
tier_10k,500,0_1438042988458.74_20150728002308-00249-ip-10-236-191-2_328699461_4.csv,2,40,10.0,0.15,500,6776,3086,400,False,True,True,400,40,400,0.6,0.9422712933753943,0.8766233766233766,95.98350369930267,True,4,0.3939391588792205,0.009334473870694637,0.0037659811787307262,0.3808387038297951,0.01258874498307705,0.040093664079904556,0.008154419716447592,0.4547783569432795
tier_10k,500,0_1438042988458.74_20150728002308-00249-ip-10-236-191-2_328699461_4.csv,2,40,15.0,0.15,500,6776,3086,600,False,True,True,600,40,600,0.6,0.8964227262099602,0.8628428927680798,96.79625046253204,True,4,0.3939391588792205,0.009334473870694637,0.0037659811787307262,0.3808387038297951,0.0103478510864079,0.060426057782024145,0.016348719131201506,0.48106398480013013
tier_10k,500,0_1438042988458.74_20150728002308-00249-ip-10-236-191-2_328699461_4.csv,2,40,20.0,0.15,500,6776,3086,800,False,True,True,800,40,800,0.6,0.8493754592211609,0.615,118.99644374847412,True,3,0.3939391588792205,0.009334473870694637,0.0037659811787307262,0.3808387038297951,0.007658804766833782,0.07699773507192731,0.017205072101205587,0.4958032788708806
tier_10k,500,0_1438042988458.74_20150728002308-00249-ip-10-236-191-2_328699461_4.csv,2,50,5.0,0.15,500,6776,3086,250,False,True,True,250,50,250,0.6,0.9913400182315406,0.9784172661870504,103.31520479917526,True,3,0.3939391588792205,0.009334473870694637,0.0037659811787307262,0.3808387038297951,0.006635870784521103,0.024354638066142797,0.005058895796537399,0.42999044992029667
tier_10k,500,0_1438042988458.74_20150728002308-00249-ip-10-236-191-2_328699461_4.csv,2,50,10.0,0.15,500,6776,3086,500,False,True,True,500,50,500,0.6,0.9169444444444445,0.8821989528795812,117.79509329795837,True,4,0.3939391588792205,0.009334473870694637,0.0037659811787307262,0.3808387038297951,0.010398459155112505,0.048023573122918606,0.010192166082561016,0.4625555947422981
tier_10k,500,0_1438042988458.74_20150728002308-00249-ip-10-236-191-2_328699461_4.csv,2,50,15.0,0.15,500,6776,3086,750,False,True,True,750,50,750,0.6,0.862015802659472,0.7676537585421412,141.2917396426201,True,3,0.3939391588792205,0.009334473870694637,0.0037659811787307262,0.3808387038297951,0.007807547692209482,0.0680687241256237,0.016148407943546772,0.48596603656187654
tier_10k,500,0_1438042988458.74_20150728002308-00249-ip-10-236-191-2_328699461_4.csv,2,50,20.0,0.15,500,6776,3086,1000,False,True,True,1000,50,1000,0.6,0.7980182926829268,0.6239669421487604,147.89952617883682,True,3,0.3939391588792205,0.009334473870694637,0.0037659811787307262,0.3808387038297951,0.007291427813470364,0.09714605286717415,0.011352206114679575,0.5097309220582247
tier_10k,500,1_1438042990112.50_20150728002310-00273-ip-10-236-191-2_869240800_0.csv,1,10,5.0,0.15,500,2,192,50,False,False,False,50,0,50,0.06,0.025423728813559324,,,True,2,0.02844436326995492,0.0034754578955471516,0.00048321206122636795,0.0244856933131814,0.0003475393168628216,0.003179448191076517,0.0013760351575911045,0.03334914846345782
tier_10k,500,1_1438042990112.50_20150728002310-00273-ip-10-236-191-2_869240800_0.csv,1,10,10.0,0.15,500,2,192,100,False,False,False,100,0,100,0.06,0.012048192771084338,,,True,2,0.02844436326995492,0.0034754578955471516,0.00048321206122636795,0.0244856933131814,0.0003167991526424885,0.00560985691845417,0.0010420517064630985,0.03541453229263425
tier_10k,500,1_1438042990112.50_20150728002310-00273-ip-10-236-191-2_869240800_0.csv,1,10,15.0,0.15,500,2,192,150,False,False,False,150,0,150,0.06,0.006322444678609062,,,True,2,0.02844436326995492,0.0034754578955471516,0.00048321206122636795,0.0244856933131814,0.00032566674053668976,0.008076908998191357,0.0011912905611097813,0.03803957998752594
tier_10k,500,1_1438042990112.50_20150728002310-00273-ip-10-236-191-2_869240800_0.csv,1,10,20.0,0.15,500,2,192,200,True,False,False,192,0,192,0.06,0.0023428348301444747,,,False,0,0.02844436326995492,0.0034754578955471516,0.00048321206122636795,0.0244856933131814,1.593027263879776e-05,0.010014846920967102,0.0014806841500103474,0.03995712799951434
tier_10k,500,1_1438042990112.50_20150728002310-00273-ip-10-236-191-2_869240800_0.csv,1,20,5.0,0.15,500,2,192,100,False,False,False,100,0,100,0.06,0.012048192771084338,,,True,2,0.02844436326995492,0.0034754578955471516,0.00048321206122636795,0.0244856933131814,0.00031330762431025505,0.005389839876443148,0.0010227281600236893,0.03517175745218992
tier_10k,500,1_1438042990112.50_20150728002310-00273-ip-10-236-191-2_869240800_0.csv,1,20,10.0,0.15,500,2,192,200,True,False,False,192,0,192,0.06,0.0023428348301444747,,,False,0,0.02844436326995492,0.0034754578955471516,0.00048321206122636795,0.0244856933131814,1.5591271221637726e-05,0.009878515265882015,0.001482298132032156,0.03982194000855088
tier_10k,500,1_1438042990112.50_20150728002310-00273-ip-10-236-191-2_869240800_0.csv,1,20,15.0,0.15,500,2,192,300,True,False,False,192,0,192,0.06,0.0023428348301444747,,,False,0,0.02844436326995492,0.0034754578955471516,0.00048321206122636795,0.0244856933131814,1.612165942788124e-05,0.009904575068503618,0.0014296229928731918,0.03979617124423385
tier_10k,500,1_1438042990112.50_20150728002310-00273-ip-10-236-191-2_869240800_0.csv,1,20,20.0,0.15,500,2,192,400,True,False,False,192,0,192,0.06,0.0023428348301444747,,,False,0,0.02844436326995492,0.0034754578955471516,0.00048321206122636795,0.0244856933131814,1.61733478307724e-05,0.009904759004712105,0.0013023498468101025,0.039669010322541
tier_10k,500,1_1438042990112.50_20150728002310-00273-ip-10-236-191-2_869240800_0.csv,1,30,5.0,0.15,500,2,192,150,False,False,False,150,0,150,0.06,0.006322444678609062,,,True,2,0.02844436326995492,0.0034754578955471516,0.00048321206122636795,0.0244856933131814,0.0003244192339479923,0.007806707173585892,0.0011401670053601265,0.03771706949919462
tier_10k,500,1_1438042990112.50_20150728002310-00273-ip-10-236-191-2_869240800_0.csv,1,30,10.0,0.15,500,2,192,300,True,False,False,192,0,192,0.06,0.0023428348301444747,,,False,0,0.02844436326995492,0.0034754578955471516,0.00048321206122636795,0.0244856933131814,1.5308614820241928e-05,0.00991778401657939,0.0013527357950806618,0.039731367491185665
tier_10k,500,1_1438042990112.50_20150728002310-00273-ip-10-236-191-2_869240800_0.csv,1,30,15.0,0.15,500,2,192,450,True,False,False,192,0,192,0.06,0.0023428348301444747,,,False,0,0.02844436326995492,0.0034754578955471516,0.00048321206122636795,0.0244856933131814,1.643691211938858e-05,0.009902169927954674,0.0014845752157270908,0.03984892321750522
tier_10k,500,1_1438042990112.50_20150728002310-00273-ip-10-236-191-2_869240800_0.csv,1,30,20.0,0.15,500,2,192,600,True,False,False,192,0,192,0.06,0.0023428348301444747,,,False,0,0.02844436326995492,0.0034754578955471516,0.00048321206122636795,0.0244856933131814,1.633400097489357e-05,0.00992366997525096,0.0012884312309324741,0.03967421827837825
tier_10k,500,1_1438042990112.50_20150728002310-00273-ip-10-236-191-2_869240800_0.csv,1,40,5.0,0.15,500,2,192,200,True,False,False,192,0,192,0.06,0.0023428348301444747,,,False,0,0.02844436326995492,0.0034754578955471516,0.00048321206122636795,0.0244856933131814,1.5000812709331512e-05,0.008890584111213684,0.0013848901726305485,0.03873625909909606
tier_10k,500,1_1438042990112.50_20150728002310-00273-ip-10-236-191-2_869240800_0.csv,1,40,10.0,0.15,500,2,192,400,True,False,False,192,0,192,0.06,0.0023428348301444747,,,False,0,0.02844436326995492,0.0034754578955471516,0.00048321206122636795,0.0244856933131814,1.6076955944299698e-05,0.00988633232191205,0.001333956141024828,0.03968213312327862
tier_10k,500,1_1438042990112.50_20150728002310-00273-ip-10-236-191-2_869240800_0.csv,1,40,15.0,0.15,500,2,192,600,True,False,False,192,0,192,0.06,0.0023428348301444747,,,False,0,0.02844436326995492,0.0034754578955471516,0.00048321206122636795,0.0244856933131814,1.6380567103624344e-05,0.009889830835163593,0.001156521961092949,0.039508555084466934
tier_10k,500,1_1438042990112.50_20150728002310-00273-ip-10-236-191-2_869240800_0.csv,1,40,20.0,0.15,500,2,192,800,True,False,False,192,0,192,0.06,0.0023428348301444747,,,False,0,0.02844436326995492,0.0034754578955471516,0.00048321206122636795,0.0244856933131814,1.6456935554742813e-05,0.00989470211789012,0.0014625731855630875,0.0398195693269372
tier_10k,500,1_1438042990112.50_20150728002310-00273-ip-10-236-191-2_869240800_0.csv,1,50,5.0,0.15,500,2,192,250,True,False,False,192,0,192,0.06,0.0023428348301444747,,,False,0,0.02844436326995492,0.0034754578955471516,0.00048321206122636795,0.0244856933131814,1.7203856259584427e-05,0.00981296319514513,0.0013547786511480808,0.039630747865885496
tier_10k,500,1_1438042990112.50_20150728002310-00273-ip-10-236-191-2_869240800_0.csv,1,50,10.0,0.15,500,2,192,500,True,False,False,192,0,192,0.06,0.0023428348301444747,,,False,0,0.02844436326995492,0.0034754578955471516,0.00048321206122636795,0.0244856933131814,1.6523990780115128e-05,0.009153288323432207,0.0014494271017611027,0.03907281532883644
tier_10k,500,1_1438042990112.50_20150728002310-00273-ip-10-236-191-2_869240800_0.csv,1,50,15.0,0.15,500,2,192,750,True,False,False,192,0,192,0.06,0.0023428348301444747,,,False,0,0.02844436326995492,0.0034754578955471516,0.00048321206122636795,0.0244856933131814,1.6958918422460556e-05,0.009912929031997919,0.0013132249005138874,0.03968899743631482
tier_10k,500,1_1438042990112.50_20150728002310-00273-ip-10-236-191-2_869240800_0.csv,1,50,20.0,0.15,500,2,192,1000,True,False,False,192,0,192,0.06,0.0023428348301444747,,,False,0,0.02844436326995492,0.0034754578955471516,0.00048321206122636795,0.0244856933131814,1.6343779861927032e-05,0.009907590225338936,0.0013393079861998558,0.03970910329371691
tier_10k,500,0_1438042988061.16_20150728002308-00096-ip-10-236-191-2_895004754_0.csv,0,10,5.0,0.15,500,1,167,50,False,True,True,50,10,50,0.6666666666666666,0.038461538461538464,0.16666666666666666,18.33923774957657,True,2,0.02229444310069084,0.003272314090281725,0.00023291492834687233,0.018789214082062244,0.0002321256324648857,0.0021473909728229046,0.0037853275425732136,0.028460843954235315
tier_10k,500,0_1438042988061.16_20150728002308-00096-ip-10-236-191-2_895004754_0.csv,0,10,10.0,0.15,500,1,167,100,False,True,True,100,10,100,0.6666666666666666,0.019138755980861243,0.16666666666666666,18.519294559955597,True,2,0.02229444310069084,0.003272314090281725,0.00023291492834687233,0.018789214082062244,0.0004424452781677246,0.006159704644232988,0.0026409560814499855,0.03153949789702892
tier_10k,500,0_1438042988061.16_20150728002308-00096-ip-10-236-191-2_895004754_0.csv,0,10,15.0,0.15,500,1,167,150,False,True,True,150,10,150,0.6666666666666666,0.010554089709762533,0.15384615384615385,18.53739285469055,True,2,0.02229444310069084,0.003272314090281725,0.00023291492834687233,0.018789214082062244,0.00047527113929390907,0.010554569773375988,0.005777156911790371,0.03910355130210519
tier_10k,500,0_1438042988061.16_20150728002308-00096-ip-10-236-191-2_895004754_0.csv,0,10,20.0,0.15,500,1,167,200,True,True,True,167,10,167,0.6666666666666666,0.00847457627118644,0.15384615384615385,18.53739285469055,False,0,0.02229444310069084,0.003272314090281725,0.00023291492834687233,0.018789214082062244,2.0493287593126297e-05,0.009930171072483063,0.005720450077205896,0.03796769306063652
tier_10k,500,0_1438042988061.16_20150728002308-00096-ip-10-236-191-2_895004754_0.csv,0,20,5.0,0.15,500,1,167,100,False,False,False,100,0,100,0.6666666666666666,0.019138755980861243,,,True,2,0.02229444310069084,0.003272314090281725,0.00023291492834687233,0.018789214082062244,0.0004353318363428116,0.0070947869680821896,0.0007929019629955292,0.030619276221841574
tier_10k,500,0_1438042988061.16_20150728002308-00096-ip-10-236-191-2_895004754_0.csv,0,20,10.0,0.15,500,1,167,200,True,False,False,167,0,167,0.6666666666666666,0.00847457627118644,,,False,0,0.02229444310069084,0.003272314090281725,0.00023291492834687233,0.018789214082062244,1.3674143701791763e-05,0.007112319115549326,0.0009585581719875336,0.030380274169147015
tier_10k,500,0_1438042988061.16_20150728002308-00096-ip-10-236-191-2_895004754_0.csv,0,20,15.0,0.15,500,1,167,300,True,False,False,167,0,167,0.6666666666666666,0.00847457627118644,,,False,0,0.02229444310069084,0.003272314090281725,0.00023291492834687233,0.018789214082062244,1.35861337184906e-05,0.007117705885320902,0.0011779270134866238,0.03060492780059576
tier_10k,500,0_1438042988061.16_20150728002308-00096-ip-10-236-191-2_895004754_0.csv,0,20,20.0,0.15,500,1,167,400,True,False,False,167,0,167,0.6666666666666666,0.00847457627118644,,,False,0,0.02229444310069084,0.003272314090281725,0.00023291492834687233,0.018789214082062244,1.3944227248430252e-05,0.007107072044163942,0.0009557409211993217,0.03037255583330989
tier_10k,500,0_1438042988061.16_20150728002308-00096-ip-10-236-191-2_895004754_0.csv,0,30,5.0,0.15,500,1,167,150,False,False,False,150,0,150,0.6666666666666666,0.010554089709762533,,,True,2,0.02229444310069084,0.003272314090281725,0.00023291492834687233,0.018789214082062244,0.0002864440903067589,0.006507403217256069,0.0009113699197769165,0.03000116813927889
tier_10k,500,0_1438042988061.16_20150728002308-00096-ip-10-236-191-2_895004754_0.csv,0,30,10.0,0.15,500,1,167,300,True,False,False,167,0,167,0.6666666666666666,0.00847457627118644,,,False,0,0.02229444310069084,0.003272314090281725,0.00023291492834687233,0.018789214082062244,1.4118850231170654e-05,0.007323404774069786,0.0011606626212596893,0.030793987214565277
tier_10k,500,0_1438042988061.16_20150728002308-00096-ip-10-236-191-2_895004754_0.csv,0,30,15.0,0.15,500,1,167,450,True,False,False,167,0,167,0.6666666666666666,0.00847457627118644,,,False,0,0.02229444310069084,0.003272314090281725,0.00023291492834687233,0.018789214082062244,1.3973098248243332e-05,0.007094680331647396,0.0011340617202222347,0.030538445338606834
tier_10k,500,0_1438042988061.16_20150728002308-00096-ip-10-236-191-2_895004754_0.csv,0,30,20.0,0.15,500,1,167,600,True,False,False,167,0,167,0.6666666666666666,0.00847457627118644,,,False,0,0.02229444310069084,0.003272314090281725,0.00023291492834687233,0.018789214082062244,1.4500692486763e-05,0.007115618791431189,0.0012972881086170673,0.03072341624647379
tier_10k,500,0_1438042988061.16_20150728002308-00096-ip-10-236-191-2_895004754_0.csv,0,40,5.0,0.15,500,1,167,200,True,False,False,167,0,167,0.6666666666666666,0.00847457627118644,,,False,0,0.02229444310069084,0.003272314090281725,0.00023291492834687233,0.018789214082062244,1.4180317521095276e-05,0.007113167084753513,0.0009353389032185078,0.030358557123690844
tier_10k,500,0_1438042988061.16_20150728002308-00096-ip-10-236-191-2_895004754_0.csv,0,40,10.0,0.15,500,1,167,400,True,False,False,167,0,167,0.6666666666666666,0.00847457627118644,,,False,0,0.02229444310069084,0.003272314090281725,0.00023291492834687233,0.018789214082062244,1.4755409210920334e-05,0.007203767076134682,0.0008931099437177181,0.030407496262341738
tier_10k,500,0_1438042988061.16_20150728002308-00096-ip-10-236-191-2_895004754_0.csv,0,40,15.0,0.15,500,1,167,600,True,False,False,167,0,167,0.6666666666666666,0.00847457627118644,,,False,0,0.02229444310069084,0.003272314090281725,0.00023291492834687233,0.018789214082062244,1.4100223779678345e-05,0.007191304583102465,0.001212374772876501,0.03071361593902111
tier_10k,500,0_1438042988061.16_20150728002308-00096-ip-10-236-191-2_895004754_0.csv,0,40,20.0,0.15,500,1,167,800,True,False,False,167,0,167,0.6666666666666666,0.00847457627118644,,,False,0,0.02229444310069084,0.003272314090281725,0.00023291492834687233,0.018789214082062244,1.3985671103000641e-05,0.0071038356982171535,0.0009281770326197147,0.03034184407442808
tier_10k,500,0_1438042988061.16_20150728002308-00096-ip-10-236-191-2_895004754_0.csv,0,50,5.0,0.15,500,1,167,250,True,False,False,167,0,167,0.6666666666666666,0.00847457627118644,,,False,0,0.02229444310069084,0.003272314090281725,0.00023291492834687233,0.018789214082062244,1.4038756489753723e-05,0.006596868392080069,0.0011744708754122257,0.03008107515051961
tier_10k,500,0_1438042988061.16_20150728002308-00096-ip-10-236-191-2_895004754_0.csv,0,50,10.0,0.15,500,1,167,500,True,False,False,167,0,167,0.6666666666666666,0.00847457627118644,,,False,0,0.02229444310069084,0.003272314090281725,0.00023291492834687233,0.018789214082062244,1.4049001038074493e-05,0.007172618992626667,0.0009232209995388985,0.030405616853386164
tier_10k,500,0_1438042988061.16_20150728002308-00096-ip-10-236-191-2_895004754_0.csv,0,50,15.0,0.15,500,1,167,750,True,False,False,167,0,167,0.6666666666666666,0.00847457627118644,,,False,0,0.02229444310069084,0.003272314090281725,0.00023291492834687233,0.018789214082062244,1.385202631354332e-05,0.007117512170225382,0.0008981493301689625,0.030325384810566902
tier_10k,500,0_1438042988061.16_20150728002308-00096-ip-10-236-191-2_895004754_0.csv,0,50,20.0,0.15,500,1,167,1000,True,False,False,167,0,167,0.6666666666666666,0.00847457627118644,,,False,0,0.02229444310069084,0.003272314090281725,0.00023291492834687233,0.018789214082062244,1.3704411685466766e-05,0.007133398670703173,0.0009604664519429207,0.030403306242078543
tier_10k,500,1_1438042987127.36_20150728002307-00114-ip-10-236-191-2_902351685_191.csv,0,10,5.0,0.15,500,410,411,50,False,True,True,50,10,50,0.5,0.8516129032258064,0.7948717948717948,18.294734477996826,True,2,0.05441126134246588,0.0022303778678178787,0.0005378779023885727,0.051643005572259426,0.0005585001781582832,0.00159031106159091,0.004281688015908003,0.0608435976319015
tier_10k,500,1_1438042987127.36_20150728002307-00114-ip-10-236-191-2_902351685_191.csv,0,10,10.0,0.15,500,410,411,100,False,True,True,100,10,100,0.5,0.6384976525821596,0.5076923076923077,18.935283362865448,True,2,0.05441126134246588,0.0022303778678178787,0.0005378779023885727,0.051643005572259426,0.0010563330724835396,0.006018301006406546,0.003803962841629982,0.06529208039864898
tier_10k,500,1_1438042987127.36_20150728002307-00114-ip-10-236-191-2_902351685_191.csv,0,10,15.0,0.15,500,410,411,150,False,True,True,150,10,150,0.5,0.5681818181818182,0.4925373134328358,19.137392342090607,True,2,0.05441126134246588,0.0022303778678178787,0.0005378779023885727,0.051643005572259426,0.0010540559887886047,0.007971065118908882,0.0036987001076340675,0.06713726231828332
tier_10k,500,1_1438042987127.36_20150728002307-00114-ip-10-236-191-2_902351685_191.csv,0,10,20.0,0.15,500,410,411,200,False,True,True,200,10,200,0.5,0.5044687189672294,0.45714285714285713,19.18631410598755,True,3,0.05441126134246588,0.0022303778678178787,0.0005378779023885727,0.051643005572259426,0.0014445330016314983,0.009735963307321072,0.004684531129896641,0.07027835445478559
tier_10k,500,1_1438042987127.36_20150728002307-00114-ip-10-236-191-2_902351685_191.csv,0,20,5.0,0.15,500,410,411,100,False,True,True,100,20,100,0.5,0.6384976525821596,0.5163934426229508,37.597243666648865,True,2,0.05441126134246588,0.0022303778678178787,0.0005378779023885727,0.051643005572259426,0.0010103490203619003,0.0057792360894382,0.003945289179682732,0.06514843506738544
tier_10k,500,1_1438042987127.36_20150728002307-00114-ip-10-236-191-2_902351685_191.csv,0,20,10.0,0.15,500,410,411,200,False,True,True,200,20,200,0.5,0.5044687189672294,0.46616541353383456,38.09133303165436,True,3,0.05441126134246588,0.0022303778678178787,0.0005378779023885727,0.051643005572259426,0.0014321841299533844,0.009744043927639723,0.0042054071091115475,0.06979498313739896
tier_10k,500,1_1438042987127.36_20150728002307-00114-ip-10-236-191-2_902351685_191.csv,0,20,15.0,0.15,500,410,411,300,False,True,True,300,20,300,0.5,0.416866028708134,0.45588235294117646,38.12994784116745,True,3,0.05441126134246588,0.0022303778678178787,0.0005378779023885727,0.051643005572259426,0.001546977087855339,0.012024051044136286,0.005818245001137257,0.07380275055766106
tier_10k,500,1_1438042987127.36_20150728002307-00114-ip-10-236-191-2_902351685_191.csv,0,20,20.0,0.15,500,410,411,400,False,True,True,400,20,400,0.5,0.3544575725026853,0.43356643356643354,38.13946133852005,True,2,0.05441126134246588,0.0022303778678178787,0.0005378779023885727,0.051643005572259426,0.0013213129714131355,0.015854005701839924,0.0075295050628483295,0.07911825133487582
tier_10k,500,1_1438042987127.36_20150728002307-00114-ip-10-236-191-2_902351685_191.csv,0,30,5.0,0.15,500,410,411,150,False,True,True,150,30,150,0.5,0.5681818181818182,0.5027624309392266,56.656232833862305,True,2,0.05441126134246588,0.0022303778678178787,0.0005378779023885727,0.051643005572259426,0.0010426528751850128,0.006165952887386084,0.003743438981473446,0.06536534335464239
tier_10k,500,1_1438042987127.36_20150728002307-00114-ip-10-236-191-2_902351685_191.csv,0,30,10.0,0.15,500,410,411,300,False,True,True,300,30,300,0.5,0.416866028708134,0.441747572815534,56.943582236766815,True,3,0.05441126134246588,0.0022303778678178787,0.0005378779023885727,0.051643005572259426,0.0015398729592561722,0.012483661994338036,0.0058101448230445385,0.0742471213452518
tier_10k,500,1_1438042987127.36_20150728002307-00114-ip-10-236-191-2_902351685_191.csv,0,30,15.0,0.15,500,410,411,450,True,True,True,411,30,411,0.5,0.34936447956028854,0.39473684210526316,57.0047767162323,False,0,0.05441126134246588,0.0022303778678178787,0.0005378779023885727,0.051643005572259426,4.5584049075841904e-05,0.015643406193703413,0.008214396890252829,0.07831676723435521
tier_10k,500,1_1438042987127.36_20150728002307-00114-ip-10-236-191-2_902351685_191.csv,0,30,20.0,0.15,500,410,411,600,True,True,True,411,30,411,0.5,0.34936447956028854,0.39473684210526316,57.0047767162323,False,0,0.05441126134246588,0.0022303778678178787,0.0005378779023885727,0.051643005572259426,4.645204171538353e-05,0.014920918736606836,0.008171448949724436,0.07755210902541876
tier_10k,500,1_1438042987127.36_20150728002307-00114-ip-10-236-191-2_902351685_191.csv,0,40,5.0,0.15,500,410,411,200,False,True,True,200,40,200,0.5,0.5044687189672294,0.45849802371541504,75.55413466691971,True,3,0.05441126134246588,0.0022303778678178787,0.0005378779023885727,0.051643005572259426,0.0015013348311185837,0.007357482798397541,0.004437574651092291,0.06770977657288313
tier_10k,500,1_1438042987127.36_20150728002307-00114-ip-10-236-191-2_902351685_191.csv,0,40,10.0,0.15,500,410,411,400,False,True,True,400,40,400,0.5,0.3544575725026853,0.39730639730639733,75.7592933177948,True,2,0.05441126134246588,0.0022303778678178787,0.0005378779023885727,0.051643005572259426,0.0012430227361619473,0.01620051311329007,0.007708505727350712,0.0795654091052711
tier_10k,500,1_1438042987127.36_20150728002307-00114-ip-10-236-191-2_902351685_191.csv,0,40,15.0,0.15,500,410,411,600,True,True,True,411,40,411,0.5,0.34936447956028854,0.38235294117647056,75.79787278175354,False,0,0.05441126134246588,0.0022303778678178787,0.0005378779023885727,0.051643005572259426,4.552118480205536e-05,0.014657944906502962,0.008467455860227346,0.07758427737280726
tier_10k,500,1_1438042987127.36_20150728002307-00114-ip-10-236-191-2_902351685_191.csv,0,40,20.0,0.15,500,410,411,800,True,True,True,411,40,411,0.5,0.34936447956028854,0.38235294117647056,75.79787278175354,False,0,0.05441126134246588,0.0022303778678178787,0.0005378779023885727,0.051643005572259426,4.561012610793114e-05,0.015883523039519787,0.008253963198512793,0.07859638705849648
tier_10k,500,1_1438042987127.36_20150728002307-00114-ip-10-236-191-2_902351685_191.csv,0,50,5.0,0.15,500,410,411,250,False,True,True,250,50,250,0.5,0.4557774607703281,0.4235294117647059,94.34248149394989,True,2,0.05441126134246588,0.0022303778678178787,0.0005378779023885727,0.051643005572259426,0.0011666668578982353,0.009442497044801712,0.004961635917425156,0.06998415337875485
tier_10k,500,1_1438042987127.36_20150728002307-00114-ip-10-236-191-2_902351685_191.csv,0,50,10.0,0.15,500,410,411,500,True,True,True,411,50,411,0.5,0.34936447956028854,0.37628865979381443,94.54402631521225,False,0,0.05441126134246588,0.0022303778678178787,0.0005378779023885727,0.051643005572259426,4.9517955631017685e-05,0.017349401023238897,0.0077319699339568615,0.07954435423016548
tier_10k,500,1_1438042987127.36_20150728002307-00114-ip-10-236-191-2_902351685_191.csv,0,50,15.0,0.15,500,410,411,750,True,True,True,411,50,411,0.5,0.34936447956028854,0.37628865979381443,94.54402631521225,False,0,0.05441126134246588,0.0022303778678178787,0.0005378779023885727,0.051643005572259426,4.569627344608307e-05,0.015450290869921446,0.008027971256524324,0.07793739158660173
tier_10k,500,1_1438042987127.36_20150728002307-00114-ip-10-236-191-2_902351685_191.csv,0,50,20.0,0.15,500,410,411,1000,True,True,True,411,50,411,0.5,0.34936447956028854,0.37628865979381443,94.54402631521225,False,0,0.05441126134246588,0.0022303778678178787,0.0005378779023885727,0.051643005572259426,5.2345916628837585e-05,0.015870484057813883,0.008249789010733366,0.07858610432595015
tier_10k,500,1_1438042987127.36_20150728002307-00182-ip-10-236-191-2_150862475_5.csv,8,10,5.0,0.15,500,1177,977,50,False,True,True,50,10,50,0.3333333333333333,0.3855421686746988,0.4,80.29536235332489,True,2,0.1163447848521173,0.0029226019978523254,0.0010468605905771255,0.11237532226368785,0.0013094302266836166,0.024999237153679132,0.0037461589090526104,0.1464013592340052
tier_10k,500,1_1438042987127.36_20150728002307-00182-ip-10-236-191-2_150862475_5.csv,8,10,10.0,0.15,500,1177,977,100,False,True,True,100,10,100,0.3333333333333333,0.28348214285714285,0.3157894736842105,84.3482273221016,True,2,0.1163447848521173,0.0029226019978523254,0.0010468605905771255,0.11237532226368785,0.001527728047221899,0.04649672191590071,0.0036679948680102825,0.16803907183930278
tier_10k,500,1_1438042987127.36_20150728002307-00182-ip-10-236-191-2_150862475_5.csv,8,10,15.0,0.15,500,1177,977,150,False,True,True,150,10,150,0.3333333333333333,0.25358166189111747,0.2926829268292683,85.22358286380768,True,2,0.1163447848521173,0.0029226019978523254,0.0010468605905771255,0.11237532226368785,0.002408867236226797,0.07159279519692063,0.0038592838682234287,0.19420809485018253
tier_10k,500,1_1438042987127.36_20150728002307-00182-ip-10-236-191-2_150862475_5.csv,8,10,20.0,0.15,500,1177,977,200,False,True,True,200,10,200,0.3333333333333333,0.23945147679324894,0.2926829268292683,85.22358286380768,True,2,0.1163447848521173,0.0029226019978523254,0.0010468605905771255,0.11237532226368785,0.002491612918674946,0.08876142930239439,0.004633979871869087,0.21223418787121773
tier_10k,500,1_1438042987127.36_20150728002307-00182-ip-10-236-191-2_150862475_5.csv,8,20,5.0,0.15,500,1177,977,100,False,True,True,100,20,100,0.3333333333333333,0.28348214285714285,0.32323232323232326,144.81448474526405,True,2,0.1163447848521173,0.0029226019978523254,0.0010468605905771255,0.11237532226368785,0.0026562223210930824,0.048820539843291044,0.0036789393052458763,0.1715028597973287
tier_10k,500,1_1438042987127.36_20150728002307-00182-ip-10-236-191-2_150862475_5.csv,8,20,10.0,0.15,500,1177,977,200,False,True,True,200,20,200,0.3333333333333333,0.23945147679324894,0.3047619047619048,147.55318772792816,True,2,0.1163447848521173,0.0029226019978523254,0.0010468605905771255,0.11237532226368785,0.002464691177010536,0.0900122681632638,0.004666944034397602,0.21349117392674088
tier_10k,500,1_1438042987127.36_20150728002307-00182-ip-10-236-191-2_150862475_5.csv,8,20,15.0,0.15,500,1177,977,300,False,True,True,300,20,300,0.3333333333333333,0.22582872928176795,0.3047619047619048,147.58828461170197,True,2,0.1163447848521173,0.0029226019978523254,0.0010468605905771255,0.11237532226368785,0.0028613321483135223,0.13162112794816494,0.00543903186917305,0.25626870384439826
tier_10k,500,1_1438042987127.36_20150728002307-00182-ip-10-236-191-2_150862475_5.csv,8,20,20.0,0.15,500,1177,977,400,False,True,True,400,20,400,0.3333333333333333,0.21743486973947895,0.3047619047619048,147.58828461170197,True,2,0.1163447848521173,0.0029226019978523254,0.0010468605905771255,0.11237532226368785,0.0027291779406368732,0.16775038791820407,0.005649717990309,0.29247666941955686
tier_10k,500,1_1438042987127.36_20150728002307-00182-ip-10-236-191-2_150862475_5.csv,8,30,5.0,0.15,500,1177,977,150,False,True,True,150,30,150,0.3333333333333333,0.25358166189111747,0.29577464788732394,199.91322326660156,True,2,0.1163447848521173,0.0029226019978523254,0.0010468605905771255,0.11237532226368785,0.0025902045890688896,0.06947185657918453,0.004050549119710922,0.19245956791564822
tier_10k,500,1_1438042987127.36_20150728002307-00182-ip-10-236-191-2_150862475_5.csv,8,30,10.0,0.15,500,1177,977,300,False,True,True,300,30,300,0.3333333333333333,0.22582872928176795,0.2876712328767123,202.80527094006538,True,2,0.1163447848521173,0.0029226019978523254,0.0010468605905771255,0.11237532226368785,0.0026218509301543236,0.1341033549979329,0.004450722597539425,0.2575233317911625
tier_10k,500,1_1438042987127.36_20150728002307-00182-ip-10-236-191-2_150862475_5.csv,8,30,15.0,0.15,500,1177,977,450,False,True,True,450,30,450,0.3333333333333333,0.21080139372822299,0.2692307692307692,207.13404980301857,True,2,0.1163447848521173,0.0029226019978523254,0.0010468605905771255,0.11237532226368785,0.0027516507543623447,0.185059386305511,0.00667570810765028,0.3108339300379157
tier_10k,500,1_1438042987127.36_20150728002307-00182-ip-10-236-191-2_150862475_5.csv,8,30,20.0,0.15,500,1177,977,600,False,True,True,600,30,600,0.3333333333333333,0.1788353532367721,0.1509433962264151,316.0368906855583,True,2,0.1163447848521173,0.0029226019978523254,0.0010468605905771255,0.11237532226368785,0.0028270953334867954,0.28807006403803825,0.009707043878734112,0.41695180675014853
tier_10k,500,1_1438042987127.36_20150728002307-00182-ip-10-236-191-2_150862475_5.csv,8,40,5.0,0.15,500,1177,977,200,False,True,True,200,40,200,0.3333333333333333,0.23945147679324894,0.2751322751322751,249.84837266802788,True,2,0.1163447848521173,0.0029226019978523254,0.0010468605905771255,0.11237532226368785,0.0025917799212038517,0.12995191430673003,0.0045262728817760944,0.25341734290122986
tier_10k,500,1_1438042987127.36_20150728002307-00182-ip-10-236-191-2_150862475_5.csv,8,40,10.0,0.15,500,1177,977,400,False,True,True,400,40,400,0.3333333333333333,0.21743486973947895,0.2694300518134715,254.86980557441711,True,2,0.1163447848521173,0.0029226019978523254,0.0010468605905771255,0.11237532226368785,0.00273537402972579,0.2087005046196282,0.006177262868732214,0.33396070590242743
tier_10k,500,1_1438042987127.36_20150728002307-00182-ip-10-236-191-2_150862475_5.csv,8,40,15.0,0.15,500,1177,977,600,False,True,True,600,40,600,0.3333333333333333,0.1788353532367721,0.15555555555555556,404.3386780619621,True,2,0.1163447848521173,0.0029226019978523254,0.0010468605905771255,0.11237532226368785,0.002794708125293255,0.2658657068386674,0.032077470794320107,0.41708509204909205
tier_10k,500,1_1438042987127.36_20150728002307-00182-ip-10-236-191-2_150862475_5.csv,8,40,20.0,0.15,500,1177,977,800,False,True,True,800,40,800,0.3333333333333333,0.11680796662629525,0.15,404.84081095457077,True,2,0.1163447848521173,0.0029226019978523254,0.0010468605905771255,0.11237532226368785,0.00190022774040699,0.3636390077881515,0.25275943800807,0.7346456968225539
tier_10k,500,1_1438042987127.36_20150728002307-00182-ip-10-236-191-2_150862475_5.csv,8,50,5.0,0.15,500,1177,977,250,False,True,True,250,50,250,0.3333333333333333,0.23121869782971619,0.2594142259414226,300.23381036520004,True,2,0.1163447848521173,0.0029226019978523254,0.0010468605905771255,0.11237532226368785,0.0017346525564789772,0.10364219639450312,0.005099767819046974,0.22682410990819335
tier_10k,500,1_1438042987127.36_20150728002307-00182-ip-10-236-191-2_150862475_5.csv,8,50,10.0,0.15,500,1177,977,500,False,True,True,500,50,500,0.3333333333333333,0.20421136273341278,0.21243523316062177,420.4689815044403,True,2,0.1163447848521173,0.0029226019978523254,0.0010468605905771255,0.11237532226368785,0.0028819749131798744,0.2103340132161975,0.005304870195686817,0.33486861968412995
tier_10k,500,1_1438042987127.36_20150728002307-00182-ip-10-236-191-2_150862475_5.csv,8,50,15.0,0.15,500,1177,977,750,False,True,True,750,50,750,0.3333333333333333,0.13205282112845138,0.15083798882681565,483.03867387771606,True,3,0.1163447848521173,0.0029226019978523254,0.0010468605905771255,0.11237532226368785,0.0038975882343947887,0.34158215997740626,0.04624352604150772,0.508070474024862
tier_10k,500,1_1438042987127.36_20150728002307-00182-ip-10-236-191-2_150862475_5.csv,8,50,20.0,0.15,500,1177,977,1000,True,True,True,977,50,977,0.3333333333333333,0.06329977819484729,0.15083798882681565,483.03867387771606,False,0,0.1163447848521173,0.0029226019978523254,0.0010468605905771255,0.11237532226368785,8.525419980287552e-05,0.5158476918004453,0.061468031257390976,0.6937480894848704
tier_10k,500,1_1438042987127.36_20150728002307-00015-ip-10-236-191-2_372255835_10.csv,2,10,5.0,0.15,500,1,131,50,False,True,True,50,10,50,0.5,0.03076923076923077,0.15384615384615385,34.26277530193329,True,2,0.020546118263155222,0.002829927019774914,0.0004553091712296009,0.017260882072150707,0.0002664700150489807,0.004713555332273245,0.0032174191437661648,0.02874567313119769
tier_10k,500,1_1438042987127.36_20150728002307-00015-ip-10-236-191-2_372255835_10.csv,2,10,10.0,0.15,500,1,131,100,False,True,True,100,10,100,0.5,0.012307692307692308,0.15384615384615385,34.26277530193329,True,2,0.020546118263155222,0.002829927019774914,0.0004553091712296009,0.017260882072150707,0.00037385011091828346,0.012622389011085033,0.006167315877974033,0.03971181623637676
tier_10k,500,1_1438042987127.36_20150728002307-00015-ip-10-236-191-2_372255835_10.csv,2,10,15.0,0.15,500,1,131,150,True,True,True,131,10,131,0.5,0.007532956685499058,0.15384615384615385,34.26277530193329,False,0,0.020546118263155222,0.002829927019774914,0.0004553091712296009,0.017260882072150707,1.7006881535053253e-05,0.013240719214081764,0.0042890640906989574,0.0380951794795692
tier_10k,500,1_1438042987127.36_20150728002307-00015-ip-10-236-191-2_372255835_10.csv,2,10,20.0,0.15,500,1,131,200,True,True,True,131,10,131,0.5,0.007532956685499058,0.15384615384615385,34.26277530193329,False,0,0.020546118263155222,0.002829927019774914,0.0004553091712296009,0.017260882072150707,1.6645994037389755e-05,0.013973343651741743,0.004244879353791475,0.03878301428630948
tier_10k,500,1_1438042987127.36_20150728002307-00015-ip-10-236-191-2_372255835_10.csv,2,20,5.0,0.15,500,1,131,100,False,False,False,100,0,100,0.5,0.012307692307692308,,,True,2,0.020546118263155222,0.002829927019774914,0.0004553091712296009,0.017260882072150707,0.0003826492466032505,0.012139096390455961,0.0010532326996326447,0.034122972283512354
tier_10k,500,1_1438042987127.36_20150728002307-00015-ip-10-236-191-2_372255835_10.csv,2,20,10.0,0.15,500,1,131,200,True,False,False,131,0,131,0.5,0.007532956685499058,,,False,0,0.020546118263155222,0.002829927019774914,0.0004553091712296009,0.017260882072150707,1.268601045012474e-05,0.01084732823073864,0.0011671357788145542,0.03257473651319742
tier_10k,500,1_1438042987127.36_20150728002307-00015-ip-10-236-191-2_372255835_10.csv,2,20,15.0,0.15,500,1,131,300,True,False,False,131,0,131,0.5,0.007532956685499058,,,False,0,0.020546118263155222,0.002829927019774914,0.0004553091712296009,0.017260882072150707,1.2777280062437057e-05,0.010793807916343212,0.00098494254052639,0.032339169178158045
tier_10k,500,1_1438042987127.36_20150728002307-00015-ip-10-236-191-2_372255835_10.csv,2,20,20.0,0.15,500,1,131,400,True,False,False,131,0,131,0.5,0.007532956685499058,,,False,0,0.020546118263155222,0.002829927019774914,0.0004553091712296009,0.017260882072150707,1.2545846402645111e-05,0.010234118904918432,0.001158753875643015,0.03195305122062564
tier_10k,500,1_1438042987127.36_20150728002307-00015-ip-10-236-191-2_372255835_10.csv,2,30,5.0,0.15,500,1,131,150,True,False,False,131,0,131,0.5,0.007532956685499058,,,False,0,0.020546118263155222,0.002829927019774914,0.0004553091712296009,0.017260882072150707,1.1634081602096558e-05,0.010262923315167427,0.0010848329402506351,0.031906959135085344
tier_10k,500,1_1438042987127.36_20150728002307-00015-ip-10-236-191-2_372255835_10.csv,2,30,10.0,0.15,500,1,131,300,True,False,False,131,0,131,0.5,0.007532956685499058,,,False,0,0.020546118263155222,0.002829927019774914,0.0004553091712296009,0.017260882072150707,1.292489469051361e-05,0.010692238807678223,0.0011249678209424019,0.032377636060118675
tier_10k,500,1_1438042987127.36_20150728002307-00015-ip-10-236-191-2_372255835_10.csv,2,30,15.0,0.15,500,1,131,450,True,False,False,131,0,131,0.5,0.007532956685499058,,,False,0,0.020546118263155222,0.002829927019774914,0.0004553091712296009,0.017260882072150707,1.1774245649576187e-05,0.010898251086473465,0.0010443981736898422,0.032501908484846354
tier_10k,500,1_1438042987127.36_20150728002307-00015-ip-10-236-191-2_372255835_10.csv,2,30,20.0,0.15,500,1,131,600,True,False,False,131,0,131,0.5,0.007532956685499058,,,False,0,0.020546118263155222,0.002829927019774914,0.0004553091712296009,0.017260882072150707,1.1797063052654266e-05,0.010228865779936314,0.0009903409518301487,0.03177848644554615
tier_10k,500,1_1438042987127.36_20150728002307-00015-ip-10-236-191-2_372255835_10.csv,2,40,5.0,0.15,500,1,131,200,True,False,False,131,0,131,0.5,0.007532956685499058,,,False,0,0.020546118263155222,0.002829927019774914,0.0004553091712296009,0.017260882072150707,1.064501702785492e-05,0.01050890889018774,0.0012050401419401169,0.03227198822423816
tier_10k,500,1_1438042987127.36_20150728002307-00015-ip-10-236-191-2_372255835_10.csv,2,40,10.0,0.15,500,1,131,400,True,False,False,131,0,131,0.5,0.007532956685499058,,,False,0,0.020546118263155222,0.002829927019774914,0.0004553091712296009,0.017260882072150707,1.1592172086238861e-05,0.009795663878321648,0.0012052049860358238,0.03156000142917037
tier_10k,500,1_1438042987127.36_20150728002307-00015-ip-10-236-191-2_372255835_10.csv,2,40,15.0,0.15,500,1,131,600,True,False,False,131,0,131,0.5,0.007532956685499058,,,False,0,0.020546118263155222,0.002829927019774914,0.0004553091712296009,0.017260882072150707,1.1913944035768509e-05,0.010796047747135162,0.0010339501313865185,0.032389444299042225
tier_10k,500,1_1438042987127.36_20150728002307-00015-ip-10-236-191-2_372255835_10.csv,2,40,20.0,0.15,500,1,131,800,True,False,False,131,0,131,0.5,0.007532956685499058,,,False,0,0.020546118263155222,0.002829927019774914,0.0004553091712296009,0.017260882072150707,1.2564007192850113e-05,0.010809367056936026,0.0011769020929932594,0.032546325121074915
tier_10k,500,1_1438042987127.36_20150728002307-00015-ip-10-236-191-2_372255835_10.csv,2,50,5.0,0.15,500,1,131,250,True,False,False,131,0,131,0.5,0.007532956685499058,,,False,0,0.020546118263155222,0.002829927019774914,0.0004553091712296009,0.017260882072150707,1.1938158422708511e-05,0.01070746686309576,0.0011777211911976337,0.03244450502097607
tier_10k,500,1_1438042987127.36_20150728002307-00015-ip-10-236-191-2_372255835_10.csv,2,50,10.0,0.15,500,1,131,500,True,False,False,131,0,131,0.5,0.007532956685499058,,,False,0,0.020546118263155222,0.002829927019774914,0.0004553091712296009,0.017260882072150707,1.3209879398345947e-05,0.010758979246020317,0.0011028838343918324,0.03242271160706878
tier_10k,500,1_1438042987127.36_20150728002307-00015-ip-10-236-191-2_372255835_10.csv,2,50,15.0,0.15,500,1,131,750,True,False,False,131,0,131,0.5,0.007532956685499058,,,False,0,0.020546118263155222,0.002829927019774914,0.0004553091712296009,0.017260882072150707,1.177983358502388e-05,0.010799861047416925,0.0013994481414556503,0.032758637331426144
tier_10k,500,1_1438042987127.36_20150728002307-00015-ip-10-236-191-2_372255835_10.csv,2,50,20.0,0.15,500,1,131,1000,True,False,False,131,0,131,0.5,0.007532956685499058,,,False,0,0.020546118263155222,0.002829927019774914,0.0004553091712296009,0.017260882072150707,1.3045966625213623e-05,0.010619201697409153,0.0013319309800863266,0.032511808443814516
tier_10k,500,0_1438042988458.74_20150728002308-00325-ip-10-236-191-2_265100376_0.csv,0,10,5.0,0.15,500,1,180,50,False,False,False,50,0,50,0.1111111111111111,0.014598540145985401,,,True,2,0.02485922398045659,0.0032523898407816887,0.00024712877348065376,0.021359705366194248,0.0002425829879939556,0.0020973351784050465,0.001260044053196907,0.028460717760026455
tier_10k,500,0_1438042988458.74_20150728002308-00325-ip-10-236-191-2_265100376_0.csv,0,10,10.0,0.15,500,1,180,100,False,False,False,100,0,100,0.1111111111111111,0.0056657223796034,,,True,2,0.02485922398045659,0.0032523898407816887,0.00024712877348065376,0.021359705366194248,0.0003105620853602886,0.004080845974385738,0.001057775691151619,0.030309882946312428
tier_10k,500,0_1438042988458.74_20150728002308-00325-ip-10-236-191-2_265100376_0.csv,0,10,15.0,0.15,500,1,180,150,False,False,False,150,0,150,0.1111111111111111,0.0029411764705882353,,,True,2,0.02485922398045659,0.0032523898407816887,0.00024712877348065376,0.021359705366194248,0.0003090095706284046,0.005981898866593838,0.0012386213056743145,0.03239003708586097
tier_10k,500,0_1438042988458.74_20150728002308-00325-ip-10-236-191-2_265100376_0.csv,0,10,20.0,0.15,500,1,180,200,True,False,False,180,0,180,0.1111111111111111,0.0016038492381716118,,,False,0,0.02485922398045659,0.0032523898407816887,0.00024712877348065376,0.021359705366194248,1.4934223145246506e-05,0.006844443269073963,0.0012571737170219421,0.032977151684463024
tier_10k,500,0_1438042988458.74_20150728002308-00325-ip-10-236-191-2_265100376_0.csv,0,20,5.0,0.15,500,1,180,100,False,False,False,100,0,100,0.1111111111111111,0.0056657223796034,,,True,2,0.02485922398045659,0.0032523898407816887,0.00024712877348065376,0.021359705366194248,0.0002883579581975937,0.003941450733691454,0.0010843658819794655,0.03017466375604272
tier_10k,500,0_1438042988458.74_20150728002308-00325-ip-10-236-191-2_265100376_0.csv,0,20,10.0,0.15,500,1,180,200,True,False,False,180,0,180,0.1111111111111111,0.0016038492381716118,,,False,0,0.02485922398045659,0.0032523898407816887,0.00024712877348065376,0.021359705366194248,1.4842022210359573e-05,0.00721115292981267,0.0010212622582912445,0.03310768259689212
tier_10k,500,0_1438042988458.74_20150728002308-00325-ip-10-236-191-2_265100376_0.csv,0,20,15.0,0.15,500,1,180,300,True,False,False,180,0,180,0.1111111111111111,0.0016038492381716118,,,False,0,0.02485922398045659,0.0032523898407816887,0.00024712877348065376,0.021359705366194248,1.545017585158348e-05,0.0067391530610620975,0.001080663874745369,0.032695754896849394
tier_10k,500,0_1438042988458.74_20150728002308-00325-ip-10-236-191-2_265100376_0.csv,0,20,20.0,0.15,500,1,180,400,True,False,False,180,0,180,0.1111111111111111,0.0016038492381716118,,,False,0,0.02485922398045659,0.0032523898407816887,0.00024712877348065376,0.021359705366194248,1.4659948647022247e-05,0.007201964966952801,0.0012431349605321884,0.033320336136966944
tier_10k,500,0_1438042988458.74_20150728002308-00325-ip-10-236-191-2_265100376_0.csv,0,30,5.0,0.15,500,1,180,150,False,False,False,150,0,150,0.1111111111111111,0.0029411764705882353,,,True,2,0.02485922398045659,0.0032523898407816887,0.00024712877348065376,0.021359705366194248,0.00030881213024258614,0.0053991228342056274,0.0011681928299367428,0.03173668636009097
tier_10k,500,0_1438042988458.74_20150728002308-00325-ip-10-236-191-2_265100376_0.csv,0,30,10.0,0.15,500,1,180,300,True,False,False,180,0,180,0.1111111111111111,0.0016038492381716118,,,False,0,0.02485922398045659,0.0032523898407816887,0.00024712877348065376,0.021359705366194248,1.4901161193847656e-05,0.0072856480255723,0.0011797738261520863,0.03334074281156063
tier_10k,500,0_1438042988458.74_20150728002308-00325-ip-10-236-191-2_265100376_0.csv,0,30,15.0,0.15,500,1,180,450,True,False,False,180,0,180,0.1111111111111111,0.0016038492381716118,,,False,0,0.02485922398045659,0.0032523898407816887,0.00024712877348065376,0.021359705366194248,1.471908763051033e-05,0.007722180802375078,0.0013062823563814163,0.033903878182172775
tier_10k,500,0_1438042988458.74_20150728002308-00325-ip-10-236-191-2_265100376_0.csv,0,30,20.0,0.15,500,1,180,600,True,False,False,180,0,180,0.1111111111111111,0.0016038492381716118,,,False,0,0.02485922398045659,0.0032523898407816887,0.00024712877348065376,0.021359705366194248,1.5923287719488144e-05,0.007184023968875408,0.0010260292328894138,0.033086610957980156
tier_10k,500,0_1438042988458.74_20150728002308-00325-ip-10-236-191-2_265100376_0.csv,0,40,5.0,0.15,500,1,180,200,True,False,False,180,0,180,0.1111111111111111,0.0016038492381716118,,,False,0,0.02485922398045659,0.0032523898407816887,0.00024712877348065376,0.021359705366194248,1.533888280391693e-05,0.00706150708720088,0.0013308869674801826,0.033268250059336424
tier_10k,500,0_1438042988458.74_20150728002308-00325-ip-10-236-191-2_265100376_0.csv,0,40,10.0,0.15,500,1,180,400,True,False,False,180,0,180,0.1111111111111111,0.0016038492381716118,,,False,0,0.02485922398045659,0.0032523898407816887,0.00024712877348065376,0.021359705366194248,1.5237834304571152e-05,0.00667048804461956,0.0012489939108490944,0.03279524901881814
tier_10k,500,0_1438042988458.74_20150728002308-00325-ip-10-236-191-2_265100376_0.csv,0,40,15.0,0.15,500,1,180,600,True,False,False,180,0,180,0.1111111111111111,0.0016038492381716118,,,False,0,0.02485922398045659,0.0032523898407816887,0.00024712877348065376,0.021359705366194248,1.4764722436666489e-05,0.007191380951553583,0.0011044382117688656,0.03317108703777194
tier_10k,500,0_1438042988458.74_20150728002308-00325-ip-10-236-191-2_265100376_0.csv,0,40,20.0,0.15,500,1,180,800,True,False,False,180,0,180,0.1111111111111111,0.0016038492381716118,,,False,0,0.02485922398045659,0.0032523898407816887,0.00024712877348065376,0.021359705366194248,1.4769844710826874e-05,0.007238486316055059,0.0011043613776564598,0.033218180295079947
tier_10k,500,0_1438042988458.74_20150728002308-00325-ip-10-236-191-2_265100376_0.csv,0,50,5.0,0.15,500,1,180,250,True,False,False,180,0,180,0.1111111111111111,0.0016038492381716118,,,False,0,0.02485922398045659,0.0032523898407816887,0.00024712877348065376,0.021359705366194248,1.4952849596738815e-05,0.0066430578008294106,0.0010630260221660137,0.03258144995197654
tier_10k,500,0_1438042988458.74_20150728002308-00325-ip-10-236-191-2_265100376_0.csv,0,50,10.0,0.15,500,1,180,500,True,False,False,180,0,180,0.1111111111111111,0.0016038492381716118,,,False,0,0.02485922398045659,0.0032523898407816887,0.00024712877348065376,0.021359705366194248,1.5105120837688446e-05,0.007179535925388336,0.0012578526511788368,0.03331304155290127
tier_10k,500,0_1438042988458.74_20150728002308-00325-ip-10-236-191-2_265100376_0.csv,0,50,15.0,0.15,500,1,180,750,True,False,False,180,0,180,0.1111111111111111,0.0016038492381716118,,,False,0,0.02485922398045659,0.0032523898407816887,0.00024712877348065376,0.021359705366194248,1.548510044813156e-05,0.006811223924160004,0.0014891531318426132,0.0331764779984951
tier_10k,500,0_1438042988458.74_20150728002308-00325-ip-10-236-191-2_265100376_0.csv,0,50,20.0,0.15,500,1,180,1000,True,False,False,180,0,180,0.1111111111111111,0.0016038492381716118,,,False,0,0.02485922398045659,0.0032523898407816887,0.00024712877348065376,0.021359705366194248,1.520942896604538e-05,0.007277138065546751,0.0011428878642618656,0.03329586796462536
tier_10k,500,1_1438042987127.36_20150728002307-00000-ip-10-236-191-2_300770320_2.csv,0,10,5.0,0.15,500,6784,3126,50,False,True,True,50,10,50,0.11538461538461539,0.9832167832167832,0.9192982456140351,36.154968440532684,True,3,0.5123414723202586,0.00766421016305685,0.005625972058624029,0.49905129009857774,0.006621047388762236,0.009271963033825159,0.004009185824543238,0.5322458841837943
tier_10k,500,1_1438042987127.36_20150728002307-00000-ip-10-236-191-2_300770320_2.csv,0,10,10.0,0.15,500,6784,3126,100,False,True,True,100,10,100,0.11538461538461539,0.9858740435550324,0.907258064516129,37.90270048379898,True,2,0.5123414723202586,0.00766421016305685,0.005625972058624029,0.49905129009857774,0.008082877844572067,0.018260117154568434,0.003469719085842371,0.5421563684940338
tier_10k,500,1_1438042987127.36_20150728002307-00000-ip-10-236-191-2_300770320_2.csv,0,10,15.0,0.15,500,6784,3126,150,False,True,True,150,10,150,0.11538461538461539,0.9870689655172413,0.907258064516129,37.90270048379898,True,2,0.5123414723202586,0.00766421016305685,0.005625972058624029,0.49905129009857774,0.008281150832772255,0.0255614728666842,0.003706260584294796,0.5498926052823663
tier_10k,500,1_1438042987127.36_20150728002307-00000-ip-10-236-191-2_300770320_2.csv,0,10,20.0,0.15,500,6784,3126,200,False,True,True,200,10,200,0.11538461538461539,0.9878357830714648,0.907258064516129,37.90270048379898,True,2,0.5123414723202586,0.00766421016305685,0.005625972058624029,0.49905129009857774,0.007952897809445858,0.03487978223711252,0.004077731631696224,0.559254065155983
tier_10k,500,1_1438042987127.36_20150728002307-00000-ip-10-236-191-2_300770320_2.csv,0,20,5.0,0.15,500,6784,3126,100,False,True,True,100,20,100,0.11538461538461539,0.9858740435550324,0.936986301369863,72.60583293437958,True,2,0.5123414723202586,0.00766421016305685,0.005625972058624029,0.49905129009857774,0.008167557884007692,0.018676879350095987,0.0035288077779114246,0.5427168249152601
tier_10k,500,1_1438042987127.36_20150728002307-00000-ip-10-236-191-2_300770320_2.csv,0,20,10.0,0.15,500,6784,3126,200,False,True,True,200,20,200,0.11538461538461539,0.9878357830714648,0.9319526627218935,72.70666962862015,True,2,0.5123414723202586,0.00766421016305685,0.005625972058624029,0.49905129009857774,0.007987513206899166,0.0348623082973063,0.0038615609519183636,0.5590549474582076
tier_10k,500,1_1438042987127.36_20150728002307-00000-ip-10-236-191-2_300770320_2.csv,0,20,15.0,0.15,500,6784,3126,300,False,True,True,300,20,300,0.11538461538461539,0.9889553612517257,0.9319526627218935,72.70666962862015,True,1,0.5123414723202586,0.00766421016305685,0.005625972058624029,0.49905129009857774,0.005586293060332537,0.05566405598074198,0.004820400848984718,0.5784144974313676
tier_10k,500,1_1438042987127.36_20150728002307-00000-ip-10-236-191-2_300770320_2.csv,0,20,20.0,0.15,500,6784,3126,400,False,True,True,400,20,400,0.11538461538461539,0.9603399433427762,0.9293598233995585,75.07224416732788,True,3,0.5123414723202586,0.00766421016305685,0.005625972058624029,0.49905129009857774,0.009530785959213972,0.06977635202929378,0.0056950426660478115,0.5973460031673312
tier_10k,500,1_1438042987127.36_20150728002307-00000-ip-10-236-191-2_300770320_2.csv,0,30,5.0,0.15,500,6784,3126,150,False,True,True,150,30,150,0.11538461538461539,0.9870689655172413,0.9534412955465587,106.10353147983551,True,2,0.5123414723202586,0.00766421016305685,0.005625972058624029,0.49905129009857774,0.00845974963158369,0.025993647053837776,0.005416715983301401,0.5522139854729176
tier_10k,500,1_1438042987127.36_20150728002307-00000-ip-10-236-191-2_300770320_2.csv,0,30,10.0,0.15,500,6784,3126,300,False,True,True,300,30,300,0.11538461538461539,0.9889553612517257,0.9502164502164502,106.23178762197495,True,1,0.5123414723202586,0.00766421016305685,0.005625972058624029,0.49905129009857774,0.006062731146812439,0.05367496609687805,0.005153019912540913,0.5772347012534738
tier_10k,500,1_1438042987127.36_20150728002307-00000-ip-10-236-191-2_300770320_2.csv,0,30,15.0,0.15,500,6784,3126,450,False,True,True,450,30,450,0.11538461538461539,0.9487375669472073,0.9409395973154362,109.93597614765167,True,3,0.5123414723202586,0.00766421016305685,0.005625972058624029,0.49905129009857774,0.010382445063441992,0.08743197098374367,0.006242214236408472,0.6164005706086755
tier_10k,500,1_1438042987127.36_20150728002307-00000-ip-10-236-191-2_300770320_2.csv,0,30,20.0,0.15,500,6784,3126,600,False,True,True,600,30,600,0.11538461538461539,0.9183218031689355,0.9409395973154362,109.93597614765167,True,3,0.5123414723202586,0.00766421016305685,0.005625972058624029,0.49905129009857774,0.009497239720076323,0.10274671390652657,0.007467424962669611,0.6320552583783865
tier_10k,500,1_1438042987127.36_20150728002307-00000-ip-10-236-191-2_300770320_2.csv,0,40,5.0,0.15,500,6784,3126,200,False,True,True,200,40,200,0.11538461538461539,0.9878357830714648,0.962843295638126,138.1249898672104,True,2,0.5123414723202586,0.00766421016305685,0.005625972058624029,0.49905129009857774,0.007992594968527555,0.033863579854369164,0.005031691864132881,0.5592319038696587
tier_10k,500,1_1438042987127.36_20150728002307-00000-ip-10-236-191-2_300770320_2.csv,0,40,10.0,0.15,500,6784,3126,400,False,True,True,400,40,400,0.11538461538461539,0.9603399433427762,0.9497991967871486,143.73849153518677,True,3,0.5123414723202586,0.00766421016305685,0.005625972058624029,0.49905129009857774,0.011545265093445778,0.10806105379015207,0.005850513000041246,0.6378008192405105
tier_10k,500,1_1438042987127.36_20150728002307-00000-ip-10-236-191-2_300770320_2.csv,0,40,15.0,0.15,500,6784,3126,600,False,True,True,600,40,600,0.11538461538461539,0.9183218031689355,0.9417879417879418,144.07939511537552,True,3,0.5123414723202586,0.00766421016305685,0.005625972058624029,0.49905129009857774,0.011420453432947397,0.12849339377135038,0.006904324982315302,0.6591621804982424
tier_10k,500,1_1438042987127.36_20150728002307-00000-ip-10-236-191-2_300770320_2.csv,0,40,20.0,0.15,500,6784,3126,800,False,True,True,800,40,800,0.11538461538461539,0.8781094527363185,0.9261501210653753,146.27246487140656,True,4,0.5123414723202586,0.00766421016305685,0.005625972058624029,0.49905129009857774,0.012795751914381981,0.1381482589058578,0.009642928838729858,0.672930954489857
tier_10k,500,1_1438042987127.36_20150728002307-00000-ip-10-236-191-2_300770320_2.csv,0,50,5.0,0.15,500,6784,3126,250,False,True,True,250,50,250,0.11538461538461539,0.9884225759768451,0.9645061728395061,169.4321716427803,True,2,0.5123414723202586,0.00766421016305685,0.005625972058624029,0.49905129009857774,0.007391135208308697,0.04373207502067089,0.005053807981312275,0.5685208952054381
tier_10k,500,1_1438042987127.36_20150728002307-00000-ip-10-236-191-2_300770320_2.csv,0,50,10.0,0.15,500,6784,3126,500,False,True,True,500,50,500,0.11538461538461539,0.938034188034188,0.9486940298507462,177.55922263860703,True,3,0.5123414723202586,0.00766421016305685,0.005625972058624029,0.49905129009857774,0.010380992200225592,0.08520172955468297,0.006292870733886957,0.6142194494605064
tier_10k,500,1_1438042987127.36_20150728002307-00000-ip-10-236-191-2_300770320_2.csv,0,50,15.0,0.15,500,6784,3126,750,False,True,True,750,50,750,0.11538461538461539,0.8917766497461929,0.9440366972477064,178.24666512012482,True,4,0.5123414723202586,0.00766421016305685,0.005625972058624029,0.49905129009857774,0.011101027019321918,0.1288388129323721,0.008929166942834854,0.6612127609550953
tier_10k,500,1_1438042987127.36_20150728002307-00000-ip-10-236-191-2_300770320_2.csv,0,50,20.0,0.15,500,6784,3126,1000,False,True,True,1000,50,1000,0.11538461538461539,0.8268364652896413,0.905511811023622,182.0349621772766,True,3,0.5123414723202586,0.00766421016305685,0.005625972058624029,0.49905129009857774,0.011812380980700254,0.2623232761397958,0.011078616138547659,0.7975584920495749
tier_10k,500,0_1438042988061.16_20150728002308-00164-ip-10-236-191-2_873456340_3.csv,0,10,5.0,0.15,500,4295,2628,50,False,True,True,50,10,50,0.8,0.9982758620689656,0.989247311827957,15.681203663349152,True,1,0.3469580290839076,0.006631477270275354,0.00295349583029747,0.3373730559833348,0.003031250089406967,0.0037125139497220516,0.003742530941963196,0.3574468856677413
tier_10k,500,0_1438042988061.16_20150728002308-00164-ip-10-236-191-2_873456340_3.csv,0,10,10.0,0.15,500,4295,2628,100,False,True,True,100,10,100,0.8,0.9985294117647059,0.9873417721518988,15.797671854496002,True,1,0.3469580290839076,0.006631477270275354,0.00295349583029747,0.3373730559833348,0.004647098947316408,0.009463045746088028,0.007103593088686466,0.3681741920299828
tier_10k,500,0_1438042988061.16_20150728002308-00164-ip-10-236-191-2_873456340_3.csv,0,10,15.0,0.15,500,4295,2628,150,False,True,True,150,10,150,0.8,0.9566348655680833,0.8928571428571429,16.862688541412354,True,3,0.3469580290839076,0.006631477270275354,0.00295349583029747,0.3373730559833348,0.009294876828789711,0.016949869226664305,0.005022713914513588,0.37822805624455214
tier_10k,500,0_1438042988061.16_20150728002308-00164-ip-10-236-191-2_873456340_3.csv,0,10,20.0,0.15,500,4295,2628,200,False,True,True,200,10,200,0.8,0.9211119459053343,0.875,16.88533616065979,True,4,0.3469580290839076,0.006631477270275354,0.00295349583029747,0.3373730559833348,0.01123770885169506,0.02282976685091853,0.005169039126485586,0.38619721680879593
tier_10k,500,0_1438042988061.16_20150728002308-00164-ip-10-236-191-2_873456340_3.csv,0,20,5.0,0.15,500,4295,2628,100,False,True,True,100,20,100,0.8,0.9985294117647059,0.991304347826087,30.684418618679047,True,1,0.3469580290839076,0.006631477270275354,0.00295349583029747,0.3373730559833348,0.004358637146651745,0.01209052698686719,0.0042760660871863365,0.3676855731755495
tier_10k,500,0_1438042988061.16_20150728002308-00164-ip-10-236-191-2_873456340_3.csv,0,20,10.0,0.15,500,4295,2628,200,False,True,True,200,20,200,0.8,0.9211119459053343,0.9009009009009009,32.42074108123779,True,4,0.3469580290839076,0.006631477270275354,0.00295349583029747,0.3373730559833348,0.011338185984641314,0.023909153416752815,0.006447906140238047,0.38865584693849087
tier_10k,500,0_1438042988061.16_20150728002308-00164-ip-10-236-191-2_873456340_3.csv,0,20,15.0,0.15,500,4295,2628,300,False,True,True,300,20,300,0.8,0.8689024390243902,0.8682170542635659,32.79315543174744,True,4,0.3469580290839076,0.006631477270275354,0.00295349583029747,0.3373730559833348,0.011356418021023273,0.03467394504696131,0.007091211155056953,0.4000821867957711
tier_10k,500,0_1438042988061.16_20150728002308-00164-ip-10-236-191-2_873456340_3.csv,0,20,20.0,0.15,500,4295,2628,400,False,True,True,400,20,400,0.8,0.8156702898550725,0.859375,32.79550343751907,True,4,0.3469580290839076,0.006631477270275354,0.00295349583029747,0.3373730559833348,0.01106204092502594,0.04542704997584224,0.009651502128690481,0.413101012352854
tier_10k,500,0_1438042988061.16_20150728002308-00164-ip-10-236-191-2_873456340_3.csv,0,30,5.0,0.15,500,4295,2628,150,False,True,True,150,30,150,0.8,0.9566348655680833,0.9230769230769231,47.12514090538025,True,3,0.3469580290839076,0.006631477270275354,0.00295349583029747,0.3373730559833348,0.013558840844780207,0.020093713887035847,0.005878101103007793,0.386491762008518
tier_10k,500,0_1438042988061.16_20150728002308-00164-ip-10-236-191-2_873456340_3.csv,0,30,10.0,0.15,500,4295,2628,300,False,True,True,300,30,300,0.8,0.8689024390243902,0.8647058823529412,48.13116252422333,True,4,0.3469580290839076,0.006631477270275354,0.00295349583029747,0.3373730559833348,0.011018678080290556,0.02457886701449752,0.0071549611166119576,0.38971336791291833
tier_10k,500,0_1438042988061.16_20150728002308-00164-ip-10-236-191-2_873456340_3.csv,0,30,15.0,0.15,500,4295,2628,450,False,True,True,450,30,450,0.8,0.7863777089783281,0.7865853658536586,48.79405915737152,True,4,0.3469580290839076,0.006631477270275354,0.00295349583029747,0.3373730559833348,0.012671060860157013,0.0548235340975225,0.00994043704122305,0.4243959137238562
tier_10k,500,0_1438042988061.16_20150728002308-00164-ip-10-236-191-2_873456340_3.csv,0,30,20.0,0.15,500,4295,2628,600,False,True,True,600,30,600,0.8,0.7146080090242527,0.2692307692307692,51.3530638217926,True,3,0.3469580290839076,0.006631477270275354,0.00295349583029747,0.3373730559833348,0.010057950858026743,0.07086882181465626,0.008667903952300549,0.4365552901290357
tier_10k,500,0_1438042988061.16_20150728002308-00164-ip-10-236-191-2_873456340_3.csv,0,40,5.0,0.15,500,4295,2628,200,False,True,True,200,40,200,0.8,0.9211119459053343,0.8810810810810811,62.29196780920029,True,4,0.3469580290839076,0.006631477270275354,0.00295349583029747,0.3373730559833348,0.01109309308230877,0.024399454705417156,0.0053367773070931435,0.3877899870276451
tier_10k,500,0_1438042988061.16_20150728002308-00164-ip-10-236-191-2_873456340_3.csv,0,40,10.0,0.15,500,4295,2628,400,False,True,True,400,40,400,0.8,0.8156702898550725,0.8308457711442786,63.3658561706543,True,4,0.3469580290839076,0.006631477270275354,0.00295349583029747,0.3373730559833348,0.011682507116347551,0.047947544138878584,0.008920882362872362,0.41551204212009907
tier_10k,500,0_1438042988061.16_20150728002308-00164-ip-10-236-191-2_873456340_3.csv,0,40,15.0,0.15,500,4295,2628,600,False,True,True,600,40,600,0.8,0.7146080090242527,0.23469387755102042,67.84266769886017,True,3,0.3469580290839076,0.006631477270275354,0.00295349583029747,0.3373730559833348,0.010187110863626003,0.04746935470029712,0.007740772794932127,0.41235794266685843
tier_10k,500,0_1438042988061.16_20150728002308-00164-ip-10-236-191-2_873456340_3.csv,0,40,20.0,0.15,500,4295,2628,800,False,True,True,800,40,800,0.8,0.6318993506493507,0.21904761904761905,68.29191380739212,True,4,0.3469580290839076,0.006631477270275354,0.00295349583029747,0.3373730559833348,0.00960645405575633,0.050388433039188385,0.00846728216856718,0.415422601159662
tier_10k,500,0_1438042988061.16_20150728002308-00164-ip-10-236-191-2_873456340_3.csv,0,50,5.0,0.15,500,4295,2628,250,False,True,True,250,50,250,0.8,0.892998678996037,0.8559670781893004,77.67365193367004,True,4,0.3469580290839076,0.006631477270275354,0.00295349583029747,0.3373730559833348,0.009181613102555275,0.01601593103259802,0.004896689672023058,0.3770545469596982
tier_10k,500,0_1438042988061.16_20150728002308-00164-ip-10-236-191-2_873456340_3.csv,0,50,10.0,0.15,500,4295,2628,500,False,True,True,500,50,500,0.8,0.7615749179730222,0.7196652719665272,79.89856445789337,True,3,0.3469580290839076,0.006631477270275354,0.00295349583029747,0.3373730559833348,0.008161409758031368,0.034278290811926126,0.009681064635515213,0.39908117009326816
tier_10k,500,0_1438042988061.16_20150728002308-00164-ip-10-236-191-2_873456340_3.csv,0,50,15.0,0.15,500,4295,2628,750,False,True,True,750,50,750,0.8,0.6508189262966333,0.375,84.30043029785156,True,3,0.3469580290839076,0.006631477270275354,0.00295349583029747,0.3373730559833348,0.007269416004419327,0.04950897814705968,0.007914648856967688,0.41165335895493627
tier_10k,500,0_1438042988061.16_20150728002308-00164-ip-10-236-191-2_873456340_3.csv,0,50,20.0,0.15,500,4295,2628,1000,False,True,True,1000,50,1000,0.8,0.5634185303514377,0.1527777777777778,85.94243115186691,True,4,0.3469580290839076,0.006631477270275354,0.00295349583029747,0.3373730559833348,0.009522594977170229,0.06557823112234473,0.014800386037677526,0.4368616328574717
tier_10k,500,0_1438042988458.74_20150728002308-00046-ip-10-236-191-2_688841822_2.csv,2,10,5.0,0.15,500,1,136,50,False,True,True,50,10,50,0.7450980392156863,0.2733812949640288,0.5671641791044776,41.38435673713684,True,2,0.019472579937428236,0.00229464890435338,0.00022321101278066635,0.01695472002029419,0.00021901587024331093,0.004915019031614065,0.0031369193457067013,0.027745185885578394
tier_10k,500,0_1438042988458.74_20150728002308-00046-ip-10-236-191-2_688841822_2.csv,2,10,10.0,0.15,500,1,136,100,False,True,True,100,10,100,0.7450980392156863,0.12773109243697478,0.5205479452054794,41.865295708179474,True,2,0.019472579937428236,0.00229464890435338,0.00022321101278066635,0.01695472002029419,0.0003744116984307766,0.013610274996608496,0.003102466929703951,0.036561802960932255
tier_10k,500,0_1438042988458.74_20150728002308-00046-ip-10-236-191-2_688841822_2.csv,2,10,15.0,0.15,500,1,136,150,True,True,True,136,10,136,0.7450980392156863,0.040042149631190724,0.4578313253012048,42.02133411169052,False,0,0.019472579937428236,0.00229464890435338,0.00022321101278066635,0.01695472002029419,1.7185229808092117e-05,0.021521282847970724,0.004014462698251009,0.04502772307023406
tier_10k,500,0_1438042988458.74_20150728002308-00046-ip-10-236-191-2_688841822_2.csv,2,10,20.0,0.15,500,1,136,200,True,True,True,136,10,136,0.7450980392156863,0.040042149631190724,0.4578313253012048,42.02133411169052,False,0,0.019472579937428236,0.00229464890435338,0.00022321101278066635,0.01695472002029419,1.698499545454979e-05,0.016974641010165215,0.003195940051227808,0.039662235882133245
tier_10k,500,0_1438042988458.74_20150728002308-00046-ip-10-236-191-2_688841822_2.csv,2,20,5.0,0.15,500,1,136,100,False,True,True,100,20,100,0.7450980392156863,0.12773109243697478,0.4175824175824176,81.42004400491714,True,2,0.019472579937428236,0.00229464890435338,0.00022321101278066635,0.01695472002029419,0.00038236984983086586,0.013980667106807232,0.0029845349490642548,0.03682211972773075
tier_10k,500,0_1438042988458.74_20150728002308-00046-ip-10-236-191-2_688841822_2.csv,2,20,10.0,0.15,500,1,136,200,True,True,True,136,20,136,0.7450980392156863,0.040042149631190724,0.3584905660377358,81.79621303081512,False,0,0.019472579937428236,0.00229464890435338,0.00022321101278066635,0.01695472002029419,1.7201993614435196e-05,0.017401216086000204,0.003035163041204214,0.03992818668484688
tier_10k,500,0_1438042988458.74_20150728002308-00046-ip-10-236-191-2_688841822_2.csv,2,20,15.0,0.15,500,1,136,300,True,True,True,136,20,136,0.7450980392156863,0.040042149631190724,0.3584905660377358,81.79621303081512,False,0,0.019472579937428236,0.00229464890435338,0.00022321101278066635,0.01695472002029419,1.7112120985984802e-05,0.017541794572025537,0.0031046615913510323,0.0401382721029222
tier_10k,500,0_1438042988458.74_20150728002308-00046-ip-10-236-191-2_688841822_2.csv,2,20,20.0,0.15,500,1,136,400,True,True,True,136,20,136,0.7450980392156863,0.040042149631190724,0.3584905660377358,81.79621303081512,False,0,0.019472579937428236,0.00229464890435338,0.00022321101278066635,0.01695472002029419,1.70879065990448e-05,0.016671794932335615,0.0033611836843192577,0.03952486114576459
tier_10k,500,0_1438042988458.74_20150728002308-00046-ip-10-236-191-2_688841822_2.csv,2,30,5.0,0.15,500,1,136,150,True,True,True,136,30,136,0.7450980392156863,0.040042149631190724,0.24516129032258063,120.7285944223404,False,0,0.019472579937428236,0.00229464890435338,0.00022321101278066635,0.01695472002029419,1.6840174794197083e-05,0.017317885998636484,0.003991791978478432,0.04080127691850066
tier_10k,500,0_1438042988458.74_20150728002308-00046-ip-10-236-191-2_688841822_2.csv,2,30,10.0,0.15,500,1,136,300,True,True,True,136,30,136,0.7450980392156863,0.040042149631190724,0.24516129032258063,120.7285944223404,False,0,0.019472579937428236,0.00229464890435338,0.00022321101278066635,0.01695472002029419,1.6916077584028244e-05,0.017416360788047314,0.003553793765604496,0.04046169901266694
tier_10k,500,0_1438042988458.74_20150728002308-00046-ip-10-236-191-2_688841822_2.csv,2,30,15.0,0.15,500,1,136,450,True,True,True,136,30,136,0.7450980392156863,0.040042149631190724,0.24516129032258063,120.7285944223404,False,0,0.019472579937428236,0.00229464890435338,0.00022321101278066635,0.01695472002029419,1.665297895669937e-05,0.016508933622390032,0.0030960780568420887,0.03909636288881302
tier_10k,500,0_1438042988458.74_20150728002308-00046-ip-10-236-191-2_688841822_2.csv,2,30,20.0,0.15,500,1,136,600,True,True,True,136,30,136,0.7450980392156863,0.040042149631190724,0.24516129032258063,120.7285944223404,False,0,0.019472579937428236,0.00229464890435338,0.00022321101278066635,0.01695472002029419,1.6881152987480164e-05,0.017701040022075176,0.0034723319113254547,0.04066477110609412
tier_10k,500,0_1438042988458.74_20150728002308-00046-ip-10-236-191-2_688841822_2.csv,2,40,5.0,0.15,500,1,136,200,True,True,True,136,40,136,0.7450980392156863,0.040042149631190724,0.18952618453865336,154.48123162984848,False,0,0.019472579937428236,0.00229464890435338,0.00022321101278066635,0.01695472002029419,1.669023185968399e-05,0.017240944784134626,0.003346326295286417,0.0400784770026803
tier_10k,500,0_1438042988458.74_20150728002308-00046-ip-10-236-191-2_688841822_2.csv,2,40,10.0,0.15,500,1,136,400,True,True,True,136,40,136,0.7450980392156863,0.040042149631190724,0.18952618453865336,154.48123162984848,False,0,0.019472579937428236,0.00229464890435338,0.00022321101278066635,0.01695472002029419,1.6748905181884766e-05,0.01779081206768751,0.003635501954704523,0.040917683858424425
tier_10k,500,0_1438042988458.74_20150728002308-00046-ip-10-236-191-2_688841822_2.csv,2,40,15.0,0.15,500,1,136,600,True,True,True,136,40,136,0.7450980392156863,0.040042149631190724,0.18952618453865336,154.48123162984848,False,0,0.019472579937428236,0.00229464890435338,0.00022321101278066635,0.01695472002029419,1.684296876192093e-05,0.017023916821926832,0.0037811780348420143,0.04029665794223547
tier_10k,500,0_1438042988458.74_20150728002308-00046-ip-10-236-191-2_688841822_2.csv,2,40,20.0,0.15,500,1,136,800,True,True,True,136,40,136,0.7450980392156863,0.040042149631190724,0.18952618453865336,154.48123162984848,False,0,0.019472579937428236,0.00229464890435338,0.00022321101278066635,0.01695472002029419,1.7377082258462906e-05,0.016925544012337923,0.003267164807766676,0.039684723131358624
tier_10k,500,0_1438042988458.74_20150728002308-00046-ip-10-236-191-2_688841822_2.csv,2,50,5.0,0.15,500,1,136,250,True,True,True,136,50,136,0.7450980392156863,0.040042149631190724,0.15139442231075698,186.3318675160408,False,0,0.019472579937428236,0.00229464890435338,0.00022321101278066635,0.01695472002029419,1.6878359019756317e-05,0.017396904062479734,0.00802198937162757,0.04491043463349342
tier_10k,500,0_1438042988458.74_20150728002308-00046-ip-10-236-191-2_688841822_2.csv,2,50,10.0,0.15,500,1,136,500,True,True,True,136,50,136,0.7450980392156863,0.040042149631190724,0.15139442231075698,186.3318675160408,False,0,0.019472579937428236,0.00229464890435338,0.00022321101278066635,0.01695472002029419,1.667579635977745e-05,0.013971727807074785,0.00850609689950943,0.04196917079389095
tier_10k,500,0_1438042988458.74_20150728002308-00046-ip-10-236-191-2_688841822_2.csv,2,50,15.0,0.15,500,1,136,750,True,True,True,136,50,136,0.7450980392156863,0.040042149631190724,0.15139442231075698,186.3318675160408,False,0,0.019472579937428236,0.00229464890435338,0.00022321101278066635,0.01695472002029419,1.6787089407444e-05,0.014630868099629879,0.008624556940048933,0.042746881023049355
tier_10k,500,0_1438042988458.74_20150728002308-00046-ip-10-236-191-2_688841822_2.csv,2,50,20.0,0.15,500,1,136,1000,True,True,True,136,50,136,0.7450980392156863,0.040042149631190724,0.15139442231075698,186.3318675160408,False,0,0.019472579937428236,0.00229464890435338,0.00022321101278066635,0.01695472002029419,1.698313280940056e-05,0.01522577228024602,0.00833567464724183,0.04305311385542154
tier_10k,500,1_1438042990112.50_20150728002310-00103-ip-10-236-191-2_381157664_0.csv,3,10,5.0,0.15,500,4076,1545,50,False,True,True,50,10,50,0.47058823529411764,0.9932840832773674,0.9771689497716894,20.053731739521027,True,2,0.19365745317190886,0.004428848158568144,0.002177333924919367,0.18705127108842134,0.002065208274871111,0.009067714214324951,0.004200275056064129,0.20899310987442732
tier_10k,500,1_1438042990112.50_20150728002310-00103-ip-10-236-191-2_381157664_0.csv,3,10,10.0,0.15,500,4076,1545,100,False,True,True,100,10,100,0.47058823529411764,0.9946300715990454,0.9274193548387096,21.432869911193848,True,1,0.19365745317190886,0.004428848158568144,0.002177333924919367,0.18705127108842134,0.002607278060168028,0.016078222077339888,0.0037831799127161503,0.2161283320747316
tier_10k,500,1_1438042990112.50_20150728002310-00103-ip-10-236-191-2_381157664_0.csv,3,10,15.0,0.15,500,4076,1545,150,False,True,True,150,10,150,0.47058823529411764,0.9952305246422893,0.91,22.561018645763397,True,1,0.19365745317190886,0.004428848158568144,0.002177333924919367,0.18705127108842134,0.002468664199113846,0.02218458615243435,0.0042495750822126865,0.22256249515339732
tier_10k,500,1_1438042990112.50_20150728002310-00103-ip-10-236-191-2_381157664_0.csv,3,10,20.0,0.15,500,4076,1545,200,False,True,True,200,10,200,0.47058823529411764,0.9955246146195923,0.9081632653061225,22.57319551706314,True,1,0.19365745317190886,0.004428848158568144,0.002177333924919367,0.18705127108842134,0.002436491195112467,0.028603581711649895,0.004402930848300457,0.22910264413803816
tier_10k,500,1_1438042990112.50_20150728002310-00103-ip-10-236-191-2_381157664_0.csv,3,20,5.0,0.15,500,4076,1545,100,False,True,True,100,20,100,0.47058823529411764,0.9946300715990454,0.9745042492917847,40.3376544713974,True,1,0.19365745317190886,0.004428848158568144,0.002177333924919367,0.18705127108842134,0.00235283887013793,0.015442676842212677,0.003656253684312105,0.2151115662418306
tier_10k,500,1_1438042990112.50_20150728002310-00103-ip-10-236-191-2_381157664_0.csv,3,20,10.0,0.15,500,4076,1545,200,False,True,True,200,20,200,0.47058823529411764,0.9955246146195923,0.94375,42.93711331486702,True,1,0.19365745317190886,0.004428848158568144,0.002177333924919367,0.18705127108842134,0.0024313218891620636,0.028713952749967575,0.004564384929835796,0.22936929017305374
tier_10k,500,1_1438042990112.50_20150728002310-00103-ip-10-236-191-2_381157664_0.csv,3,20,15.0,0.15,500,4076,1545,300,False,True,True,300,20,300,0.47058823529411764,0.9888965995836225,0.9794168096054888,46.7693510055542,True,2,0.19365745317190886,0.004428848158568144,0.002177333924919367,0.18705127108842134,0.0037121549248695374,0.040793281979858875,0.005826632957905531,0.24399180803447962
tier_10k,500,1_1438042990112.50_20150728002310-00103-ip-10-236-191-2_381157664_0.csv,3,20,20.0,0.15,500,4076,1545,400,False,True,True,400,20,400,0.47058823529411764,0.9685974962868661,0.9752475247524752,47.67464876174927,True,3,0.19365745317190886,0.004428848158568144,0.002177333924919367,0.18705127108842134,0.005261915270239115,0.05398910213261843,0.006695987656712532,0.2596067632548511
tier_10k,500,1_1438042990112.50_20150728002310-00103-ip-10-236-191-2_381157664_0.csv,3,30,5.0,0.15,500,4076,1545,150,False,True,True,150,30,150,0.47058823529411764,0.9952305246422893,0.96,62.40205138921738,True,1,0.19365745317190886,0.004428848158568144,0.002177333924919367,0.18705127108842134,0.002495305147022009,0.020257445983588696,0.00403194222599268,0.22044439613819122
tier_10k,500,1_1438042990112.50_20150728002310-00103-ip-10-236-191-2_381157664_0.csv,3,30,10.0,0.15,500,4076,1545,300,False,True,True,300,30,300,0.47058823529411764,0.9888965995836225,0.9831490258030542,68.3770894408226,True,2,0.19365745317190886,0.004428848158568144,0.002177333924919367,0.18705127108842134,0.0037852246314287186,0.04239369323477149,0.006495792884379625,0.24633461702615023
tier_10k,500,1_1438042990112.50_20150728002310-00103-ip-10-236-191-2_381157664_0.csv,3,30,15.0,0.15,500,4076,1545,450,False,True,True,450,30,450,0.47058823529411764,0.9589460784313726,0.9757834757834758,69.75138372182846,True,4,0.19365745317190886,0.004428848158568144,0.002177333924919367,0.18705127108842134,0.007612794172018766,0.12445616675540805,0.010171233210712671,0.3359004338271916
tier_10k,500,1_1438042990112.50_20150728002310-00103-ip-10-236-191-2_381157664_0.csv,3,30,20.0,0.15,500,4076,1545,600,False,True,True,600,30,600,0.47058823529411764,0.9284608770421324,0.9685393258426966,70.3384570479393,True,4,0.19365745317190886,0.004428848158568144,0.002177333924919367,0.18705127108842134,0.004993491806089878,0.10096851317211986,0.01307577220723033,0.3126973262988031
tier_10k,500,1_1438042990112.50_20150728002310-00103-ip-10-236-191-2_381157664_0.csv,3,40,5.0,0.15,500,4076,1545,200,False,True,True,200,40,200,0.47058823529411764,0.9955246146195923,0.9768637532133676,81.85414838790894,True,1,0.19365745317190886,0.004428848158568144,0.002177333924919367,0.18705127108842134,0.0019999793730676174,0.03501909179612994,0.005935377907007933,0.23661413230001926
tier_10k,500,1_1438042990112.50_20150728002310-00103-ip-10-236-191-2_381157664_0.csv,3,40,10.0,0.15,500,4076,1545,400,False,True,True,400,40,400,0.47058823529411764,0.9685974962868661,0.9785166240409208,91.24881756305695,True,3,0.19365745317190886,0.004428848158568144,0.002177333924919367,0.18705127108842134,0.005091646686196327,0.07218057988211513,0.009270328097045422,0.2802029140293598
tier_10k,500,1_1438042990112.50_20150728002310-00103-ip-10-236-191-2_381157664_0.csv,3,40,15.0,0.15,500,4076,1545,600,False,True,True,600,40,600,0.47058823529411764,0.9284608770421324,0.9702151130722559,92.02338129281998,True,4,0.19365745317190886,0.004428848158568144,0.002177333924919367,0.18705127108842134,0.008796128910034895,0.10338934697210789,0.012463815975934267,0.31830961210653186
tier_10k,500,1_1438042990112.50_20150728002310-00103-ip-10-236-191-2_381157664_0.csv,3,40,20.0,0.15,500,4076,1545,800,False,True,True,800,40,800,0.47058823529411764,0.86353591160221,0.9467242620590353,94.54847365617752,True,3,0.19365745317190886,0.004428848158568144,0.002177333924919367,0.18705127108842134,0.0043015810661017895,0.14082084223628044,0.02016633003950119,0.35894852317869663
tier_10k,500,1_1438042990112.50_20150728002310-00103-ip-10-236-191-2_381157664_0.csv,3,50,5.0,0.15,500,4076,1545,250,False,True,True,250,50,250,0.47058823529411764,0.995736617716722,0.9799554565701559,101.62906530499458,True,1,0.19365745317190886,0.004428848158568144,0.002177333924919367,0.18705127108842134,0.0031069880351424217,0.06053322972729802,0.009364763740450144,0.26666525192558765
tier_10k,500,1_1438042990112.50_20150728002310-00103-ip-10-236-191-2_381157664_0.csv,3,50,10.0,0.15,500,4076,1545,500,False,True,True,500,50,500,0.47058823529411764,0.9498314495340076,0.9773985239852399,112.25073504447937,True,3,0.19365745317190886,0.004428848158568144,0.002177333924919367,0.18705127108842134,0.005272605922073126,0.0845258729532361,0.010917877312749624,0.29437686828896403
tier_10k,500,1_1438042990112.50_20150728002310-00103-ip-10-236-191-2_381157664_0.csv,3,50,15.0,0.15,500,4076,1545,750,False,True,True,750,50,750,0.47058823529411764,0.8814252336448598,0.9525714285714286,115.1600456237793,True,3,0.19365745317190886,0.004428848158568144,0.002177333924919367,0.18705127108842134,0.006838161963969469,0.18532776413485408,0.016218355391174555,0.4020445942878723
tier_10k,500,1_1438042990112.50_20150728002310-00103-ip-10-236-191-2_381157664_0.csv,3,50,20.0,0.15,500,4076,1545,1000,False,True,True,1000,50,1000,0.47058823529411764,0.7837611314824515,0.8115808823529411,129.45841825008392,True,3,0.19365745317190886,0.004428848158568144,0.002177333924919367,0.18705127108842134,0.004518122877925634,0.17768997605890036,0.011285244021564722,0.38715355517342687
tier_10k,500,1_1438042987127.36_20150728002307-00080-ip-10-236-191-2_899463259_102.csv,1,10,5.0,0.15,500,1,255,50,False,False,False,50,0,50,0.2,0.01568627450980392,,,True,2,0.041483859065920115,0.0013136300258338451,0.0006603840738534927,0.03950984496623278,0.0005524419248104095,0.002257106825709343,0.001409522257745266,0.0457050739787519
tier_10k,500,1_1438042987127.36_20150728002307-00080-ip-10-236-191-2_899463259_102.csv,1,10,10.0,0.15,500,1,255,100,False,False,False,100,0,100,0.2,0.007142857142857143,,,True,2,0.041483859065920115,0.0013136300258338451,0.0006603840738534927,0.03950984496623278,0.0005312561988830566,0.004094692412763834,0.0013252091594040394,0.04743665736168623
tier_10k,500,1_1438042987127.36_20150728002307-00080-ip-10-236-191-2_899463259_102.csv,1,10,15.0,0.15,500,1,255,150,False,False,False,150,0,150,0.2,0.004136504653567736,,,True,2,0.041483859065920115,0.0013136300258338451,0.0006603840738534927,0.03950984496623278,0.0005384720861911774,0.006074221804738045,0.001041891984641552,0.04914008313789964
tier_10k,500,1_1438042987127.36_20150728002307-00080-ip-10-236-191-2_899463259_102.csv,1,10,20.0,0.15,500,1,255,200,False,False,False,200,0,200,0.2,0.0026702269692923898,,,True,2,0.041483859065920115,0.0013136300258338451,0.0006603840738534927,0.03950984496623278,0.0005557350814342499,0.008117479272186756,0.0013913861475884914,0.051549957133829594
tier_10k,500,1_1438042987127.36_20150728002307-00080-ip-10-236-191-2_899463259_102.csv,1,20,5.0,0.15,500,1,255,100,False,False,False,100,0,100,0.2,0.007142857142857143,,,True,2,0.041483859065920115,0.0013136300258338451,0.0006603840738534927,0.03950984496623278,0.0005025099962949753,0.005030137021094561,0.0010668369941413403,0.048085242975503206
tier_10k,500,1_1438042987127.36_20150728002307-00080-ip-10-236-191-2_899463259_102.csv,1,20,10.0,0.15,500,1,255,200,False,False,False,200,0,200,0.2,0.0026702269692923898,,,True,2,0.041483859065920115,0.0013136300258338451,0.0006603840738534927,0.03950984496623278,0.0005596070550382137,0.008061734028160572,0.0011144527234137058,0.051221187226474285
tier_10k,500,1_1438042987127.36_20150728002307-00080-ip-10-236-191-2_899463259_102.csv,1,20,15.0,0.15,500,1,255,300,True,False,False,255,0,255,0.2,0.0018535681186283596,,,False,0,0.041483859065920115,0.0013136300258338451,0.0006603840738534927,0.03950984496623278,2.5747809559106827e-05,0.01022922107949853,0.0018475400283932686,0.05358794378116727
tier_10k,500,1_1438042987127.36_20150728002307-00080-ip-10-236-191-2_899463259_102.csv,1,20,20.0,0.15,500,1,255,400,True,False,False,255,0,255,0.2,0.0018535681186283596,,,False,0,0.041483859065920115,0.0013136300258338451,0.0006603840738534927,0.03950984496623278,2.340134233236313e-05,0.010273885913193226,0.0014528026804327965,0.053235641214996576
tier_10k,500,1_1438042987127.36_20150728002307-00080-ip-10-236-191-2_899463259_102.csv,1,30,5.0,0.15,500,1,255,150,False,False,False,150,0,150,0.2,0.004136504653567736,,,True,2,0.041483859065920115,0.0013136300258338451,0.0006603840738534927,0.03950984496623278,0.0005468367598950863,0.006036032922565937,0.0014118454419076443,0.049480324145406485
tier_10k,500,1_1438042987127.36_20150728002307-00080-ip-10-236-191-2_899463259_102.csv,1,30,10.0,0.15,500,1,255,300,True,False,False,255,0,255,0.2,0.0018535681186283596,,,False,0,0.041483859065920115,0.0013136300258338451,0.0006603840738534927,0.03950984496623278,2.235081046819687e-05,0.010197076946496964,0.0013732188381254673,0.05307809682562947
tier_10k,500,1_1438042987127.36_20150728002307-00080-ip-10-236-191-2_899463259_102.csv,1,30,15.0,0.15,500,1,255,450,True,False,False,255,0,255,0.2,0.0018535681186283596,,,False,0,0.041483859065920115,0.0013136300258338451,0.0006603840738534927,0.03950984496623278,2.4097971618175507e-05,0.010721934959292412,0.0015680352225899696,0.05379969486966729
tier_10k,500,1_1438042987127.36_20150728002307-00080-ip-10-236-191-2_899463259_102.csv,1,30,20.0,0.15,500,1,255,600,True,False,False,255,0,255,0.2,0.0018535681186283596,,,False,0,0.041483859065920115,0.0013136300258338451,0.0006603840738534927,0.03950984496623278,2.5114044547080994e-05,0.010190324857831001,0.0012991349212825298,0.05300025222823024
tier_10k,500,1_1438042987127.36_20150728002307-00080-ip-10-236-191-2_899463259_102.csv,1,40,5.0,0.15,500,1,255,200,False,False,False,200,0,200,0.2,0.0026702269692923898,,,True,2,0.041483859065920115,0.0013136300258338451,0.0006603840738534927,0.03950984496623278,0.0005637281574308872,0.008036712650209665,0.001243013422936201,0.05132899712771177
tier_10k,500,1_1438042987127.36_20150728002307-00080-ip-10-236-191-2_899463259_102.csv,1,40,10.0,0.15,500,1,255,400,True,False,False,255,0,255,0.2,0.0018535681186283596,,,False,0,0.041483859065920115,0.0013136300258338451,0.0006603840738534927,0.03950984496623278,2.475408837199211e-05,0.010125984903424978,0.0015153400599956512,0.05315169272944331
tier_10k,500,1_1438042987127.36_20150728002307-00080-ip-10-236-191-2_899463259_102.csv,1,40,15.0,0.15,500,1,255,600,True,False,False,255,0,255,0.2,0.0018535681186283596,,,False,0,0.041483859065920115,0.0013136300258338451,0.0006603840738534927,0.03950984496623278,2.378411591053009e-05,0.01014487398788333,0.001551751047372818,0.05320607917383313
tier_10k,500,1_1438042987127.36_20150728002307-00080-ip-10-236-191-2_899463259_102.csv,1,40,20.0,0.15,500,1,255,800,True,False,False,255,0,255,0.2,0.0018535681186283596,,,False,0,0.041483859065920115,0.0013136300258338451,0.0006603840738534927,0.03950984496623278,2.4727080017328262e-05,0.010312283877283335,0.001387846190482378,0.053210682701319456
tier_10k,500,1_1438042987127.36_20150728002307-00080-ip-10-236-191-2_899463259_102.csv,1,50,5.0,0.15,500,1,255,250,False,False,False,250,0,250,0.2,0.0019065776930409914,,,True,2,0.041483859065920115,0.0013136300258338451,0.0006603840738534927,0.03950984496623278,0.0005900361575186253,0.010022614616900682,0.0013561639934778214,0.05345434322953224
tier_10k,500,1_1438042987127.36_20150728002307-00080-ip-10-236-191-2_899463259_102.csv,1,50,10.0,0.15,500,1,255,500,True,False,False,255,0,255,0.2,0.0018535681186283596,,,False,0,0.041483859065920115,0.0013136300258338451,0.0006603840738534927,0.03950984496623278,2.3497268557548523e-05,0.01016512094065547,0.0014039119705557823,0.05307810287922621
tier_10k,500,1_1438042987127.36_20150728002307-00080-ip-10-236-191-2_899463259_102.csv,1,50,15.0,0.15,500,1,255,750,True,False,False,255,0,255,0.2,0.0018535681186283596,,,False,0,0.041483859065920115,0.0013136300258338451,0.0006603840738534927,0.03950984496623278,2.3389700800180435e-05,0.010166364721953869,0.0016019362956285477,0.053277348168194294
tier_10k,500,1_1438042987127.36_20150728002307-00080-ip-10-236-191-2_899463259_102.csv,1,50,20.0,0.15,500,1,255,1000,True,False,False,255,0,255,0.2,0.0018535681186283596,,,False,0,0.041483859065920115,0.0013136300258338451,0.0006603840738534927,0.03950984496623278,2.3763161152601242e-05,0.010200418066233397,0.0014345496892929077,0.05314425006508827
tier_10k,500,1_1438042987127.36_20150728002307-00140-ip-10-236-191-2_74640728_1.csv,1,10,5.0,0.15,500,1,166,50,False,False,False,50,0,50,0.07692307692307693,0.014598540145985401,,,True,2,0.027631127275526524,0.0017431462183594704,0.000292900949716568,0.025595080107450485,0.00030676601454615593,0.0036582397297024727,0.0012194430455565453,0.032817631494253874
tier_10k,500,1_1438042987127.36_20150728002307-00140-ip-10-236-191-2_74640728_1.csv,1,10,10.0,0.15,500,1,166,100,False,False,False,100,0,100,0.07692307692307693,0.006024096385542169,,,True,2,0.027631127275526524,0.0017431462183594704,0.000292900949716568,0.025595080107450485,0.00034733209758996964,0.007466843817383051,0.001145373098552227,0.036592514254152775
tier_10k,500,1_1438042987127.36_20150728002307-00140-ip-10-236-191-2_74640728_1.csv,1,10,15.0,0.15,500,1,166,150,False,False,False,150,0,150,0.07692307692307693,0.0028328611898017,,,True,2,0.027631127275526524,0.0017431462183594704,0.000292900949716568,0.025595080107450485,0.00035640597343444824,0.01077006384730339,0.0012339665554463863,0.03999320650473237
tier_10k,500,1_1438042987127.36_20150728002307-00140-ip-10-236-191-2_74640728_1.csv,1,10,20.0,0.15,500,1,166,200,True,False,False,166,0,166,0.07692307692307693,0.0012113870381586917,,,False,0,0.027631127275526524,0.0017431462183594704,0.000292900949716568,0.025595080107450485,1.7307233065366745e-05,0.012102433945983648,0.0015060920268297195,0.04125866713002324
tier_10k,500,1_1438042987127.36_20150728002307-00140-ip-10-236-191-2_74640728_1.csv,1,20,5.0,0.15,500,1,166,100,False,False,False,100,0,100,0.07692307692307693,0.006024096385542169,,,True,2,0.027631127275526524,0.0017431462183594704,0.000292900949716568,0.025595080107450485,0.0003420459106564522,0.0073299407958984375,0.000974578782916069,0.03627953352406621
tier_10k,500,1_1438042987127.36_20150728002307-00140-ip-10-236-191-2_74640728_1.csv,1,20,10.0,0.15,500,1,166,200,True,False,False,166,0,166,0.07692307692307693,0.0012113870381586917,,,False,0,0.027631127275526524,0.0017431462183594704,0.000292900949716568,0.025595080107450485,1.645321026444435e-05,0.011792922858148813,0.0012534894049167633,0.04069538926705718
tier_10k,500,1_1438042987127.36_20150728002307-00140-ip-10-236-191-2_74640728_1.csv,1,20,15.0,0.15,500,1,166,300,True,False,False,166,0,166,0.07692307692307693,0.0012113870381586917,,,False,0,0.027631127275526524,0.0017431462183594704,0.000292900949716568,0.025595080107450485,1.7473939806222916e-05,0.011713862884789705,0.001412264071404934,0.04077650839462876
tier_10k,500,1_1438042987127.36_20150728002307-00140-ip-10-236-191-2_74640728_1.csv,1,20,20.0,0.15,500,1,166,400,True,False,False,166,0,166,0.07692307692307693,0.0012113870381586917,,,False,0,0.027631127275526524,0.0017431462183594704,0.000292900949716568,0.025595080107450485,1.783110201358795e-05,0.011870154179632664,0.0012363879941403866,0.04075725842267275
tier_10k,500,1_1438042987127.36_20150728002307-00140-ip-10-236-191-2_74640728_1.csv,1,30,5.0,0.15,500,1,166,150,False,False,False,150,0,150,0.07692307692307693,0.0028328611898017,,,True,2,0.027631127275526524,0.0017431462183594704,0.000292900949716568,0.025595080107450485,0.0003647357225418091,0.010779756586998701,0.0014179879799485207,0.040195387322455645
tier_10k,500,1_1438042987127.36_20150728002307-00140-ip-10-236-191-2_74640728_1.csv,1,30,10.0,0.15,500,1,166,300,True,False,False,166,0,166,0.07692307692307693,0.0012113870381586917,,,False,0,0.027631127275526524,0.0017431462183594704,0.000292900949716568,0.025595080107450485,1.7412006855010986e-05,0.011796717997640371,0.0013558492064476013,0.04080290533602238
tier_10k,500,1_1438042987127.36_20150728002307-00140-ip-10-236-191-2_74640728_1.csv,1,30,15.0,0.15,500,1,166,450,True,False,False,166,0,166,0.07692307692307693,0.0012113870381586917,,,False,0,0.027631127275526524,0.0017431462183594704,0.000292900949716568,0.025595080107450485,1.71060673892498e-05,0.011807892005890608,0.0012592580169439316,0.04071711748838425
tier_10k,500,1_1438042987127.36_20150728002307-00140-ip-10-236-191-2_74640728_1.csv,1,30,20.0,0.15,500,1,166,600,True,False,False,166,0,166,0.07692307692307693,0.0012113870381586917,,,False,0,0.027631127275526524,0.0017431462183594704,0.000292900949716568,0.025595080107450485,1.704692840576172e-05,0.011833114083856344,0.0014602518640458584,0.04094344796612859
tier_10k,500,1_1438042987127.36_20150728002307-00140-ip-10-236-191-2_74640728_1.csv,1,40,5.0,0.15,500,1,166,200,True,False,False,166,0,166,0.07692307692307693,0.0012113870381586917,,,False,0,0.027631127275526524,0.0017431462183594704,0.000292900949716568,0.025595080107450485,1.704273745417595e-05,0.011750841978937387,0.0014244490303099155,0.040825221221894026
tier_10k,500,1_1438042987127.36_20150728002307-00140-ip-10-236-191-2_74640728_1.csv,1,40,10.0,0.15,500,1,166,400,True,False,False,166,0,166,0.07692307692307693,0.0012113870381586917,,,False,0,0.027631127275526524,0.0017431462183594704,0.000292900949716568,0.025595080107450485,2.428703010082245e-05,0.011999742593616247,0.0017414521425962448,0.04139856714755297
tier_10k,500,1_1438042987127.36_20150728002307-00140-ip-10-236-191-2_74640728_1.csv,1,40,15.0,0.15,500,1,166,600,True,False,False,166,0,166,0.07692307692307693,0.0012113870381586917,,,False,0,0.027631127275526524,0.0017431462183594704,0.000292900949716568,0.025595080107450485,1.832796260714531e-05,0.01215607114136219,0.001626787707209587,0.041434251237660646
tier_10k,500,1_1438042987127.36_20150728002307-00140-ip-10-236-191-2_74640728_1.csv,1,40,20.0,0.15,500,1,166,800,True,False,False,166,0,166,0.07692307692307693,0.0012113870381586917,,,False,0,0.027631127275526524,0.0017431462183594704,0.000292900949716568,0.025595080107450485,2.652592957019806e-05,0.011881222948431969,0.001391679048538208,0.04093256825581193
tier_10k,500,1_1438042987127.36_20150728002307-00140-ip-10-236-191-2_74640728_1.csv,1,50,5.0,0.15,500,1,166,250,True,False,False,166,0,166,0.07692307692307693,0.0012113870381586917,,,False,0,0.027631127275526524,0.0017431462183594704,0.000292900949716568,0.025595080107450485,1.6664154827594757e-05,0.01174582727253437,0.001413427758961916,0.04080869164317846
tier_10k,500,1_1438042987127.36_20150728002307-00140-ip-10-236-191-2_74640728_1.csv,1,50,10.0,0.15,500,1,166,500,True,False,False,166,0,166,0.07692307692307693,0.0012113870381586917,,,False,0,0.027631127275526524,0.0017431462183594704,0.000292900949716568,0.025595080107450485,1.7181038856506348e-05,0.011744534131139517,0.001233982853591442,0.04062868095934391
tier_10k,500,1_1438042987127.36_20150728002307-00140-ip-10-236-191-2_74640728_1.csv,1,50,15.0,0.15,500,1,166,750,True,False,False,166,0,166,0.07692307692307693,0.0012113870381586917,,,False,0,0.027631127275526524,0.0017431462183594704,0.000292900949716568,0.025595080107450485,1.8357764929533005e-05,0.01181531697511673,0.0015367409214377403,0.04100341768935323
tier_10k,500,1_1438042987127.36_20150728002307-00140-ip-10-236-191-2_74640728_1.csv,1,50,20.0,0.15,500,1,166,1000,True,False,False,166,0,166,0.07692307692307693,0.0012113870381586917,,,False,0,0.027631127275526524,0.0017431462183594704,0.000292900949716568,0.025595080107450485,1.7147976905107498e-05,0.011840070132166147,0.0014831800945103168,0.04097337136045098
tier_10k,500,1_1438042990112.50_20150728002310-00154-ip-10-236-191-2_303864106_21.csv,3,10,5.0,0.15,500,66,68,50,False,True,True,50,10,50,0.2,0.09855072463768116,0.1527777777777778,121.95419013500214,True,3,0.013635044917464256,0.002136469352990389,0.00023235566914081573,0.011266219895333052,0.00017531774938106537,0.06254242220893502,0.029715696815401316,0.10607057111337781
tier_10k,500,1_1438042990112.50_20150728002310-00154-ip-10-236-191-2_303864106_21.csv,3,10,10.0,0.15,500,66,68,100,True,True,True,68,10,68,0.2,0.055236728837876614,0.1527777777777778,121.95419013500214,False,0,0.013635044917464256,0.002136469352990389,0.00023235566914081573,0.011266219895333052,1.3797078281641006e-05,0.08529125479981303,0.04895812692120671,0.14790080394595861
tier_10k,500,1_1438042990112.50_20150728002310-00154-ip-10-236-191-2_303864106_21.csv,3,10,15.0,0.15,500,66,68,150,True,True,True,68,10,68,0.2,0.055236728837876614,0.1527777777777778,121.95419013500214,False,0,0.013635044917464256,0.002136469352990389,0.00023235566914081573,0.011266219895333052,1.4869961887598038e-05,0.12182973604649305,0.05779076414182782,0.1932730581611395
tier_10k,500,1_1438042990112.50_20150728002310-00154-ip-10-236-191-2_303864106_21.csv,3,10,20.0,0.15,500,66,68,200,True,True,True,68,10,68,0.2,0.055236728837876614,0.1527777777777778,121.95419013500214,False,0,0.013635044917464256,0.002136469352990389,0.00023235566914081573,0.011266219895333052,1.3282056897878647e-05,0.08681229082867503,0.03840716602280736,0.13887064950540662
tier_10k,500,1_1438042990112.50_20150728002310-00154-ip-10-236-191-2_303864106_21.csv,3,20,5.0,0.15,500,66,68,100,True,True,True,68,20,68,0.2,0.055236728837876614,0.15,232.57959407567978,False,0,0.013635044917464256,0.002136469352990389,0.00023235566914081573,0.011266219895333052,1.1699274182319641e-05,0.08530799392610788,0.008668792899698019,0.10762635106220841
tier_10k,500,1_1438042990112.50_20150728002310-00154-ip-10-236-191-2_303864106_21.csv,3,20,10.0,0.15,500,66,68,200,True,True,True,68,20,68,0.2,0.055236728837876614,0.15,232.57959407567978,False,0,0.013635044917464256,0.002136469352990389,0.00023235566914081573,0.011266219895333052,1.4050863683223724e-05,0.0868941261433065,0.00813957117497921,0.10868556797504425
tier_10k,500,1_1438042990112.50_20150728002310-00154-ip-10-236-191-2_303864106_21.csv,3,20,15.0,0.15,500,66,68,300,True,True,True,68,20,68,0.2,0.055236728837876614,0.15,232.57959407567978,False,0,0.013635044917464256,0.002136469352990389,0.00023235566914081573,0.011266219895333052,1.5463214367628098e-05,0.11428373586386442,0.009432656224817038,0.13736962154507637
tier_10k,500,1_1438042990112.50_20150728002310-00154-ip-10-236-191-2_303864106_21.csv,3,20,20.0,0.15,500,66,68,400,True,True,True,68,20,68,0.2,0.055236728837876614,0.15,232.57959407567978,False,0,0.013635044917464256,0.002136469352990389,0.00023235566914081573,0.011266219895333052,1.3096258044242859e-05,0.11120427213609219,0.008259197697043419,0.13311403198167682
tier_10k,500,1_1438042990112.50_20150728002310-00154-ip-10-236-191-2_303864106_21.csv,3,30,5.0,0.15,500,66,68,150,True,True,True,68,30,68,0.2,0.055236728837876614,0.15018315018315018,311.7577621936798,False,0,0.013635044917464256,0.002136469352990389,0.00023235566914081573,0.011266219895333052,1.1291354894638062e-05,0.10555096995085478,0.018365927040576935,0.13756583258509636
tier_10k,500,1_1438042990112.50_20150728002310-00154-ip-10-236-191-2_303864106_21.csv,3,30,10.0,0.15,500,66,68,300,True,True,True,68,30,68,0.2,0.055236728837876614,0.15018315018315018,311.7577621936798,False,0,0.013635044917464256,0.002136469352990389,0.00023235566914081573,0.011266219895333052,1.4417804777622223e-05,0.08533676667138934,0.018741798121482134,0.1177307772450149
tier_10k,500,1_1438042990112.50_20150728002310-00154-ip-10-236-191-2_303864106_21.csv,3,30,15.0,0.15,500,66,68,450,True,True,True,68,30,68,0.2,0.055236728837876614,0.15018315018315018,311.7577621936798,False,0,0.013635044917464256,0.002136469352990389,0.00023235566914081573,0.011266219895333052,1.2711156159639359e-05,0.10985703393816948,0.01821427419781685,0.14172173058614135
tier_10k,500,1_1438042990112.50_20150728002310-00154-ip-10-236-191-2_303864106_21.csv,3,30,20.0,0.15,500,66,68,600,True,True,True,68,30,68,0.2,0.055236728837876614,0.15018315018315018,311.7577621936798,False,0,0.013635044917464256,0.002136469352990389,0.00023235566914081573,0.011266219895333052,1.4732126146554947e-05,0.08529860200360417,0.018083842005580664,0.1170349889434874
tier_10k,500,1_1438042990112.50_20150728002310-00154-ip-10-236-191-2_303864106_21.csv,3,40,5.0,0.15,500,66,68,200,True,False,False,68,0,68,0.2,0.055236728837876614,,,False,0,0.013635044917464256,0.002136469352990389,0.00023235566914081573,0.011266219895333052,1.4388002455234528e-05,0.0857266173698008,0.0014154189266264439,0.1007938077673316
tier_10k,500,1_1438042990112.50_20150728002310-00154-ip-10-236-191-2_303864106_21.csv,3,40,10.0,0.15,500,66,68,400,True,False,False,68,0,68,0.2,0.055236728837876614,,,False,0,0.013635044917464256,0.002136469352990389,0.00023235566914081573,0.011266219895333052,1.6543548554182053e-05,0.08216632110998034,0.0013751601800322533,0.09719485556706786
tier_10k,500,1_1438042990112.50_20150728002310-00154-ip-10-236-191-2_303864106_21.csv,3,40,15.0,0.15,500,66,68,600,True,False,False,68,0,68,0.2,0.055236728837876614,,,False,0,0.013635044917464256,0.002136469352990389,0.00023235566914081573,0.011266219895333052,1.2286007404327393e-05,0.08524115523323417,0.0019685300067067146,0.10085914190858603
tier_10k,500,1_1438042990112.50_20150728002310-00154-ip-10-236-191-2_303864106_21.csv,3,40,20.0,0.15,500,66,68,800,True,False,False,68,0,68,0.2,0.055236728837876614,,,False,0,0.013635044917464256,0.002136469352990389,0.00023235566914081573,0.011266219895333052,1.2590084224939346e-05,0.08309708209708333,0.0013980050571262836,0.09814492193982005
tier_10k,500,1_1438042990112.50_20150728002310-00154-ip-10-236-191-2_303864106_21.csv,3,50,5.0,0.15,500,66,68,250,True,False,False,68,0,68,0.2,0.055236728837876614,,,False,0,0.013635044917464256,0.002136469352990389,0.00023235566914081573,0.011266219895333052,1.23525969684124e-05,0.08321417076513171,0.0015575848519802094,0.09842114802449942
tier_10k,500,1_1438042990112.50_20150728002310-00154-ip-10-236-191-2_303864106_21.csv,3,50,10.0,0.15,500,66,68,500,True,False,False,68,0,68,0.2,0.055236728837876614,,,False,0,0.013635044917464256,0.002136469352990389,0.00023235566914081573,0.011266219895333052,1.256261020898819e-05,0.08517011208459735,0.0016079447232186794,0.10042739985510707
tier_10k,500,1_1438042990112.50_20150728002310-00154-ip-10-236-191-2_303864106_21.csv,3,50,15.0,0.15,500,66,68,750,True,False,False,68,0,68,0.2,0.055236728837876614,,,False,0,0.013635044917464256,0.002136469352990389,0.00023235566914081573,0.011266219895333052,2.4780165404081345e-05,0.08238583477213979,0.0014383909292519093,0.09748610202223063
tier_10k,500,1_1438042990112.50_20150728002310-00154-ip-10-236-191-2_303864106_21.csv,3,50,20.0,0.15,500,66,68,1000,True,False,False,68,0,68,0.2,0.055236728837876614,,,False,0,0.013635044917464256,0.002136469352990389,0.00023235566914081573,0.011266219895333052,1.2864824384450912e-05,0.08249201811850071,0.0014305030927062035,0.09757229266688228
tier_10k,500,0_1438042988458.74_20150728002308-00264-ip-10-236-191-2_704598375_3.csv,0,10,5.0,0.15,500,2,145,50,False,True,True,50,10,50,1.0,0.057692307692307696,0.25,36.232989490032196,True,3,0.03698865370824933,0.0021166298538446426,0.00028311973437666893,0.03458890412002802,0.0006342362612485886,0.009223547764122486,0.004541976843029261,0.05139136593788862
tier_10k,500,0_1438042988458.74_20150728002308-00264-ip-10-236-191-2_704598375_3.csv,0,10,10.0,0.15,500,2,145,100,False,True,True,100,10,100,1.0,0.027450980392156862,0.23076923076923078,36.47949010133743,True,2,0.03698865370824933,0.0021166298538446426,0.00028311973437666893,0.03458890412002802,0.00039002904668450356,0.018355352338403463,0.004603492096066475,0.060340247582644224
tier_10k,500,0_1438042988458.74_20150728002308-00264-ip-10-236-191-2_704598375_3.csv,0,10,15.0,0.15,500,2,145,150,True,True,True,145,10,145,1.0,0.015317286652078774,0.16666666666666666,36.67792707681656,False,0,0.03698865370824933,0.0021166298538446426,0.00028311973437666893,0.03458890412002802,2.1404586732387543e-05,0.026811827905476093,0.0053498828783631325,0.06917450483888388
tier_10k,500,0_1438042988458.74_20150728002308-00264-ip-10-236-191-2_704598375_3.csv,0,10,20.0,0.15,500,2,145,200,True,True,True,145,10,145,1.0,0.015317286652078774,0.16666666666666666,36.67792707681656,False,0,0.03698865370824933,0.0021166298538446426,0.00028311973437666893,0.03458890412002802,2.16667540371418e-05,0.021619434002786875,0.0036005480214953423,0.06223287293687463
tier_10k,500,0_1438042988458.74_20150728002308-00264-ip-10-236-191-2_704598375_3.csv,0,20,5.0,0.15,500,2,145,100,False,False,False,100,0,100,1.0,0.027450980392156862,,,True,2,0.03698865370824933,0.0021166298538446426,0.00028311973437666893,0.03458890412002802,0.00048599904403090477,0.0121367028914392,0.001290939748287201,0.05090455058962107
tier_10k,500,0_1438042988458.74_20150728002308-00264-ip-10-236-191-2_704598375_3.csv,0,20,10.0,0.15,500,2,145,200,True,False,False,145,0,145,1.0,0.015317286652078774,,,False,0,0.03698865370824933,0.0021166298538446426,0.00028311973437666893,0.03458890412002802,1.6154255717992783e-05,0.01431179279461503,0.0012643169611692429,0.052582571748644114
tier_10k,500,0_1438042988458.74_20150728002308-00264-ip-10-236-191-2_704598375_3.csv,0,20,15.0,0.15,500,2,145,300,True,False,False,145,0,145,1.0,0.015317286652078774,,,False,0,0.03698865370824933,0.0021166298538446426,0.00028311973437666893,0.03458890412002802,1.596100628376007e-05,0.014242538250982761,0.0012772241607308388,0.05252609681338072
tier_10k,500,0_1438042988458.74_20150728002308-00264-ip-10-236-191-2_704598375_3.csv,0,20,20.0,0.15,500,2,145,400,True,False,False,145,0,145,1.0,0.015317286652078774,,,False,0,0.03698865370824933,0.0021166298538446426,0.00028311973437666893,0.03458890412002802,1.599406823515892e-05,0.01425545196980238,0.0013571279123425484,0.05261906096711755
tier_10k,500,0_1438042988458.74_20150728002308-00264-ip-10-236-191-2_704598375_3.csv,0,30,5.0,0.15,500,2,145,150,True,False,False,145,0,145,1.0,0.015317286652078774,,,False,0,0.03698865370824933,0.0021166298538446426,0.00028311973437666893,0.03458890412002802,1.605600118637085e-05,0.014273447915911674,0.0015639676712453365,0.052843800745904446
tier_10k,500,0_1438042988458.74_20150728002308-00264-ip-10-236-191-2_704598375_3.csv,0,30,10.0,0.15,500,2,145,300,True,False,False,145,0,145,1.0,0.015317286652078774,,,False,0,0.03698865370824933,0.0021166298538446426,0.00028311973437666893,0.03458890412002802,1.6320962458848953e-05,0.014234698377549648,0.001384017989039421,0.05262539768591523
tier_10k,500,0_1438042988458.74_20150728002308-00264-ip-10-236-191-2_704598375_3.csv,0,30,15.0,0.15,500,2,145,450,True,False,False,145,0,145,1.0,0.015317286652078774,,,False,0,0.03698865370824933,0.0021166298538446426,0.00028311973437666893,0.03458890412002802,1.6241800040006638e-05,0.014434447977691889,0.0013022911734879017,0.05274351267144084
tier_10k,500,0_1438042988458.74_20150728002308-00264-ip-10-236-191-2_704598375_3.csv,0,30,20.0,0.15,500,2,145,600,True,False,False,145,0,145,1.0,0.015317286652078774,,,False,0,0.03698865370824933,0.0021166298538446426,0.00028311973437666893,0.03458890412002802,1.5944242477416992e-05,0.014285469893366098,0.0013760188594460487,0.05266803363338113
tier_10k,500,0_1438042988458.74_20150728002308-00264-ip-10-236-191-2_704598375_3.csv,0,40,5.0,0.15,500,2,145,200,True,False,False,145,0,145,1.0,0.015317286652078774,,,False,0,0.03698865370824933,0.0021166298538446426,0.00028311973437666893,0.03458890412002802,1.5940051525831223e-05,0.014295726083219051,0.0013492037542164326,0.05265130288898945
tier_10k,500,0_1438042988458.74_20150728002308-00264-ip-10-236-191-2_704598375_3.csv,0,40,10.0,0.15,500,2,145,400,True,False,False,145,0,145,1.0,0.015317286652078774,,,False,0,0.03698865370824933,0.0021166298538446426,0.00028311973437666893,0.03458890412002802,1.5927013009786606e-05,0.014196856878697872,0.0013711201027035713,0.052574493922293186
tier_10k,500,0_1438042988458.74_20150728002308-00264-ip-10-236-191-2_704598375_3.csv,0,40,15.0,0.15,500,2,145,600,True,False,False,145,0,145,1.0,0.015317286652078774,,,False,0,0.03698865370824933,0.0021166298538446426,0.00028311973437666893,0.03458890412002802,1.5075784176588058e-05,0.014257579110562801,0.001213942188769579,0.05247684847563505
tier_10k,500,0_1438042988458.74_20150728002308-00264-ip-10-236-191-2_704598375_3.csv,0,40,20.0,0.15,500,2,145,800,True,False,False,145,0,145,1.0,0.015317286652078774,,,False,0,0.03698865370824933,0.0021166298538446426,0.00028311973437666893,0.03458890412002802,1.516193151473999e-05,0.014223170932382345,0.001019537914544344,0.0522480639629066
tier_10k,500,0_1438042988458.74_20150728002308-00264-ip-10-236-191-2_704598375_3.csv,0,50,5.0,0.15,500,2,145,250,True,False,False,145,0,145,1.0,0.015317286652078774,,,False,0,0.03698865370824933,0.0021166298538446426,0.00028311973437666893,0.03458890412002802,1.5832018107175827e-05,0.01428544893860817,0.001361039001494646,0.05265254760161042
tier_10k,500,0_1438042988458.74_20150728002308-00264-ip-10-236-191-2_704598375_3.csv,0,50,10.0,0.15,500,2,145,500,True,False,False,145,0,145,1.0,0.015317286652078774,,,False,0,0.03698865370824933,0.0021166298538446426,0.00028311973437666893,0.03458890412002802,1.6147270798683167e-05,0.014417489990592003,0.0014075231738388538,0.052831695415079594
tier_10k,500,0_1438042988458.74_20150728002308-00264-ip-10-236-191-2_704598375_3.csv,0,50,15.0,0.15,500,2,145,750,True,False,False,145,0,145,1.0,0.015317286652078774,,,False,0,0.03698865370824933,0.0021166298538446426,0.00028311973437666893,0.03458890412002802,1.5668105334043503e-05,0.014326976146548986,0.001435812097042799,0.05276887584477663
tier_10k,500,0_1438042988458.74_20150728002308-00264-ip-10-236-191-2_704598375_3.csv,0,50,20.0,0.15,500,2,145,1000,True,False,False,145,0,145,1.0,0.015317286652078774,,,False,0,0.03698865370824933,0.0021166298538446426,0.00028311973437666893,0.03458890412002802,1.6266945749521255e-05,0.014198192860931158,0.0015248018316924572,0.05272983247414231
tier_10k,500,0_1438042988061.16_20150728002308-00310-ip-10-236-191-2_342423429_0.csv,0,10,5.0,0.15,500,3,179,50,False,False,False,50,0,50,0.2,0.03546099290780142,,,True,2,0.029340666253119707,0.001892773900181055,0.0002946932800114155,0.027153199072927237,0.0003298437222838402,0.003331549931317568,0.0011427910067141056,0.0341466492973268
tier_10k,500,0_1438042988061.16_20150728002308-00310-ip-10-236-191-2_342423429_0.csv,0,10,10.0,0.15,500,3,179,100,False,False,False,100,0,100,0.2,0.019230769230769232,,,True,2,0.029340666253119707,0.001892773900181055,0.0002946932800114155,0.027153199072927237,0.0003684018738567829,0.00600674282759428,0.00118976179510355,0.03690728498622775
tier_10k,500,0_1438042988061.16_20150728002308-00310-ip-10-236-191-2_342423429_0.csv,0,10,15.0,0.15,500,3,179,150,False,False,False,150,0,150,0.2,0.01079913606911447,,,True,2,0.029340666253119707,0.001892773900181055,0.0002946932800114155,0.027153199072927237,0.00038444530218839645,0.008208180777728558,0.0012595192529261112,0.039194421377032995
tier_10k,500,0_1438042988061.16_20150728002308-00310-ip-10-236-191-2_342423429_0.csv,0,10,20.0,0.15,500,3,179,200,True,False,False,179,0,179,0.2,0.008130081300813009,,,False,0,0.029340666253119707,0.001892773900181055,0.0002946932800114155,0.027153199072927237,1.7540063709020615e-05,0.009551488794386387,0.0014407271519303322,0.04035189934074879
tier_10k,500,0_1438042988061.16_20150728002308-00310-ip-10-236-191-2_342423429_0.csv,0,20,5.0,0.15,500,3,179,100,False,False,False,100,0,100,0.2,0.019230769230769232,,,True,2,0.029340666253119707,0.001892773900181055,0.0002946932800114155,0.027153199072927237,0.00035048089921474457,0.005814261268824339,0.0012141191400587559,0.03672130545601249
tier_10k,500,0_1438042988061.16_20150728002308-00310-ip-10-236-191-2_342423429_0.csv,0,20,10.0,0.15,500,3,179,200,True,False,False,179,0,179,0.2,0.008130081300813009,,,False,0,0.029340666253119707,0.001892773900181055,0.0002946932800114155,0.027153199072927237,1.754332333803177e-05,0.009633291978389025,0.0012797089293599129,0.04027283750474453
tier_10k,500,0_1438042988061.16_20150728002308-00310-ip-10-236-191-2_342423429_0.csv,0,20,15.0,0.15,500,3,179,300,True,False,False,179,0,179,0.2,0.008130081300813009,,,False,0,0.029340666253119707,0.001892773900181055,0.0002946932800114155,0.027153199072927237,3.157975152134895e-05,0.009463442955166101,0.0018607289530336857,0.040698332246392965
tier_10k,500,0_1438042988061.16_20150728002308-00310-ip-10-236-191-2_342423429_0.csv,0,20,20.0,0.15,500,3,179,400,True,False,False,179,0,179,0.2,0.008130081300813009,,,False,0,0.029340666253119707,0.001892773900181055,0.0002946932800114155,0.027153199072927237,1.8013175576925278e-05,0.00938534177839756,0.0012853797525167465,0.040031216107308865
tier_10k,500,0_1438042988061.16_20150728002308-00310-ip-10-236-191-2_342423429_0.csv,0,30,5.0,0.15,500,3,179,150,False,False,False,150,0,150,0.2,0.01079913606911447,,,True,2,0.029340666253119707,0.001892773900181055,0.0002946932800114155,0.027153199072927237,0.0003863358870148659,0.00855012470856309,0.0015411539934575558,0.03981998609378934
tier_10k,500,0_1438042988061.16_20150728002308-00310-ip-10-236-191-2_342423429_0.csv,0,30,10.0,0.15,500,3,179,300,True,False,False,179,0,179,0.2,0.008130081300813009,,,False,0,0.029340666253119707,0.001892773900181055,0.0002946932800114155,0.027153199072927237,1.874985173344612e-05,0.009480690117925406,0.0015151388943195343,0.04035702720284462
tier_10k,500,0_1438042988061.16_20150728002308-00310-ip-10-236-191-2_342423429_0.csv,0,30,15.0,0.15,500,3,179,450,True,False,False,179,0,179,0.2,0.008130081300813009,,,False,0,0.029340666253119707,0.001892773900181055,0.0002946932800114155,0.027153199072927237,1.829070970416069e-05,0.00941741093993187,0.0012526893988251686,0.040030873380601406
tier_10k,500,0_1438042988061.16_20150728002308-00310-ip-10-236-191-2_342423429_0.csv,0,30,20.0,0.15,500,3,179,600,True,False,False,179,0,179,0.2,0.008130081300813009,,,False,0,0.029340666253119707,0.001892773900181055,0.0002946932800114155,0.027153199072927237,1.8674880266189575e-05,0.009462910238653421,0.001534314826130867,0.040358382277190685
tier_10k,500,0_1438042988061.16_20150728002308-00310-ip-10-236-191-2_342423429_0.csv,0,40,5.0,0.15,500,3,179,200,True,False,False,179,0,179,0.2,0.008130081300813009,,,False,0,0.029340666253119707,0.001892773900181055,0.0002946932800114155,0.027153199072927237,1.8609222024679184e-05,0.00943801598623395,0.0015027890913188457,0.0403018593788147
tier_10k,500,0_1438042988061.16_20150728002308-00310-ip-10-236-191-2_342423429_0.csv,0,40,10.0,0.15,500,3,179,400,True,False,False,179,0,179,0.2,0.008130081300813009,,,False,0,0.029340666253119707,0.001892773900181055,0.0002946932800114155,0.027153199072927237,1.8454156816005707e-05,0.009435944724828005,0.0013873078860342503,0.04018418025225401
tier_10k,500,0_1438042988061.16_20150728002308-00310-ip-10-236-191-2_342423429_0.csv,0,40,15.0,0.15,500,3,179,600,True,False,False,179,0,179,0.2,0.008130081300813009,,,False,0,0.029340666253119707,0.001892773900181055,0.0002946932800114155,0.027153199072927237,1.743808388710022e-05,0.009415908250957727,0.0014478880912065506,0.04022350301966071
tier_10k,500,0_1438042988061.16_20150728002308-00310-ip-10-236-191-2_342423429_0.csv,0,40,20.0,0.15,500,3,179,800,True,False,False,179,0,179,0.2,0.008130081300813009,,,False,0,0.029340666253119707,0.001892773900181055,0.0002946932800114155,0.027153199072927237,1.7676036804914474e-05,0.009413143154233694,0.0012553841806948185,0.0400284631177783
tier_10k,500,0_1438042988061.16_20150728002308-00310-ip-10-236-191-2_342423429_0.csv,0,50,5.0,0.15,500,3,179,250,True,False,False,179,0,179,0.2,0.008130081300813009,,,False,0,0.029340666253119707,0.001892773900181055,0.0002946932800114155,0.027153199072927237,1.7696991562843323e-05,0.009436555206775665,0.0013749231584370136,0.04017148818820715
tier_10k,500,0_1438042988061.16_20150728002308-00310-ip-10-236-191-2_342423429_0.csv,0,50,10.0,0.15,500,3,179,500,True,False,False,179,0,179,0.2,0.008130081300813009,,,False,0,0.029340666253119707,0.001892773900181055,0.0002946932800114155,0.027153199072927237,1.8309801816940308e-05,0.009448355063796043,0.0013961968943476677,0.040205320343375206
tier_10k,500,0_1438042988061.16_20150728002308-00310-ip-10-236-191-2_342423429_0.csv,0,50,15.0,0.15,500,3,179,750,True,False,False,179,0,179,0.2,0.008130081300813009,,,False,0,0.029340666253119707,0.001892773900181055,0.0002946932800114155,0.027153199072927237,1.9237399101257324e-05,0.009441566187888384,0.0016387691721320152,0.04044230096042156
tier_10k,500,0_1438042988061.16_20150728002308-00310-ip-10-236-191-2_342423429_0.csv,0,50,20.0,0.15,500,3,179,1000,True,False,False,179,0,179,0.2,0.008130081300813009,,,False,0,0.029340666253119707,0.001892773900181055,0.0002946932800114155,0.027153199072927237,1.9107013940811157e-05,0.009529593400657177,0.0014358917251229286,0.040327356196939945
tier_10k,500,1_1438042988061.16_20150728002308-00116-ip-10-236-191-2_764081199_5.csv,3,10,5.0,0.15,500,7,140,50,False,False,False,50,0,50,0.16666666666666666,0.0675990675990676,,,True,3,0.026568890549242496,0.002183907199651003,0.00029160594567656517,0.02409337740391493,0.0003142682835459709,0.00596637325361371,0.0012873993255198002,0.03413923969492316
tier_10k,500,1_1438042988061.16_20150728002308-00116-ip-10-236-191-2_764081199_5.csv,3,10,10.0,0.15,500,7,140,100,False,False,False,100,0,100,0.16666666666666666,0.028708133971291867,,,True,2,0.026568890549242496,0.002183907199651003,0.00029160594567656517,0.02409337740391493,0.00027908431366086006,0.012103768065571785,0.0014508380554616451,0.04040429648011923
tier_10k,500,1_1438042988061.16_20150728002308-00116-ip-10-236-191-2_764081199_5.csv,3,10,15.0,0.15,500,7,140,150,True,False,False,140,0,140,0.16666666666666666,0.005775895263765884,,,False,0,0.026568890549242496,0.002183907199651003,0.00029160594567656517,0.02409337740391493,1.6732141375541687e-05,0.01761108497157693,0.0014498177915811539,0.04564834386110306
tier_10k,500,1_1438042988061.16_20150728002308-00116-ip-10-236-191-2_764081199_5.csv,3,10,20.0,0.15,500,7,140,200,True,False,False,140,0,140,0.16666666666666666,0.005775895263765884,,,False,0,0.026568890549242496,0.002183907199651003,0.00029160594567656517,0.02409337740391493,3.034481778740883e-05,0.0175518449395895,0.0013191518373787403,0.045472387224435806
tier_10k,500,1_1438042988061.16_20150728002308-00116-ip-10-236-191-2_764081199_5.csv,3,20,5.0,0.15,500,7,140,100,False,False,False,100,0,100,0.16666666666666666,0.028708133971291867,,,True,2,0.026568890549242496,0.002183907199651003,0.00029160594567656517,0.02409337740391493,0.00031205592676997185,0.011968688108026981,0.0015006805770099163,0.040352103766053915
tier_10k,500,1_1438042988061.16_20150728002308-00116-ip-10-236-191-2_764081199_5.csv,3,20,10.0,0.15,500,7,140,200,True,False,False,140,0,140,0.16666666666666666,0.005775895263765884,,,False,0,0.026568890549242496,0.002183907199651003,0.00029160594567656517,0.02409337740391493,1.6145873814821243e-05,0.017424185294657946,0.0013354378752410412,0.04534637834876776
tier_10k,500,1_1438042988061.16_20150728002308-00116-ip-10-236-191-2_764081199_5.csv,3,20,15.0,0.15,500,7,140,300,True,False,False,140,0,140,0.16666666666666666,0.005775895263765884,,,False,0,0.026568890549242496,0.002183907199651003,0.00029160594567656517,0.02409337740391493,1.6336794942617416e-05,0.01745895901694894,0.0013274913653731346,0.045373478438705206
tier_10k,500,1_1438042988061.16_20150728002308-00116-ip-10-236-191-2_764081199_5.csv,3,20,20.0,0.15,500,7,140,400,True,False,False,140,0,140,0.16666666666666666,0.005775895263765884,,,False,0,0.026568890549242496,0.002183907199651003,0.00029160594567656517,0.02409337740391493,1.59507617354393e-05,0.017372684087604284,0.0012341802939772606,0.04519353015348315
tier_10k,500,1_1438042988061.16_20150728002308-00116-ip-10-236-191-2_764081199_5.csv,3,30,5.0,0.15,500,7,140,150,True,False,False,140,0,140,0.16666666666666666,0.005775895263765884,,,False,0,0.026568890549242496,0.002183907199651003,0.00029160594567656517,0.02409337740391493,1.6028992831707e-05,0.01853976398706436,0.0012399363331496716,0.04636636562645435
tier_10k,500,1_1438042988061.16_20150728002308-00116-ip-10-236-191-2_764081199_5.csv,3,30,10.0,0.15,500,7,140,300,True,False,False,140,0,140,0.16666666666666666,0.005775895263765884,,,False,0,0.026568890549242496,0.002183907199651003,0.00029160594567656517,0.02409337740391493,1.598196104168892e-05,0.0173466051928699,0.0011425488628447056,0.045075805857777596
tier_10k,500,1_1438042988061.16_20150728002308-00116-ip-10-236-191-2_764081199_5.csv,3,30,15.0,0.15,500,7,140,450,True,False,False,140,0,140,0.16666666666666666,0.005775895263765884,,,False,0,0.026568890549242496,0.002183907199651003,0.00029160594567656517,0.02409337740391493,1.532072201371193e-05,0.01743357302621007,0.0012770211324095726,0.04529642825946212
tier_10k,500,1_1438042988061.16_20150728002308-00116-ip-10-236-191-2_764081199_5.csv,3,30,20.0,0.15,500,7,140,600,True,False,False,140,0,140,0.16666666666666666,0.005775895263765884,,,False,0,0.026568890549242496,0.002183907199651003,0.00029160594567656517,0.02409337740391493,1.6367994248867035e-05,0.01727015059441328,0.0012637586332857609,0.04512090981006622
tier_10k,500,1_1438042988061.16_20150728002308-00116-ip-10-236-191-2_764081199_5.csv,3,40,5.0,0.15,500,7,140,200,True,False,False,140,0,140,0.16666666666666666,0.005775895263765884,,,False,0,0.026568890549242496,0.002183907199651003,0.00029160594567656517,0.02409337740391493,1.6233883798122406e-05,0.017367603722959757,0.0012938412837684155,0.045248334761708975
tier_10k,500,1_1438042988061.16_20150728002308-00116-ip-10-236-191-2_764081199_5.csv,3,40,10.0,0.15,500,7,140,400,True,False,False,140,0,140,0.16666666666666666,0.005775895263765884,,,False,0,0.026568890549242496,0.002183907199651003,0.00029160594567656517,0.02409337740391493,1.588324084877968e-05,0.017369876615703106,0.0012866207398474216,0.0452431901358068
tier_10k,500,1_1438042988061.16_20150728002308-00116-ip-10-236-191-2_764081199_5.csv,3,40,15.0,0.15,500,7,140,600,True,False,False,140,0,140,0.16666666666666666,0.005775895263765884,,,False,0,0.026568890549242496,0.002183907199651003,0.00029160594567656517,0.02409337740391493,1.5846919268369675e-05,0.017401141114532948,0.0011982051655650139,0.04518586955964565
tier_10k,500,1_1438042988061.16_20150728002308-00116-ip-10-236-191-2_764081199_5.csv,3,40,20.0,0.15,500,7,140,800,True,False,False,140,0,140,0.16666666666666666,0.005775895263765884,,,False,0,0.026568890549242496,0.002183907199651003,0.00029160594567656517,0.02409337740391493,1.6597099602222443e-05,0.018321389332413673,0.00141937006264925,0.04632803937420249
tier_10k,500,1_1438042988061.16_20150728002308-00116-ip-10-236-191-2_764081199_5.csv,3,50,5.0,0.15,500,7,140,250,True,False,False,140,0,140,0.16666666666666666,0.005775895263765884,,,False,0,0.026568890549242496,0.002183907199651003,0.00029160594567656517,0.02409337740391493,1.6047153621912003e-05,0.017285386566072702,0.001165853813290596,0.04503798158839345
tier_10k,500,1_1438042988061.16_20150728002308-00116-ip-10-236-191-2_764081199_5.csv,3,50,10.0,0.15,500,7,140,500,True,False,False,140,0,140,0.16666666666666666,0.005775895263765884,,,False,0,0.026568890549242496,0.002183907199651003,0.00029160594567656517,0.02409337740391493,1.5710946172475815e-05,0.017283202148973942,0.0011635678820312023,0.045033122412860394
tier_10k,500,1_1438042988061.16_20150728002308-00116-ip-10-236-191-2_764081199_5.csv,3,50,15.0,0.15,500,7,140,750,True,False,False,140,0,140,0.16666666666666666,0.005775895263765884,,,False,0,0.026568890549242496,0.002183907199651003,0.00029160594567656517,0.02409337740391493,1.6110017895698547e-05,0.017326002940535545,0.001226183958351612,0.04513906966894865
tier_10k,500,1_1438042988061.16_20150728002308-00116-ip-10-236-191-2_764081199_5.csv,3,50,20.0,0.15,500,7,140,1000,True,False,False,140,0,140,0.16666666666666666,0.005775895263765884,,,False,0,0.026568890549242496,0.002183907199651003,0.00029160594567656517,0.02409337740391493,1.6212929040193558e-05,0.017385828774422407,0.001397108193486929,0.045369901694357395
tier_10k,500,0_1438042988458.74_20150728002308-00095-ip-10-236-191-2_520943855_0.csv,4,10,5.0,0.15,500,7,113,50,False,False,False,50,0,50,0.2,0.021447721179624665,,,True,2,0.021149587351828814,0.002057007048279047,0.0002751080319285393,0.018817472271621227,0.00021928688511252403,0.00933923339471221,0.0013394919224083424,0.03204936534166336
tier_10k,500,0_1438042988458.74_20150728002308-00095-ip-10-236-191-2_520943855_0.csv,4,10,10.0,0.15,500,7,113,100,False,False,False,100,0,100,0.2,0.007677543186180422,,,True,2,0.021149587351828814,0.002057007048279047,0.0002751080319285393,0.018817472271621227,0.0002508978359401226,0.0180133068934083,0.0014641149900853634,0.040879643987864256
tier_10k,500,0_1438042988458.74_20150728002308-00095-ip-10-236-191-2_520943855_0.csv,4,10,15.0,0.15,500,7,113,150,True,False,False,113,0,113,0.2,0.00399400898652022,,,False,0,0.021149587351828814,0.002057007048279047,0.0002751080319285393,0.018817472271621227,1.4633405953645706e-05,0.020006986800581217,0.001382647082209587,0.042555568274110556
tier_10k,500,0_1438042988458.74_20150728002308-00095-ip-10-236-191-2_520943855_0.csv,4,10,20.0,0.15,500,7,113,200,True,False,False,113,0,113,0.2,0.00399400898652022,,,False,0,0.021149587351828814,0.002057007048279047,0.0002751080319285393,0.018817472271621227,1.4896970242261887e-05,0.019905404653400183,0.0012700236402451992,0.04234165744856
tier_10k,500,0_1438042988458.74_20150728002308-00095-ip-10-236-191-2_520943855_0.csv,4,20,5.0,0.15,500,7,113,100,False,False,False,100,0,100,0.2,0.007677543186180422,,,True,2,0.021149587351828814,0.002057007048279047,0.0002751080319285393,0.018817472271621227,0.00023800227791070938,0.017863843124359846,0.0014837090857326984,0.04073692671954632
tier_10k,500,0_1438042988458.74_20150728002308-00095-ip-10-236-191-2_520943855_0.csv,4,20,10.0,0.15,500,7,113,200,True,False,False,113,0,113,0.2,0.00399400898652022,,,False,0,0.021149587351828814,0.002057007048279047,0.0002751080319285393,0.018817472271621227,1.4556106179952621e-05,0.01985186105594039,0.0012946398928761482,0.04231243813410401
tier_10k,500,0_1438042988458.74_20150728002308-00095-ip-10-236-191-2_520943855_0.csv,4,20,15.0,0.15,500,7,113,300,True,False,False,113,0,113,0.2,0.00399400898652022,,,False,0,0.021149587351828814,0.002057007048279047,0.0002751080319285393,0.018817472271621227,2.4824868887662888e-05,0.020740865729749203,0.0013482891954481602,0.04326548660174012
tier_10k,500,0_1438042988458.74_20150728002308-00095-ip-10-236-191-2_520943855_0.csv,4,20,20.0,0.15,500,7,113,400,True,False,False,113,0,113,0.2,0.00399400898652022,,,False,0,0.021149587351828814,0.002057007048279047,0.0002751080319285393,0.018817472271621227,1.3864599168300629e-05,0.01990253571420908,0.0013185907155275345,0.0423864284530282
tier_10k,500,0_1438042988458.74_20150728002308-00095-ip-10-236-191-2_520943855_0.csv,4,30,5.0,0.15,500,7,113,150,True,False,False,113,0,113,0.2,0.00399400898652022,,,False,0,0.021149587351828814,0.002057007048279047,0.0002751080319285393,0.018817472271621227,1.3939104974269867e-05,0.01965921139344573,0.001226549968123436,0.04205110436305404
tier_10k,500,0_1438042988458.74_20150728002308-00095-ip-10-236-191-2_520943855_0.csv,4,30,10.0,0.15,500,7,113,300,True,False,False,113,0,113,0.2,0.00399400898652022,,,False,0,0.021149587351828814,0.002057007048279047,0.0002751080319285393,0.018817472271621227,1.3993121683597565e-05,0.01996798301115632,0.0013155816122889519,0.042449009604752064
tier_10k,500,0_1438042988458.74_20150728002308-00095-ip-10-236-191-2_520943855_0.csv,4,30,15.0,0.15,500,7,113,450,True,False,False,113,0,113,0.2,0.00399400898652022,,,False,0,0.021149587351828814,0.002057007048279047,0.0002751080319285393,0.018817472271621227,1.385621726512909e-05,0.020829445216804743,0.0012337248772382736,0.043228600174188614
tier_10k,500,0_1438042988458.74_20150728002308-00095-ip-10-236-191-2_520943855_0.csv,4,30,20.0,0.15,500,7,113,600,True,False,False,113,0,113,0.2,0.00399400898652022,,,False,0,0.021149587351828814,0.002057007048279047,0.0002751080319285393,0.018817472271621227,1.3050157576799393e-05,0.019920592196285725,0.0013148309662938118,0.0423997612670064
tier_10k,500,0_1438042988458.74_20150728002308-00095-ip-10-236-191-2_520943855_0.csv,4,40,5.0,0.15,500,7,113,200,True,False,False,113,0,113,0.2,0.00399400898652022,,,False,0,0.021149587351828814,0.002057007048279047,0.0002751080319285393,0.018817472271621227,1.3864133507013321e-05,0.02007574401795864,0.0015831240452826023,0.04282404016703367
tier_10k,500,0_1438042988458.74_20150728002308-00095-ip-10-236-191-2_520943855_0.csv,4,40,10.0,0.15,500,7,113,400,True,False,False,113,0,113,0.2,0.00399400898652022,,,False,0,0.021149587351828814,0.002057007048279047,0.0002751080319285393,0.018817472271621227,1.4148186892271042e-05,0.019932216964662075,0.0014926521107554436,0.04259051335975528
tier_10k,500,0_1438042988458.74_20150728002308-00095-ip-10-236-191-2_520943855_0.csv,4,40,15.0,0.15,500,7,113,600,True,False,False,113,0,113,0.2,0.00399400898652022,,,False,0,0.021149587351828814,0.002057007048279047,0.0002751080319285393,0.018817472271621227,1.4650635421276093e-05,0.01996395504102111,0.0014574048109352589,0.04258747026324272
tier_10k,500,0_1438042988458.74_20150728002308-00095-ip-10-236-191-2_520943855_0.csv,4,40,20.0,0.15,500,7,113,800,True,False,False,113,0,113,0.2,0.00399400898652022,,,False,0,0.021149587351828814,0.002057007048279047,0.0002751080319285393,0.018817472271621227,1.4137011021375656e-05,0.019906220957636833,0.0014520739205181599,0.042523987125605345
tier_10k,500,0_1438042988458.74_20150728002308-00095-ip-10-236-191-2_520943855_0.csv,4,50,5.0,0.15,500,7,113,250,True,False,False,113,0,113,0.2,0.00399400898652022,,,False,0,0.021149587351828814,0.002057007048279047,0.0002751080319285393,0.018817472271621227,1.4064833521842957e-05,0.020913577172905207,0.0013847979716956615,0.043463876470923424
tier_10k,500,0_1438042988458.74_20150728002308-00095-ip-10-236-191-2_520943855_0.csv,4,50,10.0,0.15,500,7,113,500,True,False,False,113,0,113,0.2,0.00399400898652022,,,False,0,0.021149587351828814,0.002057007048279047,0.0002751080319285393,0.018817472271621227,1.4003366231918335e-05,0.019973885267972946,0.00144554628059268,0.042585034389048815
tier_10k,500,0_1438042988458.74_20150728002308-00095-ip-10-236-191-2_520943855_0.csv,4,50,15.0,0.15,500,7,113,750,True,False,False,113,0,113,0.2,0.00399400898652022,,,False,0,0.021149587351828814,0.002057007048279047,0.0002751080319285393,0.018817472271621227,1.4276709407567978e-05,0.02007894031703472,0.0015101968310773373,0.042754771653562784
tier_10k,500,0_1438042988458.74_20150728002308-00095-ip-10-236-191-2_520943855_0.csv,4,50,20.0,0.15,500,7,113,1000,True,False,False,113,0,113,0.2,0.00399400898652022,,,False,0,0.021149587351828814,0.002057007048279047,0.0002751080319285393,0.018817472271621227,1.4913734048604965e-05,0.019995543640106916,0.0014400072395801544,0.04260195326060057
tier_10k,500,0_1438042988061.16_20150728002308-00322-ip-10-236-191-2_739065442_3.csv,0,10,5.0,0.15,500,85,229,50,False,True,True,50,10,50,0.25,0.21338912133891214,0.21568627450980393,22.359214663505554,True,1,0.0396065847016871,0.0018151579424738884,0.00036780210211873055,0.03742362465709448,0.00028763432055711746,0.005971711128950119,0.003737553022801876,0.04960565362125635
tier_10k,500,0_1438042988061.16_20150728002308-00322-ip-10-236-191-2_739065442_3.csv,0,10,10.0,0.15,500,85,229,100,False,True,True,100,10,100,0.25,0.13786008230452676,0.15384615384615385,23.548014402389526,True,4,0.0396065847016871,0.0018151579424738884,0.00036780210211873055,0.03742362465709448,0.0011561526916921139,0.017730121966451406,0.008724201004952192,0.06721978075802326
tier_10k,500,0_1438042988061.16_20150728002308-00322-ip-10-236-191-2_739065442_3.csv,0,10,15.0,0.15,500,85,229,150,False,True,True,150,10,150,0.25,0.0913907284768212,0.15,23.781315982341766,True,4,0.0396065847016871,0.0018151579424738884,0.00036780210211873055,0.03742362465709448,0.0012957281433045864,0.026653702836483717,0.02289012586697936,0.09044913994148374
tier_10k,500,0_1438042988061.16_20150728002308-00322-ip-10-236-191-2_739065442_3.csv,0,10,20.0,0.15,500,85,229,200,False,True,True,200,10,200,0.25,0.05845070422535211,0.15,23.781315982341766,True,3,0.0396065847016871,0.0018151579424738884,0.00036780210211873055,0.03742362465709448,0.0011136182583868504,0.03363563399761915,0.030852933879941702,0.10521206445991993
tier_10k,500,0_1438042988061.16_20150728002308-00322-ip-10-236-191-2_739065442_3.csv,0,20,5.0,0.15,500,85,229,100,False,True,True,100,20,100,0.25,0.13786008230452676,0.1506849315068493,45.605047821998596,True,4,0.0396065847016871,0.0018151579424738884,0.00036780210211873055,0.03742362465709448,0.0011567319743335247,0.010713967960327864,0.021424103993922472,0.07290411088615656
tier_10k,500,0_1438042988061.16_20150728002308-00322-ip-10-236-191-2_739065442_3.csv,0,20,10.0,0.15,500,85,229,200,False,True,True,200,20,200,0.25,0.05845070422535211,0.15,45.90178442001343,True,3,0.0396065847016871,0.0018151579424738884,0.00036780210211873055,0.03742362465709448,0.000647194217890501,0.017612306866794825,0.03504141280427575,0.09290946088731289
tier_10k,500,0_1438042988061.16_20150728002308-00322-ip-10-236-191-2_739065442_3.csv,0,20,15.0,0.15,500,85,229,300,True,True,True,229,20,229,0.25,0.024919378481383758,0.15,45.90178442001343,False,0,0.0396065847016871,0.0018151579424738884,0.00036780210211873055,0.03742362465709448,2.3277010768651962e-05,0.020274044014513493,0.017779917921870947,0.07768597360700369
tier_10k,500,0_1438042988061.16_20150728002308-00322-ip-10-236-191-2_739065442_3.csv,0,20,20.0,0.15,500,85,229,400,True,True,True,229,20,229,0.25,0.024919378481383758,0.15,45.90178442001343,False,0,0.0396065847016871,0.0018151579424738884,0.00036780210211873055,0.03742362465709448,2.2631138563156128e-05,0.020063692703843117,0.019430676009505987,0.07912559108808637
tier_10k,500,0_1438042988061.16_20150728002308-00322-ip-10-236-191-2_739065442_3.csv,0,30,5.0,0.15,500,85,229,150,False,True,True,150,30,150,0.25,0.0913907284768212,0.1504424778761062,67.74965023994446,True,4,0.0396065847016871,0.0018151579424738884,0.00036780210211873055,0.03742362465709448,0.0007488899864256382,0.01389887509867549,0.09308826318010688,0.1473446567542851
tier_10k,500,0_1438042988061.16_20150728002308-00322-ip-10-236-191-2_739065442_3.csv,0,30,10.0,0.15,500,85,229,300,True,True,True,229,30,229,0.25,0.024919378481383758,0.1504424778761062,67.74965023994446,False,0,0.0396065847016871,0.0018151579424738884,0.00036780210211873055,0.03742362465709448,2.9825139790773392e-05,0.022590461187064648,0.033534195739775896,0.09576349565759301
tier_10k,500,0_1438042988061.16_20150728002308-00322-ip-10-236-191-2_739065442_3.csv,0,30,15.0,0.15,500,85,229,450,True,True,True,229,30,229,0.25,0.024919378481383758,0.1504424778761062,67.74965023994446,False,0,0.0396065847016871,0.0018151579424738884,0.00036780210211873055,0.03742362465709448,2.6348046958446503e-05,0.02021331386640668,0.03436333825811744,0.0942117739468813
tier_10k,500,0_1438042988061.16_20150728002308-00322-ip-10-236-191-2_739065442_3.csv,0,30,20.0,0.15,500,85,229,600,True,True,True,229,30,229,0.25,0.024919378481383758,0.1504424778761062,67.74965023994446,False,0,0.0396065847016871,0.0018151579424738884,0.00036780210211873055,0.03742362465709448,2.568913623690605e-05,0.020058840978890657,0.03321665106341243,0.0929099339991808
tier_10k,500,0_1438042988061.16_20150728002308-00322-ip-10-236-191-2_739065442_3.csv,0,40,5.0,0.15,500,85,229,200,False,True,True,200,40,200,0.25,0.05845070422535211,0.1503267973856209,89.35030227899551,True,3,0.0396065847016871,0.0018151579424738884,0.00036780210211873055,0.03742362465709448,0.0006700707599520683,0.017677798867225647,0.006961163133382797,0.06491772271692753
tier_10k,500,0_1438042988061.16_20150728002308-00322-ip-10-236-191-2_739065442_3.csv,0,40,10.0,0.15,500,85,229,400,True,True,True,229,40,229,0.25,0.024919378481383758,0.1503267973856209,89.35030227899551,False,0,0.0396065847016871,0.0018151579424738884,0.00036780210211873055,0.03742362465709448,3.369105979800224e-05,0.023134578950703144,0.007267518900334835,0.07004500459879637
tier_10k,500,0_1438042988061.16_20150728002308-00322-ip-10-236-191-2_739065442_3.csv,0,40,15.0,0.15,500,85,229,600,True,True,True,229,40,229,0.25,0.024919378481383758,0.1503267973856209,89.35030227899551,False,0,0.0396065847016871,0.0018151579424738884,0.00036780210211873055,0.03742362465709448,3.473134711384773e-05,0.024612130131572485,0.006844055838882923,0.07110006362199783
tier_10k,500,0_1438042988061.16_20150728002308-00322-ip-10-236-191-2_739065442_3.csv,0,40,20.0,0.15,500,85,229,800,True,True,True,229,40,229,0.25,0.024919378481383758,0.1503267973856209,89.35030227899551,False,0,0.0396065847016871,0.0018151579424738884,0.00036780210211873055,0.03742362465709448,3.3667776733636856e-05,0.023685825057327747,0.006604980677366257,0.0699337157420814
tier_10k,500,0_1438042988061.16_20150728002308-00322-ip-10-236-191-2_739065442_3.csv,0,50,5.0,0.15,500,85,229,250,True,True,True,229,50,229,0.25,0.024919378481383758,0.15025906735751296,110.45842468738556,False,0,0.0396065847016871,0.0018151579424738884,0.00036780210211873055,0.03742362465709448,3.520119935274124e-05,0.023349063005298376,0.01517829205840826,0.07817180082201958
tier_10k,500,0_1438042988061.16_20150728002308-00322-ip-10-236-191-2_739065442_3.csv,0,50,10.0,0.15,500,85,229,500,True,True,True,229,50,229,0.25,0.024919378481383758,0.15025906735751296,110.45842468738556,False,0,0.0396065847016871,0.0018151579424738884,0.00036780210211873055,0.03742362465709448,3.57581302523613e-05,0.02230817126110196,0.015081800054758787,0.07703521847724915
tier_10k,500,0_1438042988061.16_20150728002308-00322-ip-10-236-191-2_739065442_3.csv,0,50,15.0,0.15,500,85,229,750,True,True,True,229,50,229,0.25,0.024919378481383758,0.15025906735751296,110.45842468738556,False,0,0.0396065847016871,0.0018151579424738884,0.00036780210211873055,0.03742362465709448,3.5523902624845505e-05,0.02251326385885477,0.015340575017035007,0.0774985570460558
tier_10k,500,0_1438042988061.16_20150728002308-00322-ip-10-236-191-2_739065442_3.csv,0,50,20.0,0.15,500,85,229,1000,True,True,True,229,50,229,0.25,0.024919378481383758,0.15025906735751296,110.45842468738556,False,0,0.0396065847016871,0.0018151579424738884,0.00036780210211873055,0.03742362465709448,3.048870712518692e-05,0.028490089811384678,0.015157284680753946,0.08328699180856347
tier_10k,500,1_1438042987127.36_20150728002307-00145-ip-10-236-191-2_499439925_0.csv,2,10,5.0,0.15,500,3,80,50,False,False,False,50,0,50,0.09523809523809523,0.00881057268722467,,,True,2,0.020603366196155548,0.0022359141148626804,0.0003867419436573982,0.01798071013763547,0.00023812102153897285,0.021024013869464397,0.001424324233084917,0.043292269576340914
tier_10k,500,1_1438042987127.36_20150728002307-00145-ip-10-236-191-2_499439925_0.csv,2,10,10.0,0.15,500,3,80,100,True,False,False,80,0,80,0.09523809523809523,0.00245398773006135,,,False,0,0.020603366196155548,0.0022359141148626804,0.0003867419436573982,0.01798071013763547,1.1458992958068848e-05,0.02091345703229308,0.0014817621558904648,0.04301163321360946
tier_10k,500,1_1438042987127.36_20150728002307-00145-ip-10-236-191-2_499439925_0.csv,2,10,15.0,0.15,500,3,80,150,True,False,False,80,0,80,0.09523809523809523,0.00245398773006135,,,False,0,0.020603366196155548,0.0022359141148626804,0.0003867419436573982,0.01798071013763547,1.1793803423643112e-05,0.020667717326432467,0.0013224538415670395,0.04260716214776039
tier_10k,500,1_1438042987127.36_20150728002307-00145-ip-10-236-191-2_499439925_0.csv,2,10,20.0,0.15,500,3,80,200,True,False,False,80,0,80,0.09523809523809523,0.00245398773006135,,,False,0,0.020603366196155548,0.0022359141148626804,0.0003867419436573982,0.01798071013763547,1.2109987437725067e-05,0.020528662018477917,0.001327713020145893,0.04247358115389943
tier_10k,500,1_1438042987127.36_20150728002307-00145-ip-10-236-191-2_499439925_0.csv,2,20,5.0,0.15,500,3,80,100,True,False,False,80,0,80,0.09523809523809523,0.00245398773006135,,,False,0,0.020603366196155548,0.0022359141148626804,0.0003867419436573982,0.01798071013763547,1.1802185326814651e-05,0.021394009236246347,0.0014527658931910992,0.04346380243077874
tier_10k,500,1_1438042987127.36_20150728002307-00145-ip-10-236-191-2_499439925_0.csv,2,20,10.0,0.15,500,3,80,200,True,False,False,80,0,80,0.09523809523809523,0.00245398773006135,,,False,0,0.020603366196155548,0.0022359141148626804,0.0003867419436573982,0.01798071013763547,1.1440832167863846e-05,0.022167927119880915,0.0014261840842664242,0.04421072220429778
tier_10k,500,1_1438042987127.36_20150728002307-00145-ip-10-236-191-2_499439925_0.csv,2,20,15.0,0.15,500,3,80,300,True,False,False,80,0,80,0.09523809523809523,0.00245398773006135,,,False,0,0.020603366196155548,0.0022359141148626804,0.0003867419436573982,0.01798071013763547,1.1828262358903885e-05,0.020505476742982864,0.00128999724984169,0.04241241980344057
tier_10k,500,1_1438042987127.36_20150728002307-00145-ip-10-236-191-2_499439925_0.csv,2,20,20.0,0.15,500,3,80,400,True,False,False,80,0,80,0.09523809523809523,0.00245398773006135,,,False,0,0.020603366196155548,0.0022359141148626804,0.0003867419436573982,0.01798071013763547,1.1391006410121918e-05,0.020629563834518194,0.0013144048862159252,0.04256060533225536
tier_10k,500,1_1438042987127.36_20150728002307-00145-ip-10-236-191-2_499439925_0.csv,2,30,5.0,0.15,500,3,80,150,True,False,False,80,0,80,0.09523809523809523,0.00245398773006135,,,False,0,0.020603366196155548,0.0022359141148626804,0.0003867419436573982,0.01798071013763547,1.1446885764598846e-05,0.020806910004466772,0.0013647377490997314,0.04278818238526583
tier_10k,500,1_1438042987127.36_20150728002307-00145-ip-10-236-191-2_499439925_0.csv,2,30,10.0,0.15,500,3,80,300,True,False,False,80,0,80,0.09523809523809523,0.00245398773006135,,,False,0,0.020603366196155548,0.0022359141148626804,0.0003867419436573982,0.01798071013763547,1.0746065527200699e-05,0.020487297791987658,0.0011890269815921783,0.042292091995477676
tier_10k,500,1_1438042987127.36_20150728002307-00145-ip-10-236-191-2_499439925_0.csv,2,30,15.0,0.15,500,3,80,450,True,False,False,80,0,80,0.09523809523809523,0.00245398773006135,,,False,0,0.020603366196155548,0.0022359141148626804,0.0003867419436573982,0.01798071013763547,1.0536983609199524e-05,0.021762138232588768,0.0012155473232269287,0.04359327116981149
tier_10k,500,1_1438042987127.36_20150728002307-00145-ip-10-236-191-2_499439925_0.csv,2,30,20.0,0.15,500,3,80,600,True,False,False,80,0,80,0.09523809523809523,0.00245398773006135,,,False,0,0.020603366196155548,0.0022359141148626804,0.0003867419436573982,0.01798071013763547,1.052115112543106e-05,0.02057709963992238,0.001567854080349207,0.042760463897138834
tier_10k,500,1_1438042987127.36_20150728002307-00145-ip-10-236-191-2_499439925_0.csv,2,40,5.0,0.15,500,3,80,200,True,False,False,80,0,80,0.09523809523809523,0.00245398773006135,,,False,0,0.020603366196155548,0.0022359141148626804,0.0003867419436573982,0.01798071013763547,1.9364990293979645e-05,0.020587562583386898,0.0014784769155085087,0.0426905513741076
tier_10k,500,1_1438042987127.36_20150728002307-00145-ip-10-236-191-2_499439925_0.csv,2,40,10.0,0.15,500,3,80,400,True,False,False,80,0,80,0.09523809523809523,0.00245398773006135,,,False,0,0.020603366196155548,0.0022359141148626804,0.0003867419436573982,0.01798071013763547,1.1546071618795395e-05,0.0204811105504632,0.0015492592938244343,0.04264700319617987
tier_10k,500,1_1438042987127.36_20150728002307-00145-ip-10-236-191-2_499439925_0.csv,2,40,15.0,0.15,500,3,80,600,True,False,False,80,0,80,0.09523809523809523,0.00245398773006135,,,False,0,0.020603366196155548,0.0022359141148626804,0.0003867419436573982,0.01798071013763547,1.1282041668891907e-05,0.021339090075343847,0.0013899849727749825,0.04334564786404371
tier_10k,500,1_1438042987127.36_20150728002307-00145-ip-10-236-191-2_499439925_0.csv,2,40,20.0,0.15,500,3,80,800,True,False,False,80,0,80,0.09523809523809523,0.00245398773006135,,,False,0,0.020603366196155548,0.0022359141148626804,0.0003867419436573982,0.01798071013763547,1.1337921023368835e-05,0.0203609811142087,0.0013773050159215927,0.04235490644350648
tier_10k,500,1_1438042987127.36_20150728002307-00145-ip-10-236-191-2_499439925_0.csv,2,50,5.0,0.15,500,3,80,250,True,False,False,80,0,80,0.09523809523809523,0.00245398773006135,,,False,0,0.020603366196155548,0.0022359141148626804,0.0003867419436573982,0.01798071013763547,1.1390075087547302e-05,0.02057443605735898,0.001394245307892561,0.042585136368870735
tier_10k,500,1_1438042987127.36_20150728002307-00145-ip-10-236-191-2_499439925_0.csv,2,50,10.0,0.15,500,3,80,500,True,False,False,80,0,80,0.09523809523809523,0.00245398773006135,,,False,0,0.020603366196155548,0.0022359141148626804,0.0003867419436573982,0.01798071013763547,1.1519994586706161e-05,0.020698810927569866,0.0014025969430804253,0.04271807335317135
tier_10k,500,1_1438042987127.36_20150728002307-00145-ip-10-236-191-2_499439925_0.csv,2,50,15.0,0.15,500,3,80,750,True,False,False,80,0,80,0.09523809523809523,0.00245398773006135,,,False,0,0.020603366196155548,0.0022359141148626804,0.0003867419436573982,0.01798071013763547,1.1595897376537323e-05,0.02062412677332759,0.0014621610753238201,0.042703020852059126
tier_10k,500,1_1438042987127.36_20150728002307-00145-ip-10-236-191-2_499439925_0.csv,2,50,20.0,0.15,500,3,80,1000,True,False,False,80,0,80,0.09523809523809523,0.00245398773006135,,,False,0,0.020603366196155548,0.0022359141148626804,0.0003867419436573982,0.01798071013763547,2.050306648015976e-05,0.020485167857259512,0.0012781927362084389,0.042388870380818844
tier_10k,500,1_1438042990112.50_20150728002310-00013-ip-10-236-191-2_321346784_4.csv,1,10,5.0,0.15,500,14,144,50,False,True,True,50,10,50,0.3333333333333333,0.03821656050955414,0.16216216216216217,29.68380481004715,True,2,0.024266813416033983,0.0011280621401965618,0.0002929628826677799,0.02284578839316964,0.00027217715978622437,0.00419390806928277,0.0036117681302130222,0.03234653966501355
tier_10k,500,1_1438042990112.50_20150728002310-00013-ip-10-236-191-2_321346784_4.csv,1,10,10.0,0.15,500,14,144,100,False,True,True,100,10,100,0.3333333333333333,0.015873015873015872,0.15789473684210525,29.717706322669983,True,2,0.024266813416033983,0.0011280621401965618,0.0002929628826677799,0.02284578839316964,0.0004896987229585648,0.009712956845760345,0.0037109041586518288,0.0381827843375504
tier_10k,500,1_1438042990112.50_20150728002310-00013-ip-10-236-191-2_321346784_4.csv,1,10,15.0,0.15,500,14,144,150,True,True,True,144,10,144,0.3333333333333333,0.00966183574879227,0.15789473684210525,29.717706322669983,False,0,0.024266813416033983,0.0011280621401965618,0.0002929628826677799,0.02284578839316964,2.1985266357660294e-05,0.013525392860174179,0.004070898983627558,0.04188745142892003
tier_10k,500,1_1438042990112.50_20150728002310-00013-ip-10-236-191-2_321346784_4.csv,1,10,20.0,0.15,500,14,144,200,True,True,True,144,10,144,0.3333333333333333,0.00966183574879227,0.15789473684210525,29.717706322669983,False,0,0.024266813416033983,0.0011280621401965618,0.0002929628826677799,0.02284578839316964,2.1617859601974487e-05,0.013249802403151989,0.00453206617385149,0.04207276226952672
tier_10k,500,1_1438042990112.50_20150728002310-00013-ip-10-236-191-2_321346784_4.csv,1,20,5.0,0.15,500,14,144,100,False,False,False,100,0,100,0.3333333333333333,0.015873015873015872,,,True,2,0.024266813416033983,0.0011280621401965618,0.0002929628826677799,0.02284578839316964,0.0004803440533578396,0.010015824344009161,0.0013395138084888458,0.03610473545268178
tier_10k,500,1_1438042990112.50_20150728002310-00013-ip-10-236-191-2_321346784_4.csv,1,20,10.0,0.15,500,14,144,200,True,False,False,144,0,144,0.3333333333333333,0.00966183574879227,,,False,0,0.024266813416033983,0.0011280621401965618,0.0002929628826677799,0.02284578839316964,1.594237983226776e-05,0.011837056372314692,0.001434634905308485,0.03755625430494547
tier_10k,500,1_1438042990112.50_20150728002310-00013-ip-10-236-191-2_321346784_4.csv,1,20,15.0,0.15,500,14,144,300,True,False,False,144,0,144,0.3333333333333333,0.00966183574879227,,,False,0,0.024266813416033983,0.0011280621401965618,0.0002929628826677799,0.02284578839316964,1.5890225768089294e-05,0.011016737669706345,0.0013834419660270214,0.03668474033474922
tier_10k,500,1_1438042990112.50_20150728002310-00013-ip-10-236-191-2_321346784_4.csv,1,20,20.0,0.15,500,14,144,400,True,False,False,144,0,144,0.3333333333333333,0.00966183574879227,,,False,0,0.024266813416033983,0.0011280621401965618,0.0002929628826677799,0.02284578839316964,1.6089994460344315e-05,0.011044727638363838,0.0011741318739950657,0.03650352731347084
tier_10k,500,1_1438042990112.50_20150728002310-00013-ip-10-236-191-2_321346784_4.csv,1,30,5.0,0.15,500,14,144,150,True,False,False,144,0,144,0.3333333333333333,0.00966183574879227,,,False,0,0.024266813416033983,0.0011280621401965618,0.0002929628826677799,0.02284578839316964,1.588696613907814e-05,0.010913545731455088,0.0013589910231530666,0.03655695915222168
tier_10k,500,1_1438042990112.50_20150728002310-00013-ip-10-236-191-2_321346784_4.csv,1,30,10.0,0.15,500,14,144,300,True,False,False,144,0,144,0.3333333333333333,0.00966183574879227,,,False,0,0.024266813416033983,0.0011280621401965618,0.0002929628826677799,0.02284578839316964,1.581711694598198e-05,0.010977239813655615,0.0015892642550170422,0.03685102937743068
tier_10k,500,1_1438042990112.50_20150728002310-00013-ip-10-236-191-2_321346784_4.csv,1,30,15.0,0.15,500,14,144,450,True,False,False,144,0,144,0.3333333333333333,0.00966183574879227,,,False,0,0.024266813416033983,0.0011280621401965618,0.0002929628826677799,0.02284578839316964,1.581292599439621e-05,0.011032786220312119,0.0015050801448523998,0.036822333466261625
tier_10k,500,1_1438042990112.50_20150728002310-00013-ip-10-236-191-2_321346784_4.csv,1,30,20.0,0.15,500,14,144,600,True,False,False,144,0,144,0.3333333333333333,0.00966183574879227,,,False,0,0.024266813416033983,0.0011280621401965618,0.0002929628826677799,0.02284578839316964,1.5906058251857758e-05,0.010938521940261126,0.001474789809435606,0.03669782867655158
tier_10k,500,1_1438042990112.50_20150728002310-00013-ip-10-236-191-2_321346784_4.csv,1,40,5.0,0.15,500,14,144,200,True,False,False,144,0,144,0.3333333333333333,0.00966183574879227,,,False,0,0.024266813416033983,0.0011280621401965618,0.0002929628826677799,0.02284578839316964,1.6862060874700546e-05,0.010991272982209921,0.0014568720944225788,0.03673349227756262
tier_10k,500,1_1438042990112.50_20150728002310-00013-ip-10-236-191-2_321346784_4.csv,1,40,10.0,0.15,500,14,144,400,True,False,False,144,0,144,0.3333333333333333,0.00966183574879227,,,False,0,0.024266813416033983,0.0011280621401965618,0.0002929628826677799,0.02284578839316964,1.612212508916855e-05,0.010961071122437716,0.0013695978559553623,0.03661553654819727
tier_10k,500,1_1438042990112.50_20150728002310-00013-ip-10-236-191-2_321346784_4.csv,1,40,15.0,0.15,500,14,144,600,True,False,False,144,0,144,0.3333333333333333,0.00966183574879227,,,False,0,0.024266813416033983,0.0011280621401965618,0.0002929628826677799,0.02284578839316964,1.614214852452278e-05,0.010958611033856869,0.0013664159923791885,0.03660989040508866
tier_10k,500,1_1438042990112.50_20150728002310-00013-ip-10-236-191-2_321346784_4.csv,1,40,20.0,0.15,500,14,144,800,True,False,False,144,0,144,0.3333333333333333,0.00966183574879227,,,False,0,0.024266813416033983,0.0011280621401965618,0.0002929628826677799,0.02284578839316964,1.6380101442337036e-05,0.0119850211776793,0.0016225003637373447,0.03789260610938072
tier_10k,500,1_1438042990112.50_20150728002310-00013-ip-10-236-191-2_321346784_4.csv,1,50,5.0,0.15,500,14,144,250,True,False,False,144,0,144,0.3333333333333333,0.00966183574879227,,,False,0,0.024266813416033983,0.0011280621401965618,0.0002929628826677799,0.02284578839316964,1.5748199075460434e-05,0.011019900906831026,0.0015819449909031391,0.03688635351136327
tier_10k,500,1_1438042990112.50_20150728002310-00013-ip-10-236-191-2_321346784_4.csv,1,50,10.0,0.15,500,14,144,500,True,False,False,144,0,144,0.3333333333333333,0.00966183574879227,,,False,0,0.024266813416033983,0.0011280621401965618,0.0002929628826677799,0.02284578839316964,1.598615199327469e-05,0.010958519298583269,0.0013378500007092953,0.03658099425956607
tier_10k,500,1_1438042990112.50_20150728002310-00013-ip-10-236-191-2_321346784_4.csv,1,50,15.0,0.15,500,14,144,750,True,False,False,144,0,144,0.3333333333333333,0.00966183574879227,,,False,0,0.024266813416033983,0.0011280621401965618,0.0002929628826677799,0.02284578839316964,1.5949830412864685e-05,0.010880036279559135,0.0014753867872059345,0.036639964673668146
tier_10k,500,1_1438042990112.50_20150728002310-00013-ip-10-236-191-2_321346784_4.csv,1,50,20.0,0.15,500,14,144,1000,True,False,False,144,0,144,0.3333333333333333,0.00966183574879227,,,False,0,0.024266813416033983,0.0011280621401965618,0.0002929628826677799,0.02284578839316964,1.6223173588514328e-05,0.010948635172098875,0.0015578889288008213,0.03679130366072059
tier_10k,500,0_1438042988061.16_20150728002308-00143-ip-10-236-191-2_392191488_0.csv,0,10,5.0,0.15,500,23,204,50,False,True,True,50,10,50,0.06060606060606061,0.10982658959537572,0.15,25.434307992458344,True,4,0.03478735173121095,0.0014704568311572075,0.0003271359018981457,0.032989758998155594,0.0005593770183622837,0.006903548259288073,0.006841624155640602,0.049094196408987045
tier_10k,500,0_1438042988061.16_20150728002308-00143-ip-10-236-191-2_392191488_0.csv,0,10,10.0,0.15,500,23,204,100,False,True,True,100,10,100,0.06060606060606061,0.051111111111111114,0.15,25.481219559907913,True,3,0.03478735173121095,0.0014704568311572075,0.0003271359018981457,0.032989758998155594,0.0008559757843613625,0.013858022633939981,0.005574102979153395,0.055078085511922836
tier_10k,500,0_1438042988061.16_20150728002308-00143-ip-10-236-191-2_392191488_0.csv,0,10,15.0,0.15,500,23,204,150,False,True,True,150,10,150,0.06060606060606061,0.028938906752411574,0.15,25.481219559907913,True,2,0.03478735173121095,0.0014704568311572075,0.0003271359018981457,0.032989758998155594,0.0007830890826880932,0.017761471681296825,0.005915570072829723,0.05924996780231595
tier_10k,500,0_1438042988061.16_20150728002308-00143-ip-10-236-191-2_392191488_0.csv,0,10,20.0,0.15,500,23,204,200,False,True,True,200,10,200,0.06060606060606061,0.010440835266821345,0.15,25.481219559907913,True,2,0.03478735173121095,0.0014704568311572075,0.0003271359018981457,0.032989758998155594,0.0007230243645608425,0.022862943820655346,0.016041137278079987,0.07441687071695924
tier_10k,500,0_1438042988061.16_20150728002308-00143-ip-10-236-191-2_392191488_0.csv,0,20,5.0,0.15,500,23,204,100,False,True,True,100,20,100,0.06060606060606061,0.051111111111111114,0.1511627906976744,50.24426853656769,True,3,0.03478735173121095,0.0014704568311572075,0.0003271359018981457,0.032989758998155594,0.0005150511860847473,0.011805214919149876,0.03541634092107415,0.08252612873911858
tier_10k,500,0_1438042988061.16_20150728002308-00143-ip-10-236-191-2_392191488_0.csv,0,20,10.0,0.15,500,23,204,200,False,True,True,200,20,200,0.06060606060606061,0.010440835266821345,0.1511627906976744,50.24426853656769,True,2,0.03478735173121095,0.0014704568311572075,0.0003271359018981457,0.032989758998155594,0.0007265368476510048,0.020330537110567093,0.0506171602755785,0.10646422486752272
tier_10k,500,0_1438042988061.16_20150728002308-00143-ip-10-236-191-2_392191488_0.csv,0,20,15.0,0.15,500,23,204,300,True,True,True,204,20,204,0.06060606060606061,0.006993006993006993,0.1511627906976744,50.24426853656769,False,0,0.03478735173121095,0.0014704568311572075,0.0003271359018981457,0.032989758998155594,3.119511529803276e-05,0.03675574902445078,0.035354169085621834,0.10693144286051393
tier_10k,500,0_1438042988061.16_20150728002308-00143-ip-10-236-191-2_392191488_0.csv,0,20,20.0,0.15,500,23,204,400,True,True,True,204,20,204,0.06060606060606061,0.006993006993006993,0.1511627906976744,50.24426853656769,False,0,0.03478735173121095,0.0014704568311572075,0.0003271359018981457,0.032989758998155594,3.000488504767418e-05,0.03706906596198678,0.03944220673292875,0.11133146658539772
tier_10k,500,0_1438042988061.16_20150728002308-00143-ip-10-236-191-2_392191488_0.csv,0,30,5.0,0.15,500,23,204,150,False,True,True,150,30,150,0.06060606060606061,0.028938906752411574,0.15,72.46931031346321,True,2,0.03478735173121095,0.0014704568311572075,0.0003271359018981457,0.032989758998155594,0.0005246247164905071,0.012016753200441599,0.005560531746596098,0.05289161764085293
tier_10k,500,0_1438042988061.16_20150728002308-00143-ip-10-236-191-2_392191488_0.csv,0,30,10.0,0.15,500,23,204,300,True,True,True,204,30,204,0.06060606060606061,0.006993006993006993,0.15,72.46931031346321,False,0,0.03478735173121095,0.0014704568311572075,0.0003271359018981457,0.032989758998155594,2.530403435230255e-05,0.018303838092833757,0.005962376017123461,0.05908137280493975
tier_10k,500,0_1438042988061.16_20150728002308-00143-ip-10-236-191-2_392191488_0.csv,0,30,15.0,0.15,500,23,204,450,True,True,True,204,30,204,0.06060606060606061,0.006993006993006993,0.15,72.46931031346321,False,0,0.03478735173121095,0.0014704568311572075,0.0003271359018981457,0.032989758998155594,2.3841392248868942e-05,0.018829558975994587,0.005130047909915447,0.05877288756892085
tier_10k,500,0_1438042988061.16_20150728002308-00143-ip-10-236-191-2_392191488_0.csv,0,30,20.0,0.15,500,23,204,600,True,True,True,204,30,204,0.06060606060606061,0.006993006993006993,0.15,72.46931031346321,False,0,0.03478735173121095,0.0014704568311572075,0.0003271359018981457,0.032989758998155594,2.422509714961052e-05,0.01805215422064066,0.005510428920388222,0.05837625777348876
tier_10k,500,0_1438042988061.16_20150728002308-00143-ip-10-236-191-2_392191488_0.csv,0,40,5.0,0.15,500,23,204,200,False,False,False,200,0,200,0.06060606060606061,0.010440835266821345,,,True,2,0.03478735173121095,0.0014704568311572075,0.0003271359018981457,0.032989758998155594,0.000609199982136488,0.018514268100261688,0.0011093290522694588,0.055022014770656824
tier_10k,500,0_1438042988061.16_20150728002308-00143-ip-10-236-191-2_392191488_0.csv,0,40,10.0,0.15,500,23,204,400,True,False,False,204,0,204,0.06060606060606061,0.006993006993006993,,,False,0,0.03478735173121095,0.0014704568311572075,0.0003271359018981457,0.032989758998155594,1.70757994055748e-05,0.014852006919682026,0.0013662399724125862,0.05102416593581438
tier_10k,500,0_1438042988061.16_20150728002308-00143-ip-10-236-191-2_392191488_0.csv,0,40,15.0,0.15,500,23,204,600,True,False,False,204,0,204,0.06060606060606061,0.006993006993006993,,,False,0,0.03478735173121095,0.0014704568311572075,0.0003271359018981457,0.032989758998155594,1.6383826732635498e-05,0.015465402975678444,0.001587187871336937,0.05185775877907872
tier_10k,500,0_1438042988061.16_20150728002308-00143-ip-10-236-191-2_392191488_0.csv,0,40,20.0,0.15,500,23,204,800,True,False,False,204,0,204,0.06060606060606061,0.006993006993006993,,,False,0,0.03478735173121095,0.0014704568311572075,0.0003271359018981457,0.032989758998155594,1.6110017895698547e-05,0.015147126745432615,0.0015172641724348068,0.051469250582158566
tier_10k,500,0_1438042988061.16_20150728002308-00143-ip-10-236-191-2_392191488_0.csv,0,50,5.0,0.15,500,23,204,250,True,False,False,204,0,204,0.06060606060606061,0.006993006993006993,,,False,0,0.03478735173121095,0.0014704568311572075,0.0003271359018981457,0.032989758998155594,2.725701779127121e-05,0.01505103288218379,0.0014486978761851788,0.05131590459495783
tier_10k,500,0_1438042988061.16_20150728002308-00143-ip-10-236-191-2_392191488_0.csv,0,50,10.0,0.15,500,23,204,500,True,False,False,204,0,204,0.06060606060606061,0.006993006993006993,,,False,0,0.03478735173121095,0.0014704568311572075,0.0003271359018981457,0.032989758998155594,1.7522834241390228e-05,0.015205854084342718,0.0011870521120727062,0.05119937285780907
tier_10k,500,0_1438042988061.16_20150728002308-00143-ip-10-236-191-2_392191488_0.csv,0,50,15.0,0.15,500,23,204,750,True,False,False,204,0,204,0.06060606060606061,0.006993006993006993,,,False,0,0.03478735173121095,0.0014704568311572075,0.0003271359018981457,0.032989758998155594,1.7384067177772522e-05,0.015125990845263004,0.0015234681777656078,0.051455731969326735
tier_10k,500,0_1438042988061.16_20150728002308-00143-ip-10-236-191-2_392191488_0.csv,0,50,20.0,0.15,500,23,204,1000,True,False,False,204,0,204,0.06060606060606061,0.006993006993006993,,,False,0,0.03478735173121095,0.0014704568311572075,0.0003271359018981457,0.032989758998155594,1.760711893439293e-05,0.015361641999334097,0.0014251070097088814,0.05159318074584007
tier_10k,500,1_1438042987127.36_20150728002307-00040-ip-10-236-191-2_17801588_1.csv,2,10,5.0,0.15,500,12,163,50,False,True,True,50,10,50,1.0,0.12605042016806722,0.18181818181818182,26.90305882692337,True,3,0.019707035273313522,0.0012954287230968475,0.00021915463730692863,0.018192451912909746,0.0003288290463387966,0.0034020012244582176,0.0035820179618895054,0.027021639049053192
tier_10k,500,1_1438042987127.36_20150728002307-00040-ip-10-236-191-2_17801588_1.csv,2,10,10.0,0.15,500,12,163,100,False,True,True,100,10,100,1.0,0.0728744939271255,0.18181818181818182,27.09985899925232,True,3,0.019707035273313522,0.0012954287230968475,0.00021915463730692863,0.018192451912909746,0.000574267003685236,0.010054284706711769,0.003386789932847023,0.03372439229860902
tier_10k,500,1_1438042987127.36_20150728002307-00040-ip-10-236-191-2_17801588_1.csv,2,10,15.0,0.15,500,12,163,150,False,True,True,150,10,150,1.0,0.04672897196261682,0.15384615384615385,27.35897719860077,True,3,0.019707035273313522,0.0012954287230968475,0.00021915463730692863,0.018192451912909746,0.0006056050769984722,0.013319302815943956,0.004973177798092365,0.03860726719722152
tier_10k,500,1_1438042987127.36_20150728002307-00040-ip-10-236-191-2_17801588_1.csv,2,10,20.0,0.15,500,12,163,200,True,True,True,163,10,163,1.0,0.03889789303079417,0.15384615384615385,27.35897719860077,False,0,0.019707035273313522,0.0012954287230968475,0.00021915463730692863,0.018192451912909746,2.0123086869716644e-05,0.012910478748381138,0.007029566913843155,0.03966976748779416
tier_10k,500,1_1438042987127.36_20150728002307-00040-ip-10-236-191-2_17801588_1.csv,2,20,5.0,0.15,500,12,163,100,False,True,True,100,20,100,1.0,0.0728744939271255,0.2,52.576546132564545,True,3,0.019707035273313522,0.0012954287230968475,0.00021915463730692863,0.018192451912909746,0.0006103506311774254,0.008713403716683388,0.004417779389768839,0.03345165215432644
tier_10k,500,1_1438042987127.36_20150728002307-00040-ip-10-236-191-2_17801588_1.csv,2,20,10.0,0.15,500,12,163,200,True,True,True,163,20,163,1.0,0.03889789303079417,0.15789473684210525,53.01083105802536,False,0,0.019707035273313522,0.0012954287230968475,0.00021915463730692863,0.018192451912909746,1.979619264602661e-05,0.012988653965294361,0.016906543634831905,0.04962417110800743
tier_10k,500,1_1438042987127.36_20150728002307-00040-ip-10-236-191-2_17801588_1.csv,2,20,15.0,0.15,500,12,163,300,True,True,True,163,20,163,1.0,0.03889789303079417,0.15789473684210525,53.01083105802536,False,0,0.019707035273313522,0.0012954287230968475,0.00021915463730692863,0.018192451912909746,2.017104998230934e-05,0.01443399302661419,0.017155037261545658,0.051318240351974964
tier_10k,500,1_1438042987127.36_20150728002307-00040-ip-10-236-191-2_17801588_1.csv,2,20,20.0,0.15,500,12,163,400,True,True,True,163,20,163,1.0,0.03889789303079417,0.15789473684210525,53.01083105802536,False,0,0.019707035273313522,0.0012954287230968475,0.00021915463730692863,0.018192451912909746,1.2998003512620926e-05,0.010150933172553778,0.017077079974114895,0.0469499989412725
tier_10k,500,1_1438042987127.36_20150728002307-00040-ip-10-236-191-2_17801588_1.csv,2,30,5.0,0.15,500,12,163,150,False,True,True,150,30,150,1.0,0.04672897196261682,0.1506849315068493,78.63634544610977,True,3,0.019707035273313522,0.0012954287230968475,0.00021915463730692863,0.018192451912909746,0.0006353352218866348,0.012928369920700788,0.011718587949872017,0.044991422444581985
tier_10k,500,1_1438042987127.36_20150728002307-00040-ip-10-236-191-2_17801588_1.csv,2,30,10.0,0.15,500,12,163,300,True,True,True,163,30,163,1.0,0.03889789303079417,0.1506849315068493,78.63634544610977,False,0,0.019707035273313522,0.0012954287230968475,0.00021915463730692863,0.018192451912909746,1.2733973562717438e-05,0.011254437267780304,0.015543084125965834,0.04651930136606097
tier_10k,500,1_1438042987127.36_20150728002307-00040-ip-10-236-191-2_17801588_1.csv,2,30,15.0,0.15,500,12,163,450,True,True,True,163,30,163,1.0,0.03889789303079417,0.1506849315068493,78.63634544610977,False,0,0.019707035273313522,0.0012954287230968475,0.00021915463730692863,0.018192451912909746,1.987908035516739e-05,0.013669663108885288,0.014777386095374823,0.048175988253206015
tier_10k,500,1_1438042987127.36_20150728002307-00040-ip-10-236-191-2_17801588_1.csv,2,30,20.0,0.15,500,12,163,600,True,True,True,163,30,163,1.0,0.03889789303079417,0.1506849315068493,78.63634544610977,False,0,0.019707035273313522,0.0012954287230968475,0.00021915463730692863,0.018192451912909746,1.2211035937070847e-05,0.010113708674907684,0.01583007676526904,0.04566471418365836
tier_10k,500,1_1438042987127.36_20150728002307-00040-ip-10-236-191-2_17801588_1.csv,2,40,5.0,0.15,500,12,163,200,True,True,True,163,40,163,1.0,0.03889789303079417,0.15,100.86567860841751,False,0,0.019707035273313522,0.0012954287230968475,0.00021915463730692863,0.018192451912909746,2.0524021238088608e-05,0.013668272644281387,0.0066024670377373695,0.04000047640874982
tier_10k,500,1_1438042987127.36_20150728002307-00040-ip-10-236-191-2_17801588_1.csv,2,40,10.0,0.15,500,12,163,400,True,True,True,163,40,163,1.0,0.03889789303079417,0.15,100.86567860841751,False,0,0.019707035273313522,0.0012954287230968475,0.00021915463730692863,0.018192451912909746,1.985626295208931e-05,0.011640394106507301,0.005555768962949514,0.03692519897595048
tier_10k,500,1_1438042987127.36_20150728002307-00040-ip-10-236-191-2_17801588_1.csv,2,40,15.0,0.15,500,12,163,600,True,True,True,163,40,163,1.0,0.03889789303079417,0.15,100.86567860841751,False,0,0.019707035273313522,0.0012954287230968475,0.00021915463730692863,0.018192451912909746,1.957826316356659e-05,0.013896866701543331,0.005779631901532412,0.03940524533390999
tier_10k,500,1_1438042987127.36_20150728002307-00040-ip-10-236-191-2_17801588_1.csv,2,40,20.0,0.15,500,12,163,800,True,True,True,163,40,163,1.0,0.03889789303079417,0.15,100.86567860841751,False,0,0.019707035273313522,0.0012954287230968475,0.00021915463730692863,0.018192451912909746,1.974496990442276e-05,0.011860629078000784,0.005968356039375067,0.03755779750645161
tier_10k,500,1_1438042987127.36_20150728002307-00040-ip-10-236-191-2_17801588_1.csv,2,50,5.0,0.15,500,12,163,250,True,False,False,163,0,163,1.0,0.03889789303079417,,,False,0,0.019707035273313522,0.0012954287230968475,0.00021915463730692863,0.018192451912909746,1.963973045349121e-05,0.014360806904733181,0.001397836022078991,0.03548742923885584
tier_10k,500,1_1438042987127.36_20150728002307-00040-ip-10-236-191-2_17801588_1.csv,2,50,10.0,0.15,500,12,163,500,True,False,False,163,0,163,1.0,0.03889789303079417,,,False,0,0.019707035273313522,0.0012954287230968475,0.00021915463730692863,0.018192451912909746,1.448625698685646e-05,0.009998155757784843,0.0011731833219528198,0.030894351191818714
tier_10k,500,1_1438042987127.36_20150728002307-00040-ip-10-236-191-2_17801588_1.csv,2,50,15.0,0.15,500,12,163,750,True,False,False,163,0,163,1.0,0.03889789303079417,,,False,0,0.019707035273313522,0.0012954287230968475,0.00021915463730692863,0.018192451912909746,1.4360062777996063e-05,0.01019703783094883,0.0011946321465075016,0.031114589422941208
tier_10k,500,1_1438042987127.36_20150728002307-00040-ip-10-236-191-2_17801588_1.csv,2,50,20.0,0.15,500,12,163,1000,True,False,False,163,0,163,1.0,0.03889789303079417,,,False,0,0.019707035273313522,0.0012954287230968475,0.00021915463730692863,0.018192451912909746,1.419195905327797e-05,0.009983784053474665,0.001195788849145174,0.030902340542525053
tier_10k,500,1_1438042987127.36_20150728002307-00050-ip-10-236-191-2_732552166_0.csv,0,10,5.0,0.15,500,1,205,50,False,True,True,50,10,50,1.0,0.0392156862745098,0.18181818181818182,18.688819229602814,True,2,0.02642830926924944,0.001154361292719841,0.0002416549250483513,0.025032293051481247,0.00031324010342359543,0.0021732361055910587,0.003709052689373493,0.03262564353644848
tier_10k,500,1_1438042987127.36_20150728002307-00050-ip-10-236-191-2_732552166_0.csv,0,10,10.0,0.15,500,1,205,100,False,True,True,100,10,100,1.0,0.016877637130801686,0.15384615384615385,18.862857699394226,True,2,0.02642830926924944,0.001154361292719841,0.0002416549250483513,0.025032293051481247,0.0005442732945084572,0.007344297133386135,0.004178536124527454,0.03849755600094795
tier_10k,500,1_1438042987127.36_20150728002307-00050-ip-10-236-191-2_732552166_0.csv,0,10,15.0,0.15,500,1,205,150,False,True,True,150,10,150,1.0,0.009779951100244499,0.15384615384615385,18.89277583360672,True,2,0.02642830926924944,0.001154361292719841,0.0002416549250483513,0.025032293051481247,0.0005569667555391788,0.008955989964306355,0.004751948174089193,0.04069532733410597
tier_10k,500,1_1438042987127.36_20150728002307-00050-ip-10-236-191-2_732552166_0.csv,0,10,20.0,0.15,500,1,205,200,False,True,True,200,10,200,1.0,0.0061633281972265025,0.15384615384615385,18.89277583360672,True,2,0.02642830926924944,0.001154361292719841,0.0002416549250483513,0.025032293051481247,0.0005931039340794086,0.010156907141208649,0.005384260322898626,0.042564631439745426
tier_10k,500,1_1438042987127.36_20150728002307-00050-ip-10-236-191-2_732552166_0.csv,0,20,5.0,0.15,500,1,205,100,False,False,False,100,0,100,1.0,0.016877637130801686,,,True,2,0.02642830926924944,0.001154361292719841,0.0002416549250483513,0.025032293051481247,0.0005177902057766914,0.006580307148396969,0.0009037391282618046,0.03443208150565624
tier_10k,500,1_1438042987127.36_20150728002307-00050-ip-10-236-191-2_732552166_0.csv,0,20,10.0,0.15,500,1,205,200,False,False,False,200,0,200,1.0,0.0061633281972265025,,,True,2,0.02642830926924944,0.001154361292719841,0.0002416549250483513,0.025032293051481247,0.00036377226933836937,0.007519121747463942,0.001014632172882557,0.0353274242952466
tier_10k,500,1_1438042987127.36_20150728002307-00050-ip-10-236-191-2_732552166_0.csv,0,20,15.0,0.15,500,1,205,300,True,False,False,205,0,205,1.0,0.005747126436781609,,,False,0,0.02642830926924944,0.001154361292719841,0.0002416549250483513,0.025032293051481247,1.6023870557546616e-05,0.007704867050051689,0.0011476976796984673,0.03529829531908035
tier_10k,500,1_1438042987127.36_20150728002307-00050-ip-10-236-191-2_732552166_0.csv,0,20,20.0,0.15,500,1,205,400,True,False,False,205,0,205,1.0,0.005747126436781609,,,False,0,0.02642830926924944,0.001154361292719841,0.0002416549250483513,0.025032293051481247,1.6520265489816666e-05,0.007612946908921003,0.0011588577181100845,0.035218270029872656
tier_10k,500,1_1438042987127.36_20150728002307-00050-ip-10-236-191-2_732552166_0.csv,0,30,5.0,0.15,500,1,205,150,False,False,False,150,0,150,1.0,0.009779951100244499,,,True,2,0.02642830926924944,0.001154361292719841,0.0002416549250483513,0.025032293051481247,0.0003361450508236885,0.005736619234085083,0.0010667713358998299,0.033569252118468285
tier_10k,500,1_1438042987127.36_20150728002307-00050-ip-10-236-191-2_732552166_0.csv,0,30,10.0,0.15,500,1,205,300,True,False,False,205,0,205,1.0,0.005747126436781609,,,False,0,0.02642830926924944,0.001154361292719841,0.0002416549250483513,0.025032293051481247,1.6962643712759018e-05,0.007645271252840757,0.0008762441575527191,0.03496812516823411
tier_10k,500,1_1438042987127.36_20150728002307-00050-ip-10-236-191-2_732552166_0.csv,0,30,15.0,0.15,500,1,205,450,True,False,False,205,0,205,1.0,0.005747126436781609,,,False,0,0.02642830926924944,0.001154361292719841,0.0002416549250483513,0.025032293051481247,1.629488542675972e-05,0.007695317734032869,0.0009671659208834171,0.035108418203890324
tier_10k,500,1_1438042987127.36_20150728002307-00050-ip-10-236-191-2_732552166_0.csv,0,30,20.0,0.15,500,1,205,600,True,False,False,205,0,205,1.0,0.005747126436781609,,,False,0,0.02642830926924944,0.001154361292719841,0.0002416549250483513,0.025032293051481247,1.6659963876008987e-05,0.007591240108013153,0.0010692938230931759,0.035106835421174765
tier_10k,500,1_1438042987127.36_20150728002307-00050-ip-10-236-191-2_732552166_0.csv,0,40,5.0,0.15,500,1,205,200,False,False,False,200,0,200,1.0,0.0061633281972265025,,,True,2,0.02642830926924944,0.001154361292719841,0.0002416549250483513,0.025032293051481247,0.0003692121244966984,0.007507623638957739,0.0011081700213253498,0.03541477723047137
tier_10k,500,1_1438042987127.36_20150728002307-00050-ip-10-236-191-2_732552166_0.csv,0,40,10.0,0.15,500,1,205,400,True,False,False,205,0,205,1.0,0.005747126436781609,,,False,0,0.02642830926924944,0.001154361292719841,0.0002416549250483513,0.025032293051481247,1.6012229025363922e-05,0.007637550123035908,0.0008872561156749725,0.034970644395798445
tier_10k,500,1_1438042987127.36_20150728002307-00050-ip-10-236-191-2_732552166_0.csv,0,40,15.0,0.15,500,1,205,600,True,False,False,205,0,205,1.0,0.005747126436781609,,,False,0,0.02642830926924944,0.001154361292719841,0.0002416549250483513,0.025032293051481247,1.6432255506515503e-05,0.007692557759582996,0.0028787939809262753,0.03701748140156269
tier_10k,500,1_1438042987127.36_20150728002307-00050-ip-10-236-191-2_732552166_0.csv,0,40,20.0,0.15,500,1,205,800,True,False,False,205,0,205,1.0,0.005747126436781609,,,False,0,0.02642830926924944,0.001154361292719841,0.0002416549250483513,0.025032293051481247,1.5764031559228897e-05,0.007592733949422836,0.0011917278170585632,0.035229962319135666
tier_10k,500,1_1438042987127.36_20150728002307-00050-ip-10-236-191-2_732552166_0.csv,0,50,5.0,0.15,500,1,205,250,True,False,False,205,0,205,1.0,0.005747126436781609,,,False,0,0.02642830926924944,0.001154361292719841,0.0002416549250483513,0.025032293051481247,1.606810837984085e-05,0.007698025554418564,0.0009516198188066483,0.03509529819712043
tier_10k,500,1_1438042987127.36_20150728002307-00050-ip-10-236-191-2_732552166_0.csv,0,50,10.0,0.15,500,1,205,500,True,False,False,205,0,205,1.0,0.005747126436781609,,,False,0,0.02642830926924944,0.001154361292719841,0.0002416549250483513,0.025032293051481247,1.6069971024990082e-05,0.00763272400945425,0.0011365748941898346,0.03521508118137717
tier_10k,500,1_1438042987127.36_20150728002307-00050-ip-10-236-191-2_732552166_0.csv,0,50,15.0,0.15,500,1,205,750,True,False,False,205,0,205,1.0,0.005747126436781609,,,False,0,0.02642830926924944,0.001154361292719841,0.0002416549250483513,0.025032293051481247,1.6608741134405136e-05,0.007690243888646364,0.001015335787087679,0.03515187418088317
tier_10k,500,1_1438042987127.36_20150728002307-00050-ip-10-236-191-2_732552166_0.csv,0,50,20.0,0.15,500,1,205,1000,True,False,False,205,0,205,1.0,0.005747126436781609,,,False,0,0.02642830926924944,0.001154361292719841,0.0002416549250483513,0.025032293051481247,1.6048084944486618e-05,0.0076239160262048244,0.0010345177724957466,0.03510415321215987
tier_10k,500,1_1438042987127.36_20150728002307-00263-ip-10-236-191-2_379683688_1.csv,0,10,5.0,0.15,500,8,153,50,False,False,False,50,0,50,0.16666666666666666,0.02608695652173913,,,True,2,0.021403387654572725,0.0012461948208510876,0.00023519480600953102,0.019921998027712107,0.00022720685228705406,0.0034140641801059246,0.0009296969510614872,0.025976067408919334
tier_10k,500,1_1438042987127.36_20150728002307-00263-ip-10-236-191-2_379683688_1.csv,0,10,10.0,0.15,500,8,153,100,False,False,False,100,0,100,0.16666666666666666,0.009966777408637873,,,True,2,0.021403387654572725,0.0012461948208510876,0.00023519480600953102,0.019921998027712107,0.00027167610824108124,0.0061322832480072975,0.0009201262146234512,0.028729042503982782
tier_10k,500,1_1438042987127.36_20150728002307-00263-ip-10-236-191-2_379683688_1.csv,0,10,15.0,0.15,500,8,153,150,False,False,False,150,0,150,0.16666666666666666,0.003329633740288568,,,True,2,0.021403387654572725,0.0012461948208510876,0.00023519480600953102,0.019921998027712107,0.00027317600324749947,0.009181813802570105,0.001071230974048376,0.031930950935930014
tier_10k,500,1_1438042987127.36_20150728002307-00263-ip-10-236-191-2_379683688_1.csv,0,10,20.0,0.15,500,8,153,200,True,False,False,153,0,153,0.16666666666666666,0.0023538642604943117,,,False,0,0.021403387654572725,0.0012461948208510876,0.00023519480600953102,0.019921998027712107,1.4088116586208344e-05,0.00923797208815813,0.0011278828606009483,0.0317847840487957
tier_10k,500,1_1438042987127.36_20150728002307-00263-ip-10-236-191-2_379683688_1.csv,0,20,5.0,0.15,500,8,153,100,False,False,False,100,0,100,0.16666666666666666,0.009966777408637873,,,True,2,0.021403387654572725,0.0012461948208510876,0.00023519480600953102,0.019921998027712107,0.00023659970611333847,0.005397367756813765,0.0011181998997926712,0.028157025575637817
tier_10k,500,1_1438042987127.36_20150728002307-00263-ip-10-236-191-2_379683688_1.csv,0,20,10.0,0.15,500,8,153,200,True,False,False,153,0,153,0.16666666666666666,0.0023538642604943117,,,False,0,0.021403387654572725,0.0012461948208510876,0.00023519480600953102,0.019921998027712107,1.2998003512620926e-05,0.009275980293750763,0.0013625766150653362,0.03205615654587746
tier_10k,500,1_1438042987127.36_20150728002307-00263-ip-10-236-191-2_379683688_1.csv,0,20,15.0,0.15,500,8,153,300,True,False,False,153,0,153,0.16666666666666666,0.0023538642604943117,,,False,0,0.021403387654572725,0.0012461948208510876,0.00023519480600953102,0.019921998027712107,1.4004763215780258e-05,0.009279078338295221,0.001252611167728901,0.031950580421835184
tier_10k,500,1_1438042987127.36_20150728002307-00263-ip-10-236-191-2_379683688_1.csv,0,20,20.0,0.15,500,8,153,400,True,False,False,153,0,153,0.16666666666666666,0.0023538642604943117,,,False,0,0.021403387654572725,0.0012461948208510876,0.00023519480600953102,0.019921998027712107,1.4409422874450684e-05,0.009198663756251335,0.0010419609025120735,0.03165997192263603
tier_10k,500,1_1438042987127.36_20150728002307-00263-ip-10-236-191-2_379683688_1.csv,0,30,5.0,0.15,500,8,153,150,False,False,False,150,0,150,0.16666666666666666,0.003329633740288568,,,True,2,0.021403387654572725,0.0012461948208510876,0.00023519480600953102,0.019921998027712107,0.0002694730646908283,0.009090126026421785,0.0012213378213346004,0.03198590502142906
tier_10k,500,1_1438042987127.36_20150728002307-00263-ip-10-236-191-2_379683688_1.csv,0,30,10.0,0.15,500,8,153,300,True,False,False,153,0,153,0.16666666666666666,0.0023538642604943117,,,False,0,0.021403387654572725,0.0012461948208510876,0.00023519480600953102,0.019921998027712107,1.260777935385704e-05,0.00826626317575574,0.0011962540447711945,0.03087987657636404
tier_10k,500,1_1438042987127.36_20150728002307-00263-ip-10-236-191-2_379683688_1.csv,0,30,15.0,0.15,500,8,153,450,True,False,False,153,0,153,0.16666666666666666,0.0023538642604943117,,,False,0,0.021403387654572725,0.0012461948208510876,0.00023519480600953102,0.019921998027712107,1.3242941349744797e-05,0.009275104850530624,0.00136273680254817,0.0320558063685894
tier_10k,500,1_1438042987127.36_20150728002307-00263-ip-10-236-191-2_379683688_1.csv,0,30,20.0,0.15,500,8,153,600,True,False,False,153,0,153,0.16666666666666666,0.0023538642604943117,,,False,0,0.021403387654572725,0.0012461948208510876,0.00023519480600953102,0.019921998027712107,1.3662036508321762e-05,0.009417810011655092,0.0013468721881508827,0.03218344459310174
tier_10k,500,1_1438042987127.36_20150728002307-00263-ip-10-236-191-2_379683688_1.csv,0,40,5.0,0.15,500,8,153,200,True,False,False,153,0,153,0.16666666666666666,0.0023538642604943117,,,False,0,0.021403387654572725,0.0012461948208510876,0.00023519480600953102,0.019921998027712107,1.5412922948598862e-05,0.009568728040903807,0.0013008061796426773,0.03228987380862236
tier_10k,500,1_1438042987127.36_20150728002307-00263-ip-10-236-191-2_379683688_1.csv,0,40,10.0,0.15,500,8,153,400,True,False,False,153,0,153,0.16666666666666666,0.0023538642604943117,,,False,0,0.021403387654572725,0.0012461948208510876,0.00023519480600953102,0.019921998027712107,1.9726809114217758e-05,0.0163746178150177,0.0015475661493837833,0.03934757970273495
tier_10k,500,1_1438042987127.36_20150728002307-00263-ip-10-236-191-2_379683688_1.csv,0,40,15.0,0.15,500,8,153,600,True,False,False,153,0,153,0.16666666666666666,0.0023538642604943117,,,False,0,0.021403387654572725,0.0012461948208510876,0.00023519480600953102,0.019921998027712107,2.1445099264383316e-05,0.016758407931774855,0.0015568300150334835,0.03974205255508423
tier_10k,500,1_1438042987127.36_20150728002307-00263-ip-10-236-191-2_379683688_1.csv,0,40,20.0,0.15,500,8,153,800,True,False,False,153,0,153,0.16666666666666666,0.0023538642604943117,,,False,0,0.021403387654572725,0.0012461948208510876,0.00023519480600953102,0.019921998027712107,2.1383166313171387e-05,0.016792865004390478,0.0016717640683054924,0.03989146463572979
tier_10k,500,1_1438042987127.36_20150728002307-00263-ip-10-236-191-2_379683688_1.csv,0,50,5.0,0.15,500,8,153,250,True,False,False,153,0,153,0.16666666666666666,0.0023538642604943117,,,False,0,0.021403387654572725,0.0012461948208510876,0.00023519480600953102,0.019921998027712107,1.9900035113096237e-05,0.016139236744493246,0.0016281520947813988,0.0391925978474319
tier_10k,500,1_1438042987127.36_20150728002307-00263-ip-10-236-191-2_379683688_1.csv,0,50,10.0,0.15,500,8,153,500,True,False,False,153,0,153,0.16666666666666666,0.0023538642604943117,,,False,0,0.021403387654572725,0.0012461948208510876,0.00023519480600953102,0.019921998027712107,1.4415942132472992e-05,0.014709331095218658,0.0010902797803282738,0.037219143472611904
tier_10k,500,1_1438042987127.36_20150728002307-00263-ip-10-236-191-2_379683688_1.csv,0,50,15.0,0.15,500,8,153,750,True,False,False,153,0,153,0.16666666666666666,0.0023538642604943117,,,False,0,0.021403387654572725,0.0012461948208510876,0.00023519480600953102,0.019921998027712107,1.3860408216714859e-05,0.009345975238829851,0.0012924703769385815,0.03205717075616121
tier_10k,500,1_1438042987127.36_20150728002307-00263-ip-10-236-191-2_379683688_1.csv,0,50,20.0,0.15,500,8,153,1000,True,False,False,153,0,153,0.16666666666666666,0.0023538642604943117,,,False,0,0.021403387654572725,0.0012461948208510876,0.00023519480600953102,0.019921998027712107,1.4546327292919159e-05,0.009098650887608528,0.0014122840948402882,0.031930302269756794
tier_10k,500,1_1438042990112.50_20150728002310-00139-ip-10-236-191-2_473436377_9.csv,1,10,5.0,0.15,500,138,160,50,False,True,True,50,10,50,0.6666666666666666,0.973568281938326,0.9736842105263158,34.15426480770111,True,2,0.02114094840362668,0.001492931041866541,0.000251151155680418,0.01939686620607972,0.00021285377442836761,0.004053743090480566,0.0035334723070263863,0.028942933306097984
tier_10k,500,1_1438042990112.50_20150728002310-00139-ip-10-236-191-2_473436377_9.csv,1,10,10.0,0.15,500,138,160,100,False,True,True,100,10,100,0.6666666666666666,0.611764705882353,0.6323529411764706,37.9156152009964,True,2,0.02114094840362668,0.001492931041866541,0.000251151155680418,0.01939686620607972,0.00042467517778277397,0.012313577812165022,0.003145397175103426,0.037026647478342056
tier_10k,500,1_1438042990112.50_20150728002310-00139-ip-10-236-191-2_473436377_9.csv,1,10,15.0,0.15,500,138,160,150,False,True,True,150,10,150,0.6666666666666666,0.34478203434610305,0.4155844155844156,38.740181624889374,True,2,0.02114094840362668,0.001492931041866541,0.000251151155680418,0.01939686620607972,0.00044984789565205574,0.016029261983931065,0.003380103036761284,0.0410023108124733
tier_10k,500,1_1438042990112.50_20150728002310-00139-ip-10-236-191-2_473436377_9.csv,1,10,20.0,0.15,500,138,160,200,True,True,True,160,10,160,0.6666666666666666,0.25806451612903225,0.4155844155844156,38.740181624889374,False,0,0.02114094840362668,0.001492931041866541,0.000251151155680418,0.01939686620607972,2.098502591252327e-05,0.016990797128528357,0.0031965691596269608,0.04135141475126147
tier_10k,500,1_1438042990112.50_20150728002310-00139-ip-10-236-191-2_473436377_9.csv,1,20,5.0,0.15,500,138,160,100,False,True,True,100,20,100,0.6666666666666666,0.611764705882353,0.6541353383458647,72.69780093431473,True,2,0.02114094840362668,0.001492931041866541,0.000251151155680418,0.01939686620607972,0.00040996866300702095,0.01227519754320383,0.0029648463241755962,0.036793006118386984
tier_10k,500,1_1438042990112.50_20150728002310-00139-ip-10-236-191-2_473436377_9.csv,1,20,10.0,0.15,500,138,160,200,True,True,True,160,20,160,0.6666666666666666,0.25806451612903225,0.23026315789473684,75.68765550851822,False,0,0.02114094840362668,0.001492931041866541,0.000251151155680418,0.01939686620607972,2.0318664610385895e-05,0.017487713135778904,0.0029651159420609474,0.041616146452724934
tier_10k,500,1_1438042990112.50_20150728002310-00139-ip-10-236-191-2_473436377_9.csv,1,20,15.0,0.15,500,138,160,300,True,True,True,160,20,160,0.6666666666666666,0.25806451612903225,0.23026315789473684,75.68765550851822,False,0,0.02114094840362668,0.001492931041866541,0.000251151155680418,0.01939686620607972,2.0234845578670502e-05,0.016982100903987885,0.003544068895280361,0.04168946435675025
tier_10k,500,1_1438042990112.50_20150728002310-00139-ip-10-236-191-2_473436377_9.csv,1,20,20.0,0.15,500,138,160,400,True,True,True,160,20,160,0.6666666666666666,0.25806451612903225,0.23026315789473684,75.68765550851822,False,0,0.02114094840362668,0.001492931041866541,0.000251151155680418,0.01939686620607972,2.0104926079511642e-05,0.017684299033135176,0.0031387233175337315,0.04198608500882983
tier_10k,500,1_1438042990112.50_20150728002310-00139-ip-10-236-191-2_473436377_9.csv,1,30,5.0,0.15,500,138,160,150,False,True,True,150,30,150,0.6666666666666666,0.34478203434610305,0.22660098522167488,111.65161287784576,True,2,0.02114094840362668,0.001492931041866541,0.000251151155680418,0.01939686620607972,0.0004530409350991249,0.01645268313586712,0.002979787066578865,0.04102873848751187
tier_10k,500,1_1438042990112.50_20150728002310-00139-ip-10-236-191-2_473436377_9.csv,1,30,10.0,0.15,500,138,160,300,True,True,True,160,30,160,0.6666666666666666,0.25806451612903225,0.21800947867298578,111.77242332696915,False,0,0.02114094840362668,0.001492931041866541,0.000251151155680418,0.01939686620607972,2.0503997802734375e-05,0.017044492065906525,0.003118423279374838,0.04132663644850254
tier_10k,500,1_1438042990112.50_20150728002310-00139-ip-10-236-191-2_473436377_9.csv,1,30,15.0,0.15,500,138,160,450,True,True,True,160,30,160,0.6666666666666666,0.25806451612903225,0.21800947867298578,111.77242332696915,False,0,0.02114094840362668,0.001492931041866541,0.000251151155680418,0.01939686620607972,2.0491890609264374e-05,0.01745495107024908,0.003052828833460808,0.04167150240391493
tier_10k,500,1_1438042990112.50_20150728002310-00139-ip-10-236-191-2_473436377_9.csv,1,30,20.0,0.15,500,138,160,600,True,True,True,160,30,160,0.6666666666666666,0.25806451612903225,0.21800947867298578,111.77242332696915,False,0,0.02114094840362668,0.001492931041866541,0.000251151155680418,0.01939686620607972,2.030329778790474e-05,0.01690567983314395,0.0030773370526731014,0.04114627419039607
tier_10k,500,1_1438042990112.50_20150728002310-00139-ip-10-236-191-2_473436377_9.csv,1,40,5.0,0.15,500,138,160,200,True,True,True,160,40,160,0.6666666666666666,0.25806451612903225,0.2246376811594203,147.05983275175095,False,0,0.02114094840362668,0.001492931041866541,0.000251151155680418,0.01939686620607972,2.03009694814682e-05,0.017688374035060406,0.003059548791497946,0.04191121878102422
tier_10k,500,1_1438042990112.50_20150728002310-00139-ip-10-236-191-2_473436377_9.csv,1,40,10.0,0.15,500,138,160,400,True,True,True,160,40,160,0.6666666666666666,0.25806451612903225,0.2246376811594203,147.05983275175095,False,0,0.02114094840362668,0.001492931041866541,0.000251151155680418,0.01939686620607972,2.0659063011407852e-05,0.01687997719272971,0.003153904341161251,0.041197700425982475
tier_10k,500,1_1438042990112.50_20150728002310-00139-ip-10-236-191-2_473436377_9.csv,1,40,15.0,0.15,500,138,160,600,True,True,True,160,40,160,0.6666666666666666,0.25806451612903225,0.2246376811594203,147.05983275175095,False,0,0.02114094840362668,0.001492931041866541,0.000251151155680418,0.01939686620607972,2.0151957869529724e-05,0.017439211253076792,0.003267437219619751,0.0418699043802917
tier_10k,500,1_1438042990112.50_20150728002310-00139-ip-10-236-191-2_473436377_9.csv,1,40,20.0,0.15,500,138,160,800,True,True,True,160,40,160,0.6666666666666666,0.25806451612903225,0.2246376811594203,147.05983275175095,False,0,0.02114094840362668,0.001492931041866541,0.000251151155680418,0.01939686620607972,2.0626932382583618e-05,0.01769275590777397,0.0031472849659621716,0.04200379550457001
tier_10k,500,1_1438042990112.50_20150728002310-00139-ip-10-236-191-2_473436377_9.csv,1,50,5.0,0.15,500,138,160,250,True,True,True,160,50,160,0.6666666666666666,0.25806451612903225,0.25970149253731345,181.37065410614014,False,0,0.02114094840362668,0.001492931041866541,0.000251151155680418,0.01939686620607972,2.0058825612068176e-05,0.016925411764532328,0.002865804824978113,0.04095422336831689
tier_10k,500,1_1438042990112.50_20150728002310-00139-ip-10-236-191-2_473436377_9.csv,1,50,10.0,0.15,500,138,160,500,True,True,True,160,50,160,0.6666666666666666,0.25806451612903225,0.25970149253731345,181.37065410614014,False,0,0.02114094840362668,0.001492931041866541,0.000251151155680418,0.01939686620607972,1.9913073629140854e-05,0.01734461961314082,0.0031434972770512104,0.041651093401014805
tier_10k,500,1_1438042990112.50_20150728002310-00139-ip-10-236-191-2_473436377_9.csv,1,50,15.0,0.15,500,138,160,750,True,True,True,160,50,160,0.6666666666666666,0.25806451612903225,0.25970149253731345,181.37065410614014,False,0,0.02114094840362668,0.001492931041866541,0.000251151155680418,0.01939686620607972,2.007419243454933e-05,0.01688400376588106,0.003208600915968418,0.041255687829107046
tier_10k,500,1_1438042990112.50_20150728002310-00139-ip-10-236-191-2_473436377_9.csv,1,50,20.0,0.15,500,138,160,1000,True,True,True,160,50,160,0.6666666666666666,0.25806451612903225,0.25970149253731345,181.37065410614014,False,0,0.02114094840362668,0.001492931041866541,0.000251151155680418,0.01939686620607972,2.013426274061203e-05,0.016989008989185095,0.0031848917715251446,0.041336966678500175
tier_10k,500,1_1438042987127.36_20150728002307-00017-ip-10-236-191-2_861030184_5.csv,1,10,5.0,0.15,500,6,165,50,False,True,True,50,10,50,1.0,0.11538461538461539,0.36363636363636365,28.26755601167679,True,3,0.023021211847662926,0.0016526221297681332,0.0004852679558098316,0.02088332176208496,0.00032247230410575867,0.003135079052299261,0.0030042892321944237,0.029484780970960855
tier_10k,500,1_1438042987127.36_20150728002307-00017-ip-10-236-191-2_861030184_5.csv,1,10,10.0,0.15,500,6,165,100,False,True,True,100,10,100,1.0,0.060085836909871244,0.34782608695652173,28.401653170585632,True,3,0.023021211847662926,0.0016526221297681332,0.0004852679558098316,0.02088332176208496,0.0005752830766141415,0.00949949212372303,0.003018092829734087,0.036116056609898806
tier_10k,500,1_1438042987127.36_20150728002307-00017-ip-10-236-191-2_861030184_5.csv,1,10,15.0,0.15,500,6,165,150,False,True,True,150,10,150,1.0,0.033860045146726865,0.26666666666666666,28.63878345489502,True,2,0.023021211847662926,0.0016526221297681332,0.0004852679558098316,0.02088332176208496,0.00046989787369966507,0.012381022796034813,0.003507115412503481,0.03938128985464573
tier_10k,500,1_1438042987127.36_20150728002307-00017-ip-10-236-191-2_861030184_5.csv,1,10,20.0,0.15,500,6,165,200,True,True,True,165,10,165,1.0,0.02835538752362949,0.26666666666666666,28.63878345489502,False,0,0.023021211847662926,0.0016526221297681332,0.0004852679558098316,0.02088332176208496,1.982133835554123e-05,0.013037385884672403,0.003447779919952154,0.039528191555291414
tier_10k,500,1_1438042987127.36_20150728002307-00017-ip-10-236-191-2_861030184_5.csv,1,20,5.0,0.15,500,6,165,100,False,True,True,100,20,100,1.0,0.060085836909871244,0.17777777777777778,55.696786403656006,True,3,0.023021211847662926,0.0016526221297681332,0.0004852679558098316,0.02088332176208496,0.0006198650225996971,0.0077782003208994865,0.002810926176607609,0.034232360776513815
tier_10k,500,1_1438042987127.36_20150728002307-00017-ip-10-236-191-2_861030184_5.csv,1,20,10.0,0.15,500,6,165,200,True,True,True,165,20,165,1.0,0.02835538752362949,0.1509433962264151,56.164927423000336,False,0,0.023021211847662926,0.0016526221297681332,0.0004852679558098316,0.02088332176208496,1.988513395190239e-05,0.013207938056439161,0.0070805479772388935,0.04333157278597355
tier_10k,500,1_1438042987127.36_20150728002307-00017-ip-10-236-191-2_861030184_5.csv,1,20,15.0,0.15,500,6,165,300,True,True,True,165,20,165,1.0,0.02835538752362949,0.1509433962264151,56.164927423000336,False,0,0.023021211847662926,0.0016526221297681332,0.0004852679558098316,0.02088332176208496,1.9820407032966614e-05,0.01056054886430502,0.007283924147486687,0.040887712966650724
tier_10k,500,1_1438042987127.36_20150728002307-00017-ip-10-236-191-2_861030184_5.csv,1,20,20.0,0.15,500,6,165,400,True,True,True,165,20,165,1.0,0.02835538752362949,0.1509433962264151,56.164927423000336,False,0,0.023021211847662926,0.0016526221297681332,0.0004852679558098316,0.02088332176208496,2.0298641175031662e-05,0.010430648922920227,0.007171930745244026,0.04064638214185834
tier_10k,500,1_1438042987127.36_20150728002307-00017-ip-10-236-191-2_861030184_5.csv,1,30,5.0,0.15,500,6,165,150,False,True,True,150,30,150,1.0,0.033860045146726865,0.15,83.25067633390427,True,2,0.023021211847662926,0.0016526221297681332,0.0004852679558098316,0.02088332176208496,0.0004707970656454563,0.009952196851372719,0.003148391842842102,0.03659462369978428
tier_10k,500,1_1438042987127.36_20150728002307-00017-ip-10-236-191-2_861030184_5.csv,1,30,10.0,0.15,500,6,165,300,True,True,True,165,30,165,1.0,0.02835538752362949,0.15,83.25067633390427,False,0,0.023021211847662926,0.0016526221297681332,0.0004852679558098316,0.02088332176208496,1.9928906112909317e-05,0.012738947756588459,0.0036803572438657284,0.039462422486394644
tier_10k,500,1_1438042987127.36_20150728002307-00017-ip-10-236-191-2_861030184_5.csv,1,30,15.0,0.15,500,6,165,450,True,True,True,165,30,165,1.0,0.02835538752362949,0.15,83.25067633390427,False,0,0.023021211847662926,0.0016526221297681332,0.0004852679558098316,0.02088332176208496,1.977197825908661e-05,0.013206841889768839,0.003655798267573118,0.039905729703605175
tier_10k,500,1_1438042987127.36_20150728002307-00017-ip-10-236-191-2_861030184_5.csv,1,30,20.0,0.15,500,6,165,600,True,True,True,165,30,165,1.0,0.02835538752362949,0.15,83.25067633390427,False,0,0.023021211847662926,0.0016526221297681332,0.0004852679558098316,0.02088332176208496,1.9466038793325424e-05,0.012663994915783405,0.0038850647397339344,0.039591922890394926
tier_10k,500,1_1438042987127.36_20150728002307-00017-ip-10-236-191-2_861030184_5.csv,1,40,5.0,0.15,500,6,165,200,True,False,False,165,0,165,1.0,0.02835538752362949,,,False,0,0.023021211847662926,0.0016526221297681332,0.0004852679558098316,0.02088332176208496,2.2412743419408798e-05,0.011353671085089445,0.0011230646632611752,0.03552228305488825
tier_10k,500,1_1438042987127.36_20150728002307-00017-ip-10-236-191-2_861030184_5.csv,1,40,10.0,0.15,500,6,165,400,True,False,False,165,0,165,1.0,0.02835538752362949,,,False,0,0.023021211847662926,0.0016526221297681332,0.0004852679558098316,0.02088332176208496,1.4419201761484146e-05,0.00927955936640501,0.0011883610859513283,0.03350505279377103
tier_10k,500,1_1438042987127.36_20150728002307-00017-ip-10-236-191-2_861030184_5.csv,1,40,15.0,0.15,500,6,165,600,True,False,False,165,0,165,1.0,0.02835538752362949,,,False,0,0.023021211847662926,0.0016526221297681332,0.0004852679558098316,0.02088332176208496,1.451512798666954e-05,0.009341382887214422,0.0010966621339321136,0.03347519366070628
tier_10k,500,1_1438042987127.36_20150728002307-00017-ip-10-236-191-2_861030184_5.csv,1,40,20.0,0.15,500,6,165,800,True,False,False,165,0,165,1.0,0.02835538752362949,,,False,0,0.023021211847662926,0.0016526221297681332,0.0004852679558098316,0.02088332176208496,1.4667864888906479e-05,0.009534251876175404,0.0012584631331264973,0.03383003594353795
tier_10k,500,1_1438042987127.36_20150728002307-00017-ip-10-236-191-2_861030184_5.csv,1,50,5.0,0.15,500,6,165,250,True,False,False,165,0,165,1.0,0.02835538752362949,,,False,0,0.023021211847662926,0.0016526221297681332,0.0004852679558098316,0.02088332176208496,1.4392193406820297e-05,0.009400589857250452,0.001055403146892786,0.03349301451817155
tier_10k,500,1_1438042987127.36_20150728002307-00017-ip-10-236-191-2_861030184_5.csv,1,50,10.0,0.15,500,6,165,500,True,False,False,165,0,165,1.0,0.02835538752362949,,,False,0,0.023021211847662926,0.0016526221297681332,0.0004852679558098316,0.02088332176208496,1.3092998415231705e-05,0.008349995128810406,0.0011165603064000607,0.03250230709090829
tier_10k,500,1_1438042987127.36_20150728002307-00017-ip-10-236-191-2_861030184_5.csv,1,50,15.0,0.15,500,6,165,750,True,False,False,165,0,165,1.0,0.02835538752362949,,,False,0,0.023021211847662926,0.0016526221297681332,0.0004852679558098316,0.02088332176208496,1.4322809875011444e-05,0.009322509169578552,0.001364230178296566,0.033723640255630016
tier_10k,500,1_1438042987127.36_20150728002307-00017-ip-10-236-191-2_861030184_5.csv,1,50,20.0,0.15,500,6,165,1000,True,False,False,165,0,165,1.0,0.02835538752362949,,,False,0,0.023021211847662926,0.0016526221297681332,0.0004852679558098316,0.02088332176208496,1.428229734301567e-05,0.00932844914495945,0.001118676271289587,0.033484186977148056
tier_10k,1000,0_1438042988458.74_20150728002308-00103-ip-10-236-191-2_666285279_1.csv,0,10,5.0,0.15,1000,24,278,50,False,True,True,50,10,50,0.125,0.13690476190476192,0.15,35.29797303676605,True,3,0.03682121587917209,0.0014958721585571766,0.0004071989096701145,0.034918144810944796,0.00047944579273462296,0.005165043752640486,0.005466492846608162,0.04793439758941531
tier_10k,1000,0_1438042988458.74_20150728002308-00103-ip-10-236-191-2_666285279_1.csv,0,10,10.0,0.15,1000,24,278,100,False,True,True,100,10,100,0.125,0.06459948320413436,0.1509433962264151,35.70362859964371,True,2,0.03682121587917209,0.0014958721585571766,0.0004071989096701145,0.034918144810944796,0.00046741217374801636,0.010032394900918007,0.00613494124263525,0.053457634057849646
tier_10k,1000,0_1438042988458.74_20150728002308-00103-ip-10-236-191-2_666285279_1.csv,0,10,15.0,0.15,1000,24,278,150,False,True,True,150,10,150,0.125,0.03924646781789639,0.15,35.81520104408264,True,2,0.03682121587917209,0.0014958721585571766,0.0004071989096701145,0.034918144810944796,0.00046575721353292465,0.014449879992753267,0.005414619110524654,0.057153230998665094
tier_10k,1000,0_1438042988458.74_20150728002308-00103-ip-10-236-191-2_666285279_1.csv,0,10,20.0,0.15,1000,24,278,200,False,True,True,200,10,200,0.125,0.026652452025586353,0.15,35.81520104408264,True,2,0.03682121587917209,0.0014958721585571766,0.0004071989096701145,0.034918144810944796,0.00046097999438643456,0.018749521113932133,0.0062355222180485725,0.0622690049931407
tier_10k,1000,0_1438042988458.74_20150728002308-00103-ip-10-236-191-2_666285279_1.csv,0,20,5.0,0.15,1000,24,278,100,False,True,True,100,20,100,0.125,0.06459948320413436,0.15053763440860216,65.84462374448776,True,2,0.03682121587917209,0.0014958721585571766,0.0004071989096701145,0.034918144810944796,0.00041486136615276337,0.009761554654687643,0.01178031787276268,0.05877968389540911
tier_10k,1000,0_1438042988458.74_20150728002308-00103-ip-10-236-191-2_666285279_1.csv,0,20,10.0,0.15,1000,24,278,200,False,True,True,200,20,200,0.125,0.026652452025586353,0.15053763440860216,65.84462374448776,True,2,0.03682121587917209,0.0014958721585571766,0.0004071989096701145,0.034918144810944796,0.00044822925701737404,0.018413242883980274,0.018704640213400126,0.07438898971304297
tier_10k,1000,0_1438042988458.74_20150728002308-00103-ip-10-236-191-2_666285279_1.csv,0,20,15.0,0.15,1000,24,278,300,True,True,True,278,20,278,0.125,0.00895736295234683,0.15053763440860216,65.84462374448776,False,0,0.03682121587917209,0.0014958721585571766,0.0004071989096701145,0.034918144810944796,1.9184313714504242e-05,0.025954572018235922,0.019749131053686142,0.08255199948325753
tier_10k,1000,0_1438042988458.74_20150728002308-00103-ip-10-236-191-2_666285279_1.csv,0,20,20.0,0.15,1000,24,278,400,True,True,True,278,20,278,0.125,0.00895736295234683,0.15053763440860216,65.84462374448776,False,0,0.03682121587917209,0.0014958721585571766,0.0004071989096701145,0.034918144810944796,2.150190994143486e-05,0.025876559782773256,0.01952473120763898,0.0822457978501916
tier_10k,1000,0_1438042988458.74_20150728002308-00103-ip-10-236-191-2_666285279_1.csv,0,30,5.0,0.15,1000,24,278,150,False,True,True,150,30,150,0.125,0.03924646781789639,0.1504424778761062,87.79129329323769,True,2,0.03682121587917209,0.0014958721585571766,0.0004071989096701145,0.034918144810944796,0.000480008777230978,0.013966751284897327,0.010832849889993668,0.06210298556834459
tier_10k,1000,0_1438042988458.74_20150728002308-00103-ip-10-236-191-2_666285279_1.csv,0,30,10.0,0.15,1000,24,278,300,True,True,True,278,30,278,0.125,0.00895736295234683,0.1504424778761062,87.79129329323769,False,0,0.03682121587917209,0.0014958721585571766,0.0004071989096701145,0.034918144810944796,2.021482214331627e-05,0.025826937053352594,0.013813236728310585,0.07648345874622464
tier_10k,1000,0_1438042988458.74_20150728002308-00103-ip-10-236-191-2_666285279_1.csv,0,30,15.0,0.15,1000,24,278,450,True,True,True,278,30,278,0.125,0.00895736295234683,0.1504424778761062,87.79129329323769,False,0,0.03682121587917209,0.0014958721585571766,0.0004071989096701145,0.034918144810944796,2.0600855350494385e-05,0.027533252257853746,0.014001165051013231,0.07837817072868347
tier_10k,1000,0_1438042988458.74_20150728002308-00103-ip-10-236-191-2_666285279_1.csv,0,30,20.0,0.15,1000,24,278,600,True,True,True,278,30,278,0.125,0.00895736295234683,0.1504424778761062,87.79129329323769,False,0,0.03682121587917209,0.0014958721585571766,0.0004071989096701145,0.034918144810944796,1.9222963601350784e-05,0.026318408083170652,0.013611151836812496,0.07677204301580787
tier_10k,1000,0_1438042988458.74_20150728002308-00103-ip-10-236-191-2_666285279_1.csv,0,40,5.0,0.15,1000,24,278,200,False,True,True,200,40,200,0.125,0.026652452025586353,0.15,108.68777319788933,True,2,0.03682121587917209,0.0014958721585571766,0.0004071989096701145,0.034918144810944796,0.0004922118969261646,0.019123489037156105,0.004034222103655338,0.06047293683513999
tier_10k,1000,0_1438042988458.74_20150728002308-00103-ip-10-236-191-2_666285279_1.csv,0,40,10.0,0.15,1000,24,278,400,True,True,True,278,40,278,0.125,0.00895736295234683,0.15,108.68777319788933,False,0,0.03682121587917209,0.0014958721585571766,0.0004071989096701145,0.034918144810944796,1.931004226207733e-05,0.025752214714884758,0.004234762862324715,0.06682920269668102
tier_10k,1000,0_1438042988458.74_20150728002308-00103-ip-10-236-191-2_666285279_1.csv,0,40,15.0,0.15,1000,24,278,600,True,True,True,278,40,278,0.125,0.00895736295234683,0.15,108.68777319788933,False,0,0.03682121587917209,0.0014958721585571766,0.0004071989096701145,0.034918144810944796,1.907115802168846e-05,0.025603847112506628,0.004305036272853613,0.06675082398578525
tier_10k,1000,0_1438042988458.74_20150728002308-00103-ip-10-236-191-2_666285279_1.csv,0,40,20.0,0.15,1000,24,278,800,True,True,True,278,40,278,0.125,0.00895736295234683,0.15,108.68777319788933,False,0,0.03682121587917209,0.0014958721585571766,0.0004071989096701145,0.034918144810944796,1.92299485206604e-05,0.025630091316998005,0.004236192908138037,0.06670844461768866
tier_10k,1000,0_1438042988458.74_20150728002308-00103-ip-10-236-191-2_666285279_1.csv,0,50,5.0,0.15,1000,24,278,250,False,False,False,250,0,250,0.125,0.016118633139909737,,,True,2,0.03682121587917209,0.0014958721585571766,0.0004071989096701145,0.034918144810944796,0.0004966999404132366,0.023370875045657158,0.0016752746887505054,0.062365634832531214
tier_10k,1000,0_1438042988458.74_20150728002308-00103-ip-10-236-191-2_666285279_1.csv,0,50,10.0,0.15,1000,24,278,500,True,False,False,278,0,278,0.125,0.00895736295234683,,,False,0,0.03682121587917209,0.0014958721585571766,0.0004071989096701145,0.034918144810944796,2.125510945916176e-05,0.02571888593956828,0.0014421031810343266,0.0640049809589982
tier_10k,1000,0_1438042988458.74_20150728002308-00103-ip-10-236-191-2_666285279_1.csv,0,50,15.0,0.15,1000,24,278,750,True,False,False,278,0,278,0.125,0.00895736295234683,,,False,0,0.03682121587917209,0.0014958721585571766,0.0004071989096701145,0.034918144810944796,2.1249055862426758e-05,0.026229090988636017,0.0014862660318613052,0.06455938285216689
tier_10k,1000,0_1438042988458.74_20150728002308-00103-ip-10-236-191-2_666285279_1.csv,0,50,20.0,0.15,1000,24,278,1000,True,False,False,278,0,278,0.125,0.00895736295234683,,,False,0,0.03682121587917209,0.0014958721585571766,0.0004071989096701145,0.034918144810944796,1.948978751897812e-05,0.025296929758042097,0.0013892692513763905,0.06352843064814806
tier_10k,1000,1_1438042987127.36_20150728002307-00144-ip-10-236-191-2_676020729_0.csv,1,10,5.0,0.15,1000,3484,2299,50,False,True,True,50,10,50,0.6,0.7806451612903226,0.8269230769230769,36.12818244099617,True,3,0.2670517829246819,0.003448828589171171,0.0027103889733552933,0.26089256536215544,0.004229133017361164,0.009812294039875269,0.004553596954792738,0.28564889216795564
tier_10k,1000,1_1438042987127.36_20150728002307-00144-ip-10-236-191-2_676020729_0.csv,1,10,10.0,0.15,1000,3484,2299,100,False,True,True,100,10,100,0.6,0.6718146718146718,0.6923076923076923,39.718728840351105,True,2,0.2670517829246819,0.003448828589171171,0.0027103889733552933,0.26089256536215544,0.0035749399103224277,0.02071774983778596,0.004055987112224102,0.29540227726101875
tier_10k,1000,1_1438042987127.36_20150728002307-00144-ip-10-236-191-2_676020729_0.csv,1,10,15.0,0.15,1000,3484,2299,150,False,True,True,150,10,150,0.6,0.6451612903225806,0.6727272727272727,42.09442710876465,True,2,0.2670517829246819,0.003448828589171171,0.0027103889733552933,0.26089256536215544,0.004489917773753405,0.031704091001302004,0.00425376184284687,0.3075014417991042
tier_10k,1000,1_1438042987127.36_20150728002307-00144-ip-10-236-191-2_676020729_0.csv,1,10,20.0,0.15,1000,3484,2299,200,False,True,True,200,10,200,0.6,0.6334371754932503,0.6727272727272727,42.97965270280838,True,2,0.2670517829246819,0.003448828589171171,0.0027103889733552933,0.26089256536215544,0.0036208918318152428,0.04264560109004378,0.004556359723210335,0.31787650380283594
tier_10k,1000,1_1438042987127.36_20150728002307-00144-ip-10-236-191-2_676020729_0.csv,1,20,5.0,0.15,1000,3484,2299,100,False,True,True,100,20,100,0.6,0.6718146718146718,0.7432432432432432,71.79104080796242,True,2,0.2670517829246819,0.003448828589171171,0.0027103889733552933,0.26089256536215544,0.0036924900487065315,0.0214147986844182,0.003931055311113596,0.2960919258184731
tier_10k,1000,1_1438042987127.36_20150728002307-00144-ip-10-236-191-2_676020729_0.csv,1,20,10.0,0.15,1000,3484,2299,200,False,True,True,200,20,200,0.6,0.6334371754932503,0.6981132075471698,78.12124997377396,True,2,0.2670517829246819,0.003448828589171171,0.0027103889733552933,0.26089256536215544,0.0036150808446109295,0.0409550447948277,0.003885527141392231,0.3155093719251454
tier_10k,1000,1_1438042987127.36_20150728002307-00144-ip-10-236-191-2_676020729_0.csv,1,20,15.0,0.15,1000,3484,2299,300,False,True,True,300,20,300,0.6,0.6220095693779905,0.6822429906542056,85.63316717743874,True,2,0.2670517829246819,0.003448828589171171,0.0027103889733552933,0.26089256536215544,0.0035690837539732456,0.06070063589140773,0.0044899857603013515,0.33581340219825506
tier_10k,1000,1_1438042987127.36_20150728002307-00144-ip-10-236-191-2_676020729_0.csv,1,20,20.0,0.15,1000,3484,2299,400,False,True,True,400,20,400,0.6,0.6085430076067876,0.6333333333333333,89.94000935554504,True,2,0.2670517829246819,0.003448828589171171,0.0027103889733552933,0.26089256536215544,0.004547081887722015,0.07991900201886892,0.004819100257009268,0.35633901273831725
tier_10k,1000,1_1438042987127.36_20150728002307-00144-ip-10-236-191-2_676020729_0.csv,1,30,5.0,0.15,1000,3484,2299,150,False,True,True,150,30,150,0.6,0.6451612903225806,0.6666666666666666,108.47225546836853,True,2,0.2670517829246819,0.003448828589171171,0.0027103889733552933,0.26089256536215544,0.003727611154317856,0.03112911293283105,0.0039614117704331875,0.30587188992649317
tier_10k,1000,1_1438042987127.36_20150728002307-00144-ip-10-236-191-2_676020729_0.csv,1,30,10.0,0.15,1000,3484,2299,300,False,True,True,300,30,300,0.6,0.6220095693779905,0.6666666666666666,118.45982274413109,True,2,0.2670517829246819,0.003448828589171171,0.0027103889733552933,0.26089256536215544,0.003585855010896921,0.06764680985361338,0.00436370400711894,0.34265001164749265
tier_10k,1000,1_1438042987127.36_20150728002307-00144-ip-10-236-191-2_676020729_0.csv,1,30,15.0,0.15,1000,3484,2299,450,False,True,True,450,30,450,0.6,0.5944982170147733,0.6470588235294118,126.22482341527939,True,2,0.2670517829246819,0.003448828589171171,0.0027103889733552933,0.26089256536215544,0.003635863773524761,0.09230301203206182,0.004873618949204683,0.3678662786260247
tier_10k,1000,1_1438042987127.36_20150728002307-00144-ip-10-236-191-2_676020729_0.csv,1,30,20.0,0.15,1000,3484,2299,600,False,True,True,600,30,600,0.6,0.5456288343558282,0.5070422535211268,133.32922595739365,True,2,0.2670517829246819,0.003448828589171171,0.0027103889733552933,0.26089256536215544,0.004041013307869434,0.1211607581935823,0.005547346081584692,0.39780292799696326
tier_10k,1000,1_1438042987127.36_20150728002307-00144-ip-10-236-191-2_676020729_0.csv,1,40,5.0,0.15,1000,3484,2299,200,False,True,True,200,40,200,0.6,0.6334371754932503,0.6504854368932039,142.5484742820263,True,2,0.2670517829246819,0.003448828589171171,0.0027103889733552933,0.26089256536215544,0.0035395072773098946,0.04231823422014713,0.004174358211457729,0.31708607682958245
tier_10k,1000,1_1438042987127.36_20150728002307-00144-ip-10-236-191-2_676020729_0.csv,1,40,10.0,0.15,1000,3484,2299,400,False,True,True,400,40,400,0.6,0.6085430076067876,0.6464646464646465,157.48034644126892,True,2,0.2670517829246819,0.003448828589171171,0.0027103889733552933,0.26089256536215544,0.0038231690414249897,0.08205683575943112,0.005442573223263025,0.3583768350072205
tier_10k,1000,1_1438042987127.36_20150728002307-00144-ip-10-236-191-2_676020729_0.csv,1,40,15.0,0.15,1000,3484,2299,600,False,True,True,600,40,600,0.6,0.5456288343558282,0.5181347150259067,170.70678681135178,True,2,0.2670517829246819,0.003448828589171171,0.0027103889733552933,0.26089256536215544,0.004499549046158791,0.15871246671304107,0.00657130591571331,0.43683748273178935
tier_10k,1000,1_1438042987127.36_20150728002307-00144-ip-10-236-191-2_676020729_0.csv,1,40,20.0,0.15,1000,3484,2299,800,False,True,True,800,40,800,0.6,0.46155965830807383,0.3942307692307692,179.53984397649765,True,2,0.2670517829246819,0.003448828589171171,0.0027103889733552933,0.26089256536215544,0.0041155582293868065,0.17401012126356363,0.006866476032882929,0.4520460460335016
tier_10k,1000,1_1438042987127.36_20150728002307-00144-ip-10-236-191-2_676020729_0.csv,1,50,5.0,0.15,1000,3484,2299,250,False,True,True,250,50,250,0.6,0.6265457543281121,0.640625,182.5921586751938,True,2,0.2670517829246819,0.003448828589171171,0.0027103889733552933,0.26089256536215544,0.004033046308904886,0.051278725266456604,0.004812705330550671,0.3271780419163406
tier_10k,1000,1_1438042987127.36_20150728002307-00144-ip-10-236-191-2_676020729_0.csv,1,50,10.0,0.15,1000,3484,2299,500,False,True,True,500,50,500,0.6,0.5801801801801801,0.606694560669456,194.14788728952408,True,2,0.2670517829246819,0.003448828589171171,0.0027103889733552933,0.26089256536215544,0.004058314021676779,0.10036671720445156,0.005340071395039558,0.3768188660033047
tier_10k,1000,1_1438042987127.36_20150728002307-00144-ip-10-236-191-2_676020729_0.csv,1,50,15.0,0.15,1000,3484,2299,750,False,True,True,750,50,750,0.6,0.48091151228174017,0.40977443609022557,216.46820724010468,True,2,0.2670517829246819,0.003448828589171171,0.0027103889733552933,0.26089256536215544,0.004128158092498779,0.1621695440262556,0.007006241008639336,0.4403578578494489
tier_10k,1000,1_1438042987127.36_20150728002307-00144-ip-10-236-191-2_676020729_0.csv,1,50,20.0,0.15,1000,3484,2299,1000,False,True,True,1000,50,1000,0.6,0.38848039215686275,0.3208955223880597,224.93344604969025,True,3,0.2670517829246819,0.003448828589171171,0.0027103889733552933,0.26089256536215544,0.005448330193758011,0.200116656254977,0.008376075886189938,0.48099479964002967
tier_10k,1000,0_1438042988061.16_20150728002308-00282-ip-10-236-191-2_894007386_3.csv,0,10,5.0,0.15,1000,393,499,50,False,True,True,50,10,50,0.6,0.6127659574468085,0.6,19.224753677845,True,2,0.06156283523887396,0.002481328323483467,0.0006237630732357502,0.05845774384215474,0.0006884392350912094,0.00174401281401515,0.0040784310549497604,0.0680755409412086
tier_10k,1000,0_1438042988061.16_20150728002308-00282-ip-10-236-191-2_894007386_3.csv,0,10,10.0,0.15,1000,393,499,100,False,True,True,100,10,100,0.6,0.5052631578947369,0.5925925925925926,19.24947065114975,True,3,0.06156283523887396,0.002481328323483467,0.0006237630732357502,0.05845774384215474,0.0009866300970315933,0.0035315551795065403,0.003113660030066967,0.06919631129130721
tier_10k,1000,0_1438042988061.16_20150728002308-00282-ip-10-236-191-2_894007386_3.csv,0,10,15.0,0.15,1000,393,499,150,False,True,True,150,10,150,0.6,0.40229885057471265,0.5925925925925926,19.24947065114975,True,3,0.06156283523887396,0.002481328323483467,0.0006237630732357502,0.05845774384215474,0.0009972751140594482,0.005077176261693239,0.003762998152524233,0.07140199327841401
tier_10k,1000,0_1438042988061.16_20150728002308-00282-ip-10-236-191-2_894007386_3.csv,0,10,20.0,0.15,1000,393,499,200,False,True,True,200,10,200,0.6,0.33992094861660077,0.5925925925925926,19.24947065114975,True,3,0.06156283523887396,0.002481328323483467,0.0006237630732357502,0.05845774384215474,0.0010347370989620686,0.006776019930839539,0.00369690777733922,0.0730722532607615
tier_10k,1000,0_1438042988061.16_20150728002308-00282-ip-10-236-191-2_894007386_3.csv,0,20,5.0,0.15,1000,393,499,100,False,True,True,100,20,100,0.6,0.5052631578947369,0.58,38.12419492006302,True,3,0.06156283523887396,0.002481328323483467,0.0006237630732357502,0.05845774384215474,0.0009595681913197041,0.0033032321371138096,0.0029445658437907696,0.06877177860587835
tier_10k,1000,0_1438042988061.16_20150728002308-00282-ip-10-236-191-2_894007386_3.csv,0,20,10.0,0.15,1000,393,499,200,False,True,True,200,20,200,0.6,0.33992094861660077,0.5533980582524272,38.129732608795166,True,3,0.06156283523887396,0.002481328323483467,0.0006237630732357502,0.05845774384215474,0.0010306546464562416,0.006648926995694637,0.003357789944857359,0.07260202849283814
tier_10k,1000,0_1438042988061.16_20150728002308-00282-ip-10-236-191-2_894007386_3.csv,0,20,15.0,0.15,1000,393,499,300,False,True,True,300,20,300,0.6,0.28056004308023696,0.5333333333333333,38.14056318998337,True,3,0.06156283523887396,0.002481328323483467,0.0006237630732357502,0.05845774384215474,0.0010841893963515759,0.009846168104559183,0.00441919919103384,0.07691415632143617
tier_10k,1000,0_1438042988061.16_20150728002308-00282-ip-10-236-191-2_894007386_3.csv,0,20,20.0,0.15,1000,393,499,400,False,True,True,400,20,400,0.6,0.2205942205942206,0.5094339622641509,38.16680520772934,True,2,0.06156283523887396,0.002481328323483467,0.0006237630732357502,0.05845774384215474,0.0008815308101475239,0.013011321891099215,0.004679577425122261,0.08013683557510376
tier_10k,1000,0_1438042988061.16_20150728002308-00282-ip-10-236-191-2_894007386_3.csv,0,30,5.0,0.15,1000,393,499,150,False,True,True,150,30,150,0.6,0.40229885057471265,0.5503355704697986,56.8099730014801,True,3,0.06156283523887396,0.002481328323483467,0.0006237630732357502,0.05845774384215474,0.00099189393222332,0.004924099426716566,0.0032313792034983635,0.07071191538125277
tier_10k,1000,0_1438042988061.16_20150728002308-00282-ip-10-236-191-2_894007386_3.csv,0,30,10.0,0.15,1000,393,499,300,False,True,True,300,30,300,0.6,0.28056004308023696,0.5163398692810458,56.87475574016571,True,3,0.06156283523887396,0.002481328323483467,0.0006237630732357502,0.05845774384215474,0.001083799172192812,0.010628899093717337,0.004099663812667131,0.07737696915864944
tier_10k,1000,0_1438042988061.16_20150728002308-00282-ip-10-236-191-2_894007386_3.csv,0,30,15.0,0.15,1000,393,499,450,False,True,True,450,30,450,0.6,0.1832319134550372,0.49673202614379086,56.91382771730423,True,2,0.06156283523887396,0.002481328323483467,0.0006237630732357502,0.05845774384215474,0.0008962196297943592,0.014465002343058586,0.004938358906656504,0.08186424244195223
tier_10k,1000,0_1438042988061.16_20150728002308-00282-ip-10-236-191-2_894007386_3.csv,0,30,20.0,0.15,1000,393,499,600,True,True,True,499,30,499,0.6,0.10796812749003984,0.49673202614379086,56.91382771730423,False,0,0.06156283523887396,0.002481328323483467,0.0006237630732357502,0.05845774384215474,3.4321099519729614e-05,0.016093180049210787,0.0051971981301903725,0.08288935106247663
tier_10k,1000,0_1438042988061.16_20150728002308-00282-ip-10-236-191-2_894007386_3.csv,0,40,5.0,0.15,1000,393,499,200,False,True,True,200,40,200,0.6,0.33992094861660077,0.5217391304347826,75.38742941617966,True,3,0.06156283523887396,0.002481328323483467,0.0006237630732357502,0.05845774384215474,0.0010298150591552258,0.0066518778912723064,0.003553967922925949,0.07280009984970093
tier_10k,1000,0_1438042988061.16_20150728002308-00282-ip-10-236-191-2_894007386_3.csv,0,40,10.0,0.15,1000,393,499,400,False,True,True,400,40,400,0.6,0.2205942205942206,0.4597156398104265,75.53843486309052,True,2,0.06156283523887396,0.002481328323483467,0.0006237630732357502,0.05845774384215474,0.0008650249801576138,0.013021302875131369,0.00417964905500412,0.07963056629523635
tier_10k,1000,0_1438042988061.16_20150728002308-00282-ip-10-236-191-2_894007386_3.csv,0,40,15.0,0.15,1000,393,499,600,True,True,True,499,40,499,0.6,0.10796812749003984,0.4597156398104265,75.53843486309052,False,0,0.06156283523887396,0.002481328323483467,0.0006237630732357502,0.05845774384215474,3.496510908007622e-05,0.015739689115434885,0.005748744122684002,0.0830878121778369
tier_10k,1000,0_1438042988061.16_20150728002308-00282-ip-10-236-191-2_894007386_3.csv,0,40,20.0,0.15,1000,393,499,800,True,True,True,499,40,499,0.6,0.10796812749003984,0.4597156398104265,75.53843486309052,False,0,0.06156283523887396,0.002481328323483467,0.0006237630732357502,0.05845774384215474,3.5183969885110855e-05,0.016693638637661934,0.004775522742420435,0.08306884812191129
tier_10k,1000,0_1438042988061.16_20150728002308-00282-ip-10-236-191-2_894007386_3.csv,0,50,5.0,0.15,1000,393,499,250,False,True,True,250,50,250,0.6,0.30635118306351183,0.4789272030651341,93.93018704652786,True,2,0.06156283523887396,0.002481328323483467,0.0006237630732357502,0.05845774384215474,0.0008069099858403206,0.008191864006221294,0.0036104153841733932,0.07417363533750176
tier_10k,1000,0_1438042988061.16_20150728002308-00282-ip-10-236-191-2_894007386_3.csv,0,50,10.0,0.15,1000,393,499,500,True,True,True,499,50,499,0.6,0.10796812749003984,0.4448669201520912,94.03577435016632,False,0,0.06156283523887396,0.002481328323483467,0.0006237630732357502,0.05845774384215474,3.46992164850235e-05,0.01673551369458437,0.004416966810822487,0.08275170437991619
tier_10k,1000,0_1438042988061.16_20150728002308-00282-ip-10-236-191-2_894007386_3.csv,0,50,15.0,0.15,1000,393,499,750,True,True,True,499,50,499,0.6,0.10796812749003984,0.4448669201520912,94.03577435016632,False,0,0.06156283523887396,0.002481328323483467,0.0006237630732357502,0.05845774384215474,3.445381298661232e-05,0.016711728647351265,0.004352268762886524,0.08266291115432978
tier_10k,1000,0_1438042988061.16_20150728002308-00282-ip-10-236-191-2_894007386_3.csv,0,50,20.0,0.15,1000,393,499,1000,True,True,True,499,50,499,0.6,0.10796812749003984,0.4448669201520912,94.03577435016632,False,0,0.06156283523887396,0.002481328323483467,0.0006237630732357502,0.05845774384215474,3.563379868865013e-05,0.01662763487547636,0.0046614171005785465,0.0828892095014453
tier_10k,1000,0_1438042988458.74_20150728002308-00249-ip-10-236-191-2_328699461_4.csv,2,10,5.0,0.15,1000,6776,3121,50,False,True,True,50,10,50,0.6,0.9983093829247676,0.9851851851851852,20.695775032043457,True,1,0.3934312961064279,0.008887446019798517,0.004181650001555681,0.3803622000850737,0.003326128702610731,0.005410410929471254,0.004199201241135597,0.4063693708740175
tier_10k,1000,0_1438042988458.74_20150728002308-00249-ip-10-236-191-2_328699461_4.csv,2,10,10.0,0.15,1000,6776,3121,100,False,True,True,100,10,100,0.6,0.9985621854780733,0.9787234042553191,21.592884182929993,True,1,0.3934312961064279,0.008887446019798517,0.004181650001555681,0.3803622000850737,0.0037935390137135983,0.0093619916588068,0.004044434987008572,0.41063299402594566
tier_10k,1000,0_1438042988458.74_20150728002308-00249-ip-10-236-191-2_328699461_4.csv,2,10,15.0,0.15,1000,6776,3121,150,False,True,True,150,10,150,0.6,0.9986639946559787,0.972972972972973,21.72609692811966,True,1,0.3934312961064279,0.008887446019798517,0.004181650001555681,0.3803622000850737,0.00342069985345006,0.015352115966379642,0.004196470137685537,0.41640230221673846
tier_10k,1000,0_1438042988458.74_20150728002308-00249-ip-10-236-191-2_328699461_4.csv,2,10,20.0,0.15,1000,6776,3121,200,False,True,True,200,10,200,0.6,0.9987476518472135,0.972972972972973,21.72609692811966,True,1,0.3934312961064279,0.008887446019798517,0.004181650001555681,0.3803622000850737,0.003706909716129303,0.02136605605483055,0.004896407946944237,0.423402592074126
tier_10k,1000,0_1438042988458.74_20150728002308-00249-ip-10-236-191-2_328699461_4.csv,2,20,5.0,0.15,1000,6776,3121,100,False,True,True,100,20,100,0.6,0.9985621854780733,0.9852941176470589,41.96963894367218,True,1,0.3934312961064279,0.008887446019798517,0.004181650001555681,0.3803622000850737,0.005699282977730036,0.009821404702961445,0.003655174747109413,0.41260938718914986
tier_10k,1000,0_1438042988458.74_20150728002308-00249-ip-10-236-191-2_328699461_4.csv,2,20,10.0,0.15,1000,6776,3121,200,False,True,True,200,20,200,0.6,0.9987476518472135,0.9844961240310077,42.38449704647064,True,1,0.3934312961064279,0.008887446019798517,0.004181650001555681,0.3803622000850737,0.005456309765577316,0.02062006201595068,0.004536742810159922,0.42404673527926207
tier_10k,1000,0_1438042988458.74_20150728002308-00249-ip-10-236-191-2_328699461_4.csv,2,20,15.0,0.15,1000,6776,3121,300,False,True,True,300,20,300,0.6,0.9716535433070866,0.8349514563106796,49.02855336666107,True,3,0.3934312961064279,0.008887446019798517,0.004181650001555681,0.3803622000850737,0.009558191988617182,0.02746433624997735,0.005999790970236063,0.4364557829685509
tier_10k,1000,0_1438042988458.74_20150728002308-00249-ip-10-236-191-2_328699461_4.csv,2,20,20.0,0.15,1000,6776,3121,400,False,True,True,400,20,400,0.6,0.9422166087780234,0.7959183673469388,51.933256566524506,True,4,0.3934312961064279,0.008887446019798517,0.004181650001555681,0.3803622000850737,0.010169023647904396,0.037284732330590487,0.008063088171184063,0.4489502888172865
tier_10k,1000,0_1438042988458.74_20150728002308-00249-ip-10-236-191-2_328699461_4.csv,2,30,5.0,0.15,1000,6776,3121,150,False,True,True,150,30,150,0.6,0.9986639946559787,0.9883040935672515,62.53954327106476,True,1,0.3934312961064279,0.008887446019798517,0.004181650001555681,0.3803622000850737,0.005312744993716478,0.013361541088670492,0.004577927757054567,0.4166858922690153
tier_10k,1000,0_1438042988458.74_20150728002308-00249-ip-10-236-191-2_328699461_4.csv,2,30,10.0,0.15,1000,6776,3121,300,False,True,True,300,30,300,0.6,0.9716535433070866,0.9205298013245033,70.37897646427155,True,3,0.3934312961064279,0.008887446019798517,0.004181650001555681,0.3803622000850737,0.009018020704388618,0.027533089742064476,0.0063821300864219666,0.4363668938167393
tier_10k,1000,0_1438042988458.74_20150728002308-00249-ip-10-236-191-2_328699461_4.csv,2,30,15.0,0.15,1000,6776,3121,450,False,True,True,450,30,450,0.6,0.928935532233883,0.8029197080291971,74.52044582366943,True,4,0.3934312961064279,0.008887446019798517,0.004181650001555681,0.3803622000850737,0.01072776410728693,0.04147107293829322,0.0070157782174646854,0.4526481213979423
tier_10k,1000,0_1438042988458.74_20150728002308-00249-ip-10-236-191-2_328699461_4.csv,2,30,20.0,0.15,1000,6776,3121,600,False,True,True,600,30,600,0.6,0.8962772184500117,0.8651026392961877,74.63083356618881,True,4,0.3934312961064279,0.008887446019798517,0.004181650001555681,0.3803622000850737,0.008701547980308533,0.0585821820423007,0.009482910856604576,0.4701998201198876
tier_10k,1000,0_1438042988458.74_20150728002308-00249-ip-10-236-191-2_328699461_4.csv,2,40,5.0,0.15,1000,6776,3121,200,False,True,True,200,40,200,0.6,0.9987476518472135,0.9909502262443439,82.55746001005173,True,1,0.3934312961064279,0.008887446019798517,0.004181650001555681,0.3803622000850737,0.003537873737514019,0.018997676204890013,0.004501685034483671,0.4204701972194016
tier_10k,1000,0_1438042988458.74_20150728002308-00249-ip-10-236-191-2_328699461_4.csv,2,40,10.0,0.15,1000,6776,3121,400,False,True,True,400,40,400,0.6,0.9422166087780234,0.8913043478260869,95.36196088790894,True,4,0.3934312961064279,0.008887446019798517,0.004181650001555681,0.3803622000850737,0.008824204094707966,0.03915568022057414,0.006325641181319952,0.4477387201040983
tier_10k,1000,0_1438042988458.74_20150728002308-00249-ip-10-236-191-2_328699461_4.csv,2,40,15.0,0.15,1000,6776,3121,600,False,True,True,600,40,600,0.6,0.8962772184500117,0.8625,96.21132707595825,True,4,0.3934312961064279,0.008887446019798517,0.004181650001555681,0.3803622000850737,0.008650814648717642,0.055674086790531874,0.009103544056415558,0.46686140121892095
tier_10k,1000,0_1438042988458.74_20150728002308-00249-ip-10-236-191-2_328699461_4.csv,2,40,20.0,0.15,1000,6776,3121,800,False,True,True,800,40,800,0.6,0.8488243938280676,0.615,118.99644374847412,True,3,0.3934312961064279,0.008887446019798517,0.004181650001555681,0.3803622000850737,0.006930498871952295,0.07393364375457168,0.013907775282859802,0.48820526897907257
tier_10k,1000,0_1438042988458.74_20150728002308-00249-ip-10-236-191-2_328699461_4.csv,2,50,5.0,0.15,1000,6776,3121,250,False,True,True,250,50,250,0.6,0.9913400182315406,0.9784172661870504,103.31520479917526,True,3,0.3934312961064279,0.008887446019798517,0.004181650001555681,0.3803622000850737,0.006703603081405163,0.024678317829966545,0.005253317765891552,0.43006875133141875
tier_10k,1000,0_1438042988458.74_20150728002308-00249-ip-10-236-191-2_328699461_4.csv,2,50,10.0,0.15,1000,6776,3121,500,False,True,True,500,50,500,0.6,0.9168057874234836,0.8828125,117.05213975906372,True,4,0.3934312961064279,0.008887446019798517,0.004181650001555681,0.3803622000850737,0.009172972291707993,0.045629598665982485,0.008476994931697845,0.4567128773778677
tier_10k,1000,0_1438042988458.74_20150728002308-00249-ip-10-236-191-2_328699461_4.csv,2,50,15.0,0.15,1000,6776,3121,750,False,True,True,750,50,750,0.6,0.861517719568567,0.7681818181818182,141.81378042697906,True,3,0.3934312961064279,0.008887446019798517,0.004181650001555681,0.3803622000850737,0.007397201843559742,0.06847616098821163,0.012961345724761486,0.48226814018562436
tier_10k,1000,0_1438042988458.74_20150728002308-00249-ip-10-236-191-2_328699461_4.csv,2,50,20.0,0.15,1000,6776,3121,1000,False,True,True,1000,50,1000,0.6,0.7974625496789972,0.6239669421487604,147.89952617883682,True,3,0.3934312961064279,0.008887446019798517,0.004181650001555681,0.3803622000850737,0.007032495923340321,0.09625513991340995,0.008894476108253002,0.5056152381002903
tier_10k,1000,1_1438042990112.50_20150728002310-00273-ip-10-236-191-2_869240800_0.csv,1,10,5.0,0.15,1000,2,339,50,False,False,False,50,0,50,0.06,0.027149321266968326,,,True,2,0.04216717882081866,0.0016667931340634823,0.00046920962631702423,0.040031176060438156,0.00046004122123122215,0.0026967166922986507,0.001592107117176056,0.04691782593727112
tier_10k,1000,1_1438042990112.50_20150728002310-00273-ip-10-236-191-2_869240800_0.csv,1,10,10.0,0.15,1000,2,339,100,False,False,False,100,0,100,0.06,0.015544041450777202,,,True,2,0.04216717882081866,0.0016667931340634823,0.00046920962631702423,0.040031176060438156,0.0005258447490632534,0.006022541783750057,0.0011638635769486427,0.049880990758538246
tier_10k,1000,1_1438042990112.50_20150728002310-00273-ip-10-236-191-2_869240800_0.csv,1,10,15.0,0.15,1000,2,339,150,False,False,False,150,0,150,0.06,0.009448818897637795,,,True,2,0.04216717882081866,0.0016667931340634823,0.00046920962631702423,0.040031176060438156,0.0005314480513334274,0.008737748954445124,0.001112976111471653,0.05255091469734907
tier_10k,1000,1_1438042990112.50_20150728002310-00273-ip-10-236-191-2_869240800_0.csv,1,10,20.0,0.15,1000,2,339,200,False,False,False,200,0,200,0.06,0.006012024048096192,,,True,2,0.04216717882081866,0.0016667931340634823,0.00046920962631702423,0.040031176060438156,0.0005419431254267693,0.00988854980096221,0.0014483388513326645,0.05404737405478954
tier_10k,1000,1_1438042990112.50_20150728002310-00273-ip-10-236-191-2_869240800_0.csv,1,20,5.0,0.15,1000,2,339,100,False,False,False,100,0,100,0.06,0.015544041450777202,,,True,2,0.04216717882081866,0.0016667931340634823,0.00046920962631702423,0.040031176060438156,0.0005128211341798306,0.006727066822350025,0.0010519311763346195,0.05046063382178545
tier_10k,1000,1_1438042990112.50_20150728002310-00273-ip-10-236-191-2_869240800_0.csv,1,20,10.0,0.15,1000,2,339,200,False,False,False,200,0,200,0.06,0.006012024048096192,,,True,2,0.04216717882081866,0.0016667931340634823,0.00046920962631702423,0.040031176060438156,0.0005451920442283154,0.0103368628770113,0.0013178200460970402,0.05436843167990446
tier_10k,1000,1_1438042990112.50_20150728002310-00273-ip-10-236-191-2_869240800_0.csv,1,20,15.0,0.15,1000,2,339,300,False,False,False,300,0,300,0.06,0.0024311183144246355,,,True,2,0.04216717882081866,0.0016667931340634823,0.00046920962631702423,0.040031176060438156,0.0006007691845297813,0.01577005162835121,0.0014578062109649181,0.05999750038608909
tier_10k,1000,1_1438042990112.50_20150728002310-00273-ip-10-236-191-2_869240800_0.csv,1,20,20.0,0.15,1000,2,339,400,True,False,False,339,0,339,0.06,0.0010327022375215145,,,False,0,0.04216717882081866,0.0016667931340634823,0.00046920962631702423,0.040031176060438156,2.2348016500473022e-05,0.01681029610335827,0.0016289958730340004,0.06063019810244441
tier_10k,1000,1_1438042990112.50_20150728002310-00273-ip-10-236-191-2_869240800_0.csv,1,30,5.0,0.15,1000,2,339,150,False,False,False,150,0,150,0.06,0.009448818897637795,,,True,2,0.04216717882081866,0.0016667931340634823,0.00046920962631702423,0.040031176060438156,0.0005305232480168343,0.007877819240093231,0.0010788999497890472,0.05165595607832074
tier_10k,1000,1_1438042990112.50_20150728002310-00273-ip-10-236-191-2_869240800_0.csv,1,30,10.0,0.15,1000,2,339,300,False,False,False,300,0,300,0.06,0.0024311183144246355,,,True,2,0.04216717882081866,0.0016667931340634823,0.00046920962631702423,0.040031176060438156,0.0005864170379936695,0.015343729872256517,0.0015544402413070202,0.0596531992778182
tier_10k,1000,1_1438042990112.50_20150728002310-00273-ip-10-236-191-2_869240800_0.csv,1,30,15.0,0.15,1000,2,339,450,True,False,False,339,0,339,0.06,0.0010327022375215145,,,False,0,0.04216717882081866,0.0016667931340634823,0.00046920962631702423,0.040031176060438156,2.417992800474167e-05,0.017737590242177248,0.001564656849950552,0.06149517558515072
tier_10k,1000,1_1438042990112.50_20150728002310-00273-ip-10-236-191-2_869240800_0.csv,1,30,20.0,0.15,1000,2,339,600,True,False,False,339,0,339,0.06,0.0010327022375215145,,,False,0,0.04216717882081866,0.0016667931340634823,0.00046920962631702423,0.040031176060438156,2.4354085326194763e-05,0.01777896611019969,0.0015971660614013672,0.06156927207484841
tier_10k,1000,1_1438042990112.50_20150728002310-00273-ip-10-236-191-2_869240800_0.csv,1,40,5.0,0.15,1000,2,339,200,False,False,False,200,0,200,0.06,0.006012024048096192,,,True,2,0.04216717882081866,0.0016667931340634823,0.00046920962631702423,0.040031176060438156,0.0005619931034743786,0.010863707400858402,0.0014918949455022812,0.055086301639676094
tier_10k,1000,1_1438042990112.50_20150728002310-00273-ip-10-236-191-2_869240800_0.csv,1,40,10.0,0.15,1000,2,339,400,True,False,False,339,0,339,0.06,0.0010327022375215145,,,False,0,0.04216717882081866,0.0016667931340634823,0.00046920962631702423,0.040031176060438156,2.4011824280023575e-05,0.018942167051136494,0.0017140018753707409,0.06284899357706308
tier_10k,1000,1_1438042990112.50_20150728002310-00273-ip-10-236-191-2_869240800_0.csv,1,40,15.0,0.15,1000,2,339,600,True,False,False,339,0,339,0.06,0.0010327022375215145,,,False,0,0.04216717882081866,0.0016667931340634823,0.00046920962631702423,0.040031176060438156,2.4450011551380157e-05,0.017485839780420065,0.0014819358475506306,0.06116097467020154
tier_10k,1000,1_1438042990112.50_20150728002310-00273-ip-10-236-191-2_869240800_0.csv,1,40,20.0,0.15,1000,2,339,800,True,False,False,339,0,339,0.06,0.0010327022375215145,,,False,0,0.04216717882081866,0.0016667931340634823,0.00046920962631702423,0.040031176060438156,2.129189670085907e-05,0.01644630916416645,0.0014780228957533836,0.06011418579146266
tier_10k,1000,1_1438042990112.50_20150728002310-00273-ip-10-236-191-2_869240800_0.csv,1,50,5.0,0.15,1000,2,339,250,False,False,False,250,0,250,0.06,0.003976143141153081,,,True,2,0.04216717882081866,0.0016667931340634823,0.00046920962631702423,0.040031176060438156,0.0005735978484153748,0.01318113412708044,0.0013109459541738033,0.0572341657243669
tier_10k,1000,1_1438042990112.50_20150728002310-00273-ip-10-236-191-2_869240800_0.csv,1,50,10.0,0.15,1000,2,339,500,True,False,False,339,0,339,0.06,0.0010327022375215145,,,False,0,0.04216717882081866,0.0016667931340634823,0.00046920962631702423,0.040031176060438156,2.3634638637304306e-05,0.016594525892287493,0.0017015603370964527,0.06048841495066881
tier_10k,1000,1_1438042990112.50_20150728002310-00273-ip-10-236-191-2_869240800_0.csv,1,50,15.0,0.15,1000,2,339,750,True,False,False,339,0,339,0.06,0.0010327022375215145,,,False,0,0.04216717882081866,0.0016667931340634823,0.00046920962631702423,0.040031176060438156,3.268895670771599e-05,0.01900214608758688,0.0016813399270176888,0.06288519501686096
tier_10k,1000,1_1438042990112.50_20150728002310-00273-ip-10-236-191-2_869240800_0.csv,1,50,20.0,0.15,1000,2,339,1000,True,False,False,339,0,339,0.06,0.0010327022375215145,,,False,0,0.04216717882081866,0.0016667931340634823,0.00046920962631702423,0.040031176060438156,2.4212989956140518e-05,0.017562301829457283,0.0016869092360138893,0.06144213490188122
tier_10k,1000,0_1438042988061.16_20150728002308-00096-ip-10-236-191-2_895004754_0.csv,0,10,5.0,0.15,1000,1,344,50,False,True,True,50,10,50,0.6666666666666666,0.038461538461538464,0.16666666666666666,18.288692831993103,True,2,0.03986433241516352,0.0018354137428104877,0.00048066675662994385,0.037548251915723085,0.00046039512380957603,0.0021596988663077354,0.004253848921507597,0.0467400592751801
tier_10k,1000,0_1438042988061.16_20150728002308-00096-ip-10-236-191-2_895004754_0.csv,0,10,10.0,0.15,1000,1,344,100,False,True,True,100,10,100,0.6666666666666666,0.0196078431372549,0.16666666666666666,18.352186501026154,True,2,0.03986433241516352,0.0018354137428104877,0.00048066675662994385,0.037548251915723085,0.0005422071553766727,0.004624471068382263,0.0030619418248534203,0.04809468053281307
tier_10k,1000,0_1438042988061.16_20150728002308-00096-ip-10-236-191-2_895004754_0.csv,0,10,15.0,0.15,1000,1,344,150,False,True,True,150,10,150,0.6666666666666666,0.013157894736842105,0.16666666666666666,18.420689523220062,True,2,0.03986433241516352,0.0018354137428104877,0.00048066675662994385,0.037548251915723085,0.000826988834887743,0.006906887050718069,0.003710946999490261,0.051311186514794827
tier_10k,1000,0_1438042988061.16_20150728002308-00096-ip-10-236-191-2_895004754_0.csv,0,10,20.0,0.15,1000,1,344,200,False,True,True,200,10,200,0.6666666666666666,0.009216589861751152,0.16,18.530258238315582,True,2,0.03986433241516352,0.0018354137428104877,0.00048066675662994385,0.037548251915723085,0.0005632839165627956,0.009137489832937717,0.004034495912492275,0.05360119650140405
tier_10k,1000,0_1438042988061.16_20150728002308-00096-ip-10-236-191-2_895004754_0.csv,0,20,5.0,0.15,1000,1,344,100,False,False,False,100,0,100,0.6666666666666666,0.0196078431372549,,,True,2,0.03986433241516352,0.0018354137428104877,0.00048066675662994385,0.037548251915723085,0.0005317460745573044,0.004487792961299419,0.0007535628974437714,0.04563897242769599
tier_10k,1000,0_1438042988061.16_20150728002308-00096-ip-10-236-191-2_895004754_0.csv,0,20,10.0,0.15,1000,1,344,200,False,False,False,200,0,200,0.6666666666666666,0.009216589861751152,,,True,2,0.03986433241516352,0.0018354137428104877,0.00048066675662994385,0.037548251915723085,0.0005855117924511433,0.008793655317276716,0.0012797578237950802,0.050524658523499966
tier_10k,1000,0_1438042988061.16_20150728002308-00096-ip-10-236-191-2_895004754_0.csv,0,20,15.0,0.15,1000,1,344,300,False,False,False,300,0,300,0.6666666666666666,0.004944375772558714,,,True,2,0.03986433241516352,0.0018354137428104877,0.00048066675662994385,0.037548251915723085,0.0005362872034311295,0.011652139015495777,0.0014843493700027466,0.053538492415100336
tier_10k,1000,0_1438042988061.16_20150728002308-00096-ip-10-236-191-2_895004754_0.csv,0,20,20.0,0.15,1000,1,344,400,True,False,False,344,0,344,0.6666666666666666,0.00375234521575985,,,False,0,0.03986433241516352,0.0018354137428104877,0.00048066675662994385,0.037548251915723085,2.1914951503276825e-05,0.013094033114612103,0.0017297528684139252,0.054711485747247934
tier_10k,1000,0_1438042988061.16_20150728002308-00096-ip-10-236-191-2_895004754_0.csv,0,30,5.0,0.15,1000,1,344,150,False,False,False,150,0,150,0.6666666666666666,0.013157894736842105,,,True,2,0.03986433241516352,0.0018354137428104877,0.00048066675662994385,0.037548251915723085,0.00056111766025424,0.00661489786580205,0.0009484579786658287,0.047990544233471155
tier_10k,1000,0_1438042988061.16_20150728002308-00096-ip-10-236-191-2_895004754_0.csv,0,30,10.0,0.15,1000,1,344,300,False,False,False,300,0,300,0.6666666666666666,0.004944375772558714,,,True,2,0.03986433241516352,0.0018354137428104877,0.00048066675662994385,0.037548251915723085,0.0006018071435391903,0.011527092196047306,0.001539741177111864,0.0535342781804502
tier_10k,1000,0_1438042988061.16_20150728002308-00096-ip-10-236-191-2_895004754_0.csv,0,30,15.0,0.15,1000,1,344,450,True,False,False,344,0,344,0.6666666666666666,0.00375234521575985,,,False,0,0.03986433241516352,0.0018354137428104877,0.00048066675662994385,0.037548251915723085,2.4298671633005142e-05,0.01391779724508524,0.0016241450794041157,0.05543212965130806
tier_10k,1000,0_1438042988061.16_20150728002308-00096-ip-10-236-191-2_895004754_0.csv,0,30,20.0,0.15,1000,1,344,600,True,False,False,344,0,344,0.6666666666666666,0.00375234521575985,,,False,0,0.03986433241516352,0.0018354137428104877,0.00048066675662994385,0.037548251915723085,2.230517566204071e-05,0.0128165353089571,0.0017380411736667156,0.05444264831021428
tier_10k,1000,0_1438042988061.16_20150728002308-00096-ip-10-236-191-2_895004754_0.csv,0,40,5.0,0.15,1000,1,344,200,False,False,False,200,0,200,0.6666666666666666,0.009216589861751152,,,True,2,0.03986433241516352,0.0018354137428104877,0.00048066675662994385,0.037548251915723085,0.0005985330790281296,0.009257324039936066,0.0015406371094286442,0.051262480672448874
tier_10k,1000,0_1438042988061.16_20150728002308-00096-ip-10-236-191-2_895004754_0.csv,0,40,10.0,0.15,1000,1,344,400,True,False,False,344,0,344,0.6666666666666666,0.00375234521575985,,,False,0,0.03986433241516352,0.0018354137428104877,0.00048066675662994385,0.037548251915723085,2.406211569905281e-05,0.013805926777422428,0.0014639301225543022,0.05515977507457137
tier_10k,1000,0_1438042988061.16_20150728002308-00096-ip-10-236-191-2_895004754_0.csv,0,40,15.0,0.15,1000,1,344,600,True,False,False,344,0,344,0.6666666666666666,0.00375234521575985,,,False,0,0.03986433241516352,0.0018354137428104877,0.00048066675662994385,0.037548251915723085,2.4251174181699753e-05,0.014426549896597862,0.0016178139485418797,0.055934624280780554
tier_10k,1000,0_1438042988061.16_20150728002308-00096-ip-10-236-191-2_895004754_0.csv,0,40,20.0,0.15,1000,1,344,800,True,False,False,344,0,344,0.6666666666666666,0.00375234521575985,,,False,0,0.03986433241516352,0.0018354137428104877,0.00048066675662994385,0.037548251915723085,2.3455824702978134e-05,0.014271045569330454,0.0016582184471189976,0.055818602442741394
tier_10k,1000,0_1438042988061.16_20150728002308-00096-ip-10-236-191-2_895004754_0.csv,0,50,5.0,0.15,1000,1,344,250,False,False,False,250,0,250,0.6666666666666666,0.006745362563237774,,,True,2,0.03986433241516352,0.0018354137428104877,0.00048066675662994385,0.037548251915723085,0.0005641686730086803,0.009528512135148048,0.0015467940829694271,0.05150533653795719
tier_10k,1000,0_1438042988061.16_20150728002308-00096-ip-10-236-191-2_895004754_0.csv,0,50,10.0,0.15,1000,1,344,500,True,False,False,344,0,344,0.6666666666666666,0.00375234521575985,,,False,0,0.03986433241516352,0.0018354137428104877,0.00048066675662994385,0.037548251915723085,2.4443957954645157e-05,0.013645391911268234,0.0016933218576014042,0.055229068268090487
tier_10k,1000,0_1438042988061.16_20150728002308-00096-ip-10-236-191-2_895004754_0.csv,0,50,15.0,0.15,1000,1,344,750,True,False,False,344,0,344,0.6666666666666666,0.00375234521575985,,,False,0,0.03986433241516352,0.0018354137428104877,0.00048066675662994385,0.037548251915723085,2.183578908443451e-05,0.013153532985597849,0.0015654140152037144,0.054606613237410784
tier_10k,1000,0_1438042988061.16_20150728002308-00096-ip-10-236-191-2_895004754_0.csv,0,50,20.0,0.15,1000,1,344,1000,True,False,False,344,0,344,0.6666666666666666,0.00375234521575985,,,False,0,0.03986433241516352,0.0018354137428104877,0.00048066675662994385,0.037548251915723085,2.4423934519290924e-05,0.014584586955606937,0.0016208752058446407,0.056095825508236885
tier_10k,1000,1_1438042987127.36_20150728002307-00114-ip-10-236-191-2_902351685_191.csv,0,10,5.0,0.15,1000,410,506,50,False,True,True,50,10,50,0.5,0.8421052631578947,0.7948717948717948,18.294734477996826,True,2,0.0596883031539619,0.001887280959635973,0.000628806184977293,0.05717221600934863,0.0006454181857407093,0.0015313937328755856,0.003727411851286888,0.06559426058083773
tier_10k,1000,1_1438042987127.36_20150728002307-00114-ip-10-236-191-2_902351685_191.csv,0,10,10.0,0.15,1000,410,506,100,False,True,True,100,10,100,0.5,0.6310904872389791,0.5,18.942940771579742,True,2,0.0596883031539619,0.001887280959635973,0.000628806184977293,0.05717221600934863,0.0007721432484686375,0.0042197210714221,0.004443803336471319,0.06912583624944091
tier_10k,1000,1_1438042987127.36_20150728002307-00114-ip-10-236-191-2_902351685_191.csv,0,10,15.0,0.15,1000,410,506,150,False,True,True,150,10,150,0.5,0.5625879043600562,0.4852941176470588,19.142824172973633,True,2,0.0596883031539619,0.001887280959635973,0.000628806184977293,0.05717221600934863,0.0012075169943273067,0.00865498324856162,0.004683272913098335,0.07423634734004736
tier_10k,1000,1_1438042987127.36_20150728002307-00114-ip-10-236-191-2_902351685_191.csv,0,10,20.0,0.15,1000,410,506,200,False,True,True,200,10,200,0.5,0.5,0.4507042253521127,19.21106594800949,True,2,0.0596883031539619,0.001887280959635973,0.000628806184977293,0.05717221600934863,0.0009051482193171978,0.006804951932281256,0.004444614052772522,0.07184503134340048
tier_10k,1000,1_1438042987127.36_20150728002307-00114-ip-10-236-191-2_902351685_191.csv,0,20,5.0,0.15,1000,410,506,100,False,True,True,100,20,100,0.5,0.6310904872389791,0.5163934426229508,37.631425857543945,True,2,0.0596883031539619,0.001887280959635973,0.000628806184977293,0.05717221600934863,0.0008217780850827694,0.003505945671349764,0.0030856099911034107,0.067103355191648
tier_10k,1000,1_1438042987127.36_20150728002307-00114-ip-10-236-191-2_902351685_191.csv,0,20,10.0,0.15,1000,410,506,200,False,True,True,200,20,200,0.5,0.5,0.46616541353383456,38.129755079746246,True,2,0.0596883031539619,0.001887280959635973,0.000628806184977293,0.05717221600934863,0.0008131000213325024,0.006557330023497343,0.00354976300150156,0.07061012322083116
tier_10k,1000,1_1438042987127.36_20150728002307-00114-ip-10-236-191-2_902351685_191.csv,0,20,15.0,0.15,1000,410,506,300,False,True,True,300,20,300,0.5,0.4153846153846154,0.45588235294117646,38.12994784116745,True,3,0.0596883031539619,0.001887280959635973,0.000628806184977293,0.05717221600934863,0.001220970880240202,0.009771571028977633,0.004464114084839821,0.07514680875465274
tier_10k,1000,1_1438042987127.36_20150728002307-00114-ip-10-236-191-2_902351685_191.csv,0,20,20.0,0.15,1000,410,506,400,False,True,True,400,20,400,0.5,0.35526315789473684,0.43356643356643354,38.13946133852005,True,2,0.0596883031539619,0.001887280959635973,0.000628806184977293,0.05717221600934863,0.0008819126524031162,0.012606516946107149,0.005047728773206472,0.07822606526315212
tier_10k,1000,1_1438042987127.36_20150728002307-00114-ip-10-236-191-2_902351685_191.csv,0,30,5.0,0.15,1000,410,506,150,False,True,True,150,30,150,0.5,0.5625879043600562,0.5,56.69651836156845,True,2,0.0596883031539619,0.001887280959635973,0.000628806184977293,0.05717221600934863,0.0007710917852818966,0.0048927199095487595,0.0032271789386868477,0.06858103955164552
tier_10k,1000,1_1438042987127.36_20150728002307-00114-ip-10-236-191-2_902351685_191.csv,0,30,10.0,0.15,1000,410,506,300,False,True,True,300,30,300,0.5,0.4153846153846154,0.441747572815534,56.943582236766815,True,3,0.0596883031539619,0.001887280959635973,0.000628806184977293,0.05717221600934863,0.0010999669320881367,0.009634855668991804,0.003975462168455124,0.07440034905448556
tier_10k,1000,1_1438042987127.36_20150728002307-00114-ip-10-236-191-2_902351685_191.csv,0,30,15.0,0.15,1000,410,506,450,False,True,True,450,30,450,0.5,0.3328943035890682,0.39473684210526316,57.0047767162323,True,2,0.0596883031539619,0.001887280959635973,0.000628806184977293,0.05717221600934863,0.0009065568447113037,0.015961820725351572,0.005200600251555443,0.08175897225737572
tier_10k,1000,1_1438042987127.36_20150728002307-00114-ip-10-236-191-2_902351685_191.csv,0,30,20.0,0.15,1000,410,506,600,True,True,True,506,30,506,0.5,0.18301955104996379,0.39473684210526316,57.0047767162323,False,0,0.0596883031539619,0.001887280959635973,0.000628806184977293,0.05717221600934863,5.1070936024188995e-05,0.018004137091338634,0.005633520893752575,0.08337899623438716
tier_10k,1000,1_1438042987127.36_20150728002307-00114-ip-10-236-191-2_902351685_191.csv,0,40,5.0,0.15,1000,410,506,200,False,True,True,200,40,200,0.5,0.5,0.45384615384615384,75.62354427576065,True,2,0.0596883031539619,0.001887280959635973,0.000628806184977293,0.05717221600934863,0.0008334117010235786,0.0065553439781069756,0.004130619112402201,0.07120940880849957
tier_10k,1000,1_1438042987127.36_20150728002307-00114-ip-10-236-191-2_902351685_191.csv,0,40,10.0,0.15,1000,410,506,400,False,True,True,400,40,400,0.5,0.35526315789473684,0.39864864864864863,75.75804948806763,True,2,0.0596883031539619,0.001887280959635973,0.000628806184977293,0.05717221600934863,0.0009657531045377254,0.012736599892377853,0.004766490776091814,0.07815902912989259
tier_10k,1000,1_1438042987127.36_20150728002307-00114-ip-10-236-191-2_902351685_191.csv,0,40,15.0,0.15,1000,410,506,600,True,True,True,506,40,506,0.5,0.18301955104996379,0.38235294117647056,75.79787278175354,False,0,0.0596883031539619,0.001887280959635973,0.000628806184977293,0.05717221600934863,3.55597585439682e-05,0.016916729975491762,0.005136462859809399,0.08177876612171531
tier_10k,1000,1_1438042987127.36_20150728002307-00114-ip-10-236-191-2_902351685_191.csv,0,40,20.0,0.15,1000,410,506,800,True,True,True,506,40,506,0.5,0.18301955104996379,0.38235294117647056,75.79787278175354,False,0,0.0596883031539619,0.001887280959635973,0.000628806184977293,0.05717221600934863,5.0700269639492035e-05,0.025434193201363087,0.00615710997954011,0.09133245423436165
tier_10k,1000,1_1438042987127.36_20150728002307-00114-ip-10-236-191-2_902351685_191.csv,0,50,5.0,0.15,1000,410,506,250,False,True,True,250,50,250,0.5,0.45447924253459576,0.4235294117647059,94.34248149394989,True,2,0.0596883031539619,0.001887280959635973,0.000628806184977293,0.05717221600934863,0.0014236783608794212,0.010280124377459288,0.004161207936704159,0.07555589731782675
tier_10k,1000,1_1438042987127.36_20150728002307-00114-ip-10-236-191-2_902351685_191.csv,0,50,10.0,0.15,1000,410,506,500,False,True,True,500,50,500,0.5,0.26612266385891026,0.37628865979381443,94.54402631521225,True,2,0.0596883031539619,0.001887280959635973,0.000628806184977293,0.05717221600934863,0.0015635513700544834,0.021105616819113493,0.006296447012573481,0.08865638729184866
tier_10k,1000,1_1438042987127.36_20150728002307-00114-ip-10-236-191-2_902351685_191.csv,0,50,15.0,0.15,1000,410,506,750,True,True,True,506,50,506,0.5,0.18301955104996379,0.37628865979381443,94.54402631521225,False,0,0.0596883031539619,0.001887280959635973,0.000628806184977293,0.05717221600934863,6.230175495147705e-05,0.020276090130209923,0.00903330696746707,0.089062147308141
tier_10k,1000,1_1438042987127.36_20150728002307-00114-ip-10-236-191-2_902351685_191.csv,0,50,20.0,0.15,1000,410,506,1000,True,True,True,506,50,506,0.5,0.18301955104996379,0.37628865979381443,94.54402631521225,False,0,0.0596883031539619,0.001887280959635973,0.000628806184977293,0.05717221600934863,4.161614924669266e-05,0.01885860087350011,0.006964289117604494,0.0855550249107182
tier_10k,1000,1_1438042987127.36_20150728002307-00182-ip-10-236-191-2_150862475_5.csv,8,10,5.0,0.15,1000,1177,1019,50,False,True,True,50,10,50,0.3333333333333333,0.3764705882352941,0.375,82.182945728302,True,2,0.1661644265986979,0.003035786096006632,0.0027941525913774967,0.16033448791131377,0.0018650246784090996,0.034215851221233606,0.004317111801356077,0.20656501036137342
tier_10k,1000,1_1438042987127.36_20150728002307-00182-ip-10-236-191-2_150862475_5.csv,8,10,10.0,0.15,1000,1177,1019,100,False,True,True,100,10,100,0.3333333333333333,0.27973568281938327,0.34210526315789475,84.14508414268494,True,2,0.1661644265986979,0.003035786096006632,0.0027941525913774967,0.16033448791131377,0.003199337050318718,0.06330154277384281,0.005058947019279003,0.23772704973816872
tier_10k,1000,1_1438042987127.36_20150728002307-00182-ip-10-236-191-2_150862475_5.csv,8,10,15.0,0.15,1000,1177,1019,150,False,True,True,150,10,150,0.3333333333333333,0.25142045454545453,0.2926829268292683,84.16615551710129,True,2,0.1661644265986979,0.003035786096006632,0.0027941525913774967,0.16033448791131377,0.0032688272185623646,0.08915309607982635,0.005037933122366667,0.2636272953823209
tier_10k,1000,1_1438042987127.36_20150728002307-00182-ip-10-236-191-2_150862475_5.csv,8,10,20.0,0.15,1000,1177,1019,200,False,True,True,200,10,200,0.3333333333333333,0.2379454926624738,0.2926829268292683,84.16615551710129,True,2,0.1661644265986979,0.003035786096006632,0.0027941525913774967,0.16033448791131377,0.0033521237783133984,0.11559970024973154,0.0057535357773303986,0.2908727340400219
tier_10k,1000,1_1438042987127.36_20150728002307-00182-ip-10-236-191-2_150862475_5.csv,8,20,5.0,0.15,1000,1177,1019,100,False,True,True,100,20,100,0.3333333333333333,0.27973568281938327,0.3106796116504854,142.3486534357071,True,2,0.1661644265986979,0.003035786096006632,0.0027941525913774967,0.16033448791131377,0.003210693132132292,0.06435692682862282,0.004098096862435341,0.2378328386694193
tier_10k,1000,1_1438042987127.36_20150728002307-00182-ip-10-236-191-2_150862475_5.csv,8,20,10.0,0.15,1000,1177,1019,200,False,True,True,200,20,200,0.3333333333333333,0.2379454926624738,0.2962962962962963,143.99155196547508,True,2,0.1661644265986979,0.003035786096006632,0.0027941525913774967,0.16033448791131377,0.0032504680566489697,0.11439548199996352,0.005694807972759008,0.28950793854892254
tier_10k,1000,1_1438042987127.36_20150728002307-00182-ip-10-236-191-2_150862475_5.csv,8,20,15.0,0.15,1000,1177,1019,300,False,True,True,300,20,300,0.3333333333333333,0.2248968363136176,0.2962962962962963,144.23662090301514,True,2,0.1661644265986979,0.003035786096006632,0.0027941525913774967,0.16033448791131377,0.003239645157009363,0.166431097779423,0.006175135727971792,0.34201324777677655
tier_10k,1000,1_1438042987127.36_20150728002307-00182-ip-10-236-191-2_150862475_5.csv,8,20,20.0,0.15,1000,1177,1019,400,False,True,True,400,20,400,0.3333333333333333,0.21645885286783043,0.2857142857142857,144.4917422235012,True,2,0.1661644265986979,0.003035786096006632,0.0027941525913774967,0.16033448791131377,0.003397379070520401,0.2158104032278061,0.006308093201369047,0.3916832823306322
tier_10k,1000,1_1438042987127.36_20150728002307-00182-ip-10-236-191-2_150862475_5.csv,8,30,5.0,0.15,1000,1177,1019,150,False,True,True,150,30,150,0.3333333333333333,0.25142045454545453,0.2896551724137931,194.9350407421589,True,2,0.1661644265986979,0.003035786096006632,0.0027941525913774967,0.16033448791131377,0.003313648048788309,0.08769175689667463,0.005110524129122496,0.2622831375338137
tier_10k,1000,1_1438042987127.36_20150728002307-00182-ip-10-236-191-2_150862475_5.csv,8,30,10.0,0.15,1000,1177,1019,300,False,True,True,300,30,300,0.3333333333333333,0.2248968363136176,0.28378378378378377,197.5633064210415,True,2,0.1661644265986979,0.003035786096006632,0.0027941525913774967,0.16033448791131377,0.0033839410170912743,0.16465845005586743,0.005734733305871487,0.33994452795013785
tier_10k,1000,1_1438042987127.36_20150728002307-00182-ip-10-236-191-2_150862475_5.csv,8,30,15.0,0.15,1000,1177,1019,450,False,True,True,450,30,450,0.3333333333333333,0.20997830802603037,0.26582278481012656,202.78516972064972,True,2,0.1661644265986979,0.003035786096006632,0.0027941525913774967,0.16033448791131377,0.0034368098713457584,0.24037688365206122,0.0073751648887991905,0.41735601099208
tier_10k,1000,1_1438042987127.36_20150728002307-00182-ip-10-236-191-2_150862475_5.csv,8,30,20.0,0.15,1000,1177,1019,600,False,True,True,600,30,600,0.3333333333333333,0.18198992443324938,0.1523809523809524,321.38518393039703,True,3,0.1661644265986979,0.003035786096006632,0.0027941525913774967,0.16033448791131377,0.004412943962961435,0.3403398208320141,0.015354203060269356,0.5262746186926961
tier_10k,1000,1_1438042987127.36_20150728002307-00182-ip-10-236-191-2_150862475_5.csv,8,40,5.0,0.15,1000,1177,1019,200,False,True,True,200,40,200,0.3333333333333333,0.2379454926624738,0.26666666666666666,243.47451251745224,True,2,0.1661644265986979,0.003035786096006632,0.0027941525913774967,0.16033448791131377,0.003412454854696989,0.1209712871350348,0.005181537941098213,0.29573291586712
tier_10k,1000,1_1438042987127.36_20150728002307-00182-ip-10-236-191-2_150862475_5.csv,8,40,10.0,0.15,1000,1177,1019,400,False,True,True,400,40,400,0.3333333333333333,0.21645885286783043,0.2653061224489796,249.16977003216743,True,2,0.1661644265986979,0.003035786096006632,0.0027941525913774967,0.16033448791131377,0.003422571811825037,0.21426561521366239,0.006704541854560375,0.3905600314028561
tier_10k,1000,1_1438042987127.36_20150728002307-00182-ip-10-236-191-2_150862475_5.csv,8,40,15.0,0.15,1000,1177,1019,600,False,True,True,600,40,600,0.3333333333333333,0.18198992443324938,0.15037593984962405,414.1294477581978,True,3,0.1661644265986979,0.003035786096006632,0.0027941525913774967,0.16033448791131377,0.004518507048487663,0.33844667533412576,0.01243085227906704,0.5215635616332293
tier_10k,1000,1_1438042987127.36_20150728002307-00182-ip-10-236-191-2_150862475_5.csv,8,40,20.0,0.15,1000,1177,1019,800,False,True,True,800,40,800,0.3333333333333333,0.12300104618143776,0.15037593984962405,414.1294477581978,True,3,0.1661644265986979,0.003035786096006632,0.0027941525913774967,0.16033448791131377,0.004950406029820442,0.4833407402038574,0.07059163739904761,0.7250508395954967
tier_10k,1000,1_1438042987127.36_20150728002307-00182-ip-10-236-191-2_150862475_5.csv,8,50,5.0,0.15,1000,1177,1019,250,False,True,True,250,50,250,0.3333333333333333,0.23006644518272426,0.2530612244897959,293.8599502146244,True,2,0.1661644265986979,0.003035786096006632,0.0027941525913774967,0.16033448791131377,0.002144145779311657,0.1646469458937645,0.005458931904286146,0.33841733960434794
tier_10k,1000,1_1438042987127.36_20150728002307-00182-ip-10-236-191-2_150862475_5.csv,8,50,10.0,0.15,1000,1177,1019,500,False,True,True,500,50,500,0.3333333333333333,0.20326173428798727,0.2,422.1348306834698,True,2,0.1661644265986979,0.003035786096006632,0.0027941525913774967,0.16033448791131377,0.0035058637149631977,0.27702901419252157,0.007431311998516321,0.45413374761119485
tier_10k,1000,1_1438042987127.36_20150728002307-00182-ip-10-236-191-2_150862475_5.csv,8,50,15.0,0.15,1000,1177,1019,750,False,True,True,750,50,750,0.3333333333333333,0.13802816901408452,0.15028901734104047,501.5112056732178,True,3,0.1661644265986979,0.003035786096006632,0.0027941525913774967,0.16033448791131377,0.004782248288393021,0.4441173719242215,0.07929289620369673,0.694359662476927
tier_10k,1000,1_1438042987127.36_20150728002307-00182-ip-10-236-191-2_150862475_5.csv,8,50,20.0,0.15,1000,1177,1019,1000,False,True,True,1000,50,1000,0.3333333333333333,0.07807990277988759,0.15028901734104047,501.5112056732178,True,3,0.1661644265986979,0.003035786096006632,0.0027941525913774967,0.16033448791131377,0.0033198329620063305,0.5878143589943647,0.07846079813316464,0.8357622832991183
tier_10k,1000,1_1438042987127.36_20150728002307-00015-ip-10-236-191-2_372255835_10.csv,2,10,5.0,0.15,1000,1,259,50,False,True,True,50,10,50,0.5,0.03773584905660377,0.15384615384615385,33.862302243709564,True,2,0.0473713600076735,0.002113595139235258,0.0006464216858148575,0.044611343182623386,0.0005415873602032661,0.006285811774432659,0.004086469765752554,0.058287916239351034
tier_10k,1000,1_1438042987127.36_20150728002307-00015-ip-10-236-191-2_372255835_10.csv,2,10,10.0,0.15,1000,1,259,100,False,True,True,100,10,100,0.5,0.016260162601626018,0.15384615384615385,34.26277530193329,True,2,0.0473713600076735,0.002113595139235258,0.0006464216858148575,0.044611343182623386,0.0005304818041622639,0.01154394494369626,0.003820916172116995,0.06326890597119927
tier_10k,1000,1_1438042987127.36_20150728002307-00015-ip-10-236-191-2_372255835_10.csv,2,10,15.0,0.15,1000,1,259,150,False,True,True,150,10,150,0.5,0.009569377990430622,0.15384615384615385,34.26277530193329,True,2,0.0473713600076735,0.002113595139235258,0.0006464216858148575,0.044611343182623386,0.0005329451523721218,0.016306716948747635,0.005382773000746965,0.06959600327536464
tier_10k,1000,1_1438042987127.36_20150728002307-00015-ip-10-236-191-2_372255835_10.csv,2,10,20.0,0.15,1000,1,259,200,False,True,True,200,10,200,0.5,0.006259780907668232,0.15384615384615385,34.26277530193329,True,2,0.0473713600076735,0.002113595139235258,0.0006464216858148575,0.044611343182623386,0.000544907059520483,0.02160142408683896,0.0068366252817213535,0.07635641796514392
tier_10k,1000,1_1438042987127.36_20150728002307-00015-ip-10-236-191-2_372255835_10.csv,2,20,5.0,0.15,1000,1,259,100,False,False,False,100,0,100,0.5,0.016260162601626018,,,True,2,0.0473713600076735,0.002113595139235258,0.0006464216858148575,0.044611343182623386,0.0004966063424944878,0.011232046876102686,0.001291900873184204,0.060393857304006815
tier_10k,1000,1_1438042987127.36_20150728002307-00015-ip-10-236-191-2_372255835_10.csv,2,20,10.0,0.15,1000,1,259,200,False,False,False,200,0,200,0.5,0.006259780907668232,,,True,2,0.0473713600076735,0.002113595139235258,0.0006464216858148575,0.044611343182623386,0.0005528638139367104,0.021160711999982595,0.001665187068283558,0.07075215643271804
tier_10k,1000,1_1438042987127.36_20150728002307-00015-ip-10-236-191-2_372255835_10.csv,2,20,15.0,0.15,1000,1,259,300,True,False,False,259,0,259,0.5,0.0034453057708871662,,,False,0,0.0473713600076735,0.002113595139235258,0.0006464216858148575,0.044611343182623386,2.505304291844368e-05,0.027040692046284676,0.0016069901175796986,0.07604601792991161
tier_10k,1000,1_1438042987127.36_20150728002307-00015-ip-10-236-191-2_372255835_10.csv,2,20,20.0,0.15,1000,1,259,400,True,False,False,259,0,259,0.5,0.0034453057708871662,,,False,0,0.0473713600076735,0.002113595139235258,0.0006464216858148575,0.044611343182623386,2.4043023586273193e-05,0.026620568241924047,0.0018001892603933811,0.07581800036132336
tier_10k,1000,1_1438042987127.36_20150728002307-00015-ip-10-236-191-2_372255835_10.csv,2,30,5.0,0.15,1000,1,259,150,False,False,False,150,0,150,0.5,0.009569377990430622,,,True,2,0.0473713600076735,0.002113595139235258,0.0006464216858148575,0.044611343182623386,0.000527349766343832,0.01627799402922392,0.0014501260593533516,0.06562875723466277
tier_10k,1000,1_1438042987127.36_20150728002307-00015-ip-10-236-191-2_372255835_10.csv,2,30,10.0,0.15,1000,1,259,300,True,False,False,259,0,259,0.5,0.0034453057708871662,,,False,0,0.0473713600076735,0.002113595139235258,0.0006464216858148575,0.044611343182623386,2.5239307433366776e-05,0.027624681126326323,0.0018819160759449005,0.07690531108528376
tier_10k,1000,1_1438042987127.36_20150728002307-00015-ip-10-236-191-2_372255835_10.csv,2,30,15.0,0.15,1000,1,259,450,True,False,False,259,0,259,0.5,0.0034453057708871662,,,False,0,0.0473713600076735,0.002113595139235258,0.0006464216858148575,0.044611343182623386,2.4286098778247833e-05,0.026888794731348753,0.0019199796952307224,0.0762063292786479
tier_10k,1000,1_1438042987127.36_20150728002307-00015-ip-10-236-191-2_372255835_10.csv,2,30,20.0,0.15,1000,1,259,600,True,False,False,259,0,259,0.5,0.0034453057708871662,,,False,0,0.0473713600076735,0.002113595139235258,0.0006464216858148575,0.044611343182623386,2.5944784283638e-05,0.026817882899194956,0.0017904797568917274,0.07600754406303167
tier_10k,1000,1_1438042987127.36_20150728002307-00015-ip-10-236-191-2_372255835_10.csv,2,40,5.0,0.15,1000,1,259,200,False,False,False,200,0,200,0.5,0.006259780907668232,,,True,2,0.0473713600076735,0.002113595139235258,0.0006464216858148575,0.044611343182623386,0.0005844878032803535,0.021582589019089937,0.002132345922291279,0.07167304726317525
tier_10k,1000,1_1438042987127.36_20150728002307-00015-ip-10-236-191-2_372255835_10.csv,2,40,10.0,0.15,1000,1,259,400,True,False,False,259,0,259,0.5,0.0034453057708871662,,,False,0,0.0473713600076735,0.002113595139235258,0.0006464216858148575,0.044611343182623386,2.9129907488822937e-05,0.026741351932287216,0.0019630412571132183,0.07611197326332331
tier_10k,1000,1_1438042987127.36_20150728002307-00015-ip-10-236-191-2_372255835_10.csv,2,40,15.0,0.15,1000,1,259,600,True,False,False,259,0,259,0.5,0.0034453057708871662,,,False,0,0.0473713600076735,0.002113595139235258,0.0006464216858148575,0.044611343182623386,3.5156961530447006e-05,0.026999386958777905,0.002107472624629736,0.07651539985090494
tier_10k,1000,1_1438042987127.36_20150728002307-00015-ip-10-236-191-2_372255835_10.csv,2,40,20.0,0.15,1000,1,259,800,True,False,False,259,0,259,0.5,0.0034453057708871662,,,False,0,0.0473713600076735,0.002113595139235258,0.0006464216858148575,0.044611343182623386,2.5233719497919083e-05,0.02671749284490943,0.0022176853381097317,0.07633377006277442
tier_10k,1000,1_1438042987127.36_20150728002307-00015-ip-10-236-191-2_372255835_10.csv,2,50,5.0,0.15,1000,1,259,250,False,False,False,250,0,250,0.5,0.004228329809725159,,,True,2,0.0473713600076735,0.002113595139235258,0.0006464216858148575,0.044611343182623386,0.000602983869612217,0.02596473414450884,0.0016284161247313023,0.07556944480165839
tier_10k,1000,1_1438042987127.36_20150728002307-00015-ip-10-236-191-2_372255835_10.csv,2,50,10.0,0.15,1000,1,259,500,True,False,False,259,0,259,0.5,0.0034453057708871662,,,False,0,0.0473713600076735,0.002113595139235258,0.0006464216858148575,0.044611343182623386,2.4097971618175507e-05,0.02774291904643178,0.0018854872323572636,0.07702570920810103
tier_10k,1000,1_1438042987127.36_20150728002307-00015-ip-10-236-191-2_372255835_10.csv,2,50,15.0,0.15,1000,1,259,750,True,False,False,259,0,259,0.5,0.0034453057708871662,,,False,0,0.0473713600076735,0.002113595139235258,0.0006464216858148575,0.044611343182623386,2.4897977709770203e-05,0.02696135500445962,0.0017102225683629513,0.0760698551312089
tier_10k,1000,1_1438042987127.36_20150728002307-00015-ip-10-236-191-2_372255835_10.csv,2,50,20.0,0.15,1000,1,259,1000,True,False,False,259,0,259,0.5,0.0034453057708871662,,,False,0,0.0473713600076735,0.002113595139235258,0.0006464216858148575,0.044611343182623386,2.3838132619857788e-05,0.02666793391108513,0.0016790879890322685,0.07574411202222109
tier_10k,1000,0_1438042988458.74_20150728002308-00325-ip-10-236-191-2_265100376_0.csv,0,10,5.0,0.15,1000,1,378,50,False,False,False,50,0,50,0.1111111111111111,0.01639344262295082,,,True,2,0.0608007931150496,0.002489169593900442,0.0006014788523316383,0.05771014466881752,0.0006881682202219963,0.002780701033771038,0.0011755358427762985,0.0654474743641913
tier_10k,1000,0_1438042988458.74_20150728002308-00325-ip-10-236-191-2_265100376_0.csv,0,10,10.0,0.15,1000,1,378,100,False,False,False,100,0,100,0.1111111111111111,0.007352941176470588,,,True,2,0.0608007931150496,0.002489169593900442,0.0006014788523316383,0.05771014466881752,0.0007437951862812042,0.005157145205885172,0.0010348795913159847,0.06773842824622989
tier_10k,1000,0_1438042988458.74_20150728002308-00325-ip-10-236-191-2_265100376_0.csv,0,10,15.0,0.15,1000,1,378,150,False,False,False,150,0,150,0.1111111111111111,0.004273504273504274,,,True,2,0.0608007931150496,0.002489169593900442,0.0006014788523316383,0.05771014466881752,0.0007467148825526237,0.007438648957759142,0.001094873994588852,0.07008264726027846
tier_10k,1000,0_1438042988458.74_20150728002308-00325-ip-10-236-191-2_265100376_0.csv,0,10,20.0,0.15,1000,1,378,200,False,False,False,200,0,200,0.1111111111111111,0.002785515320334262,,,True,2,0.0608007931150496,0.002489169593900442,0.0006014788523316383,0.05771014466881752,0.0007621031254529953,0.009755481965839863,0.0013981512747704983,0.07271830225363374
tier_10k,1000,0_1438042988458.74_20150728002308-00325-ip-10-236-191-2_265100376_0.csv,0,20,5.0,0.15,1000,1,378,100,False,False,False,100,0,100,0.1111111111111111,0.007352941176470588,,,True,2,0.0608007931150496,0.002489169593900442,0.0006014788523316383,0.05771014466881752,0.000722214113920927,0.005022806581109762,0.0010784887708723545,0.0676261312328279
tier_10k,1000,0_1438042988458.74_20150728002308-00325-ip-10-236-191-2_265100376_0.csv,0,20,10.0,0.15,1000,1,378,200,False,False,False,200,0,200,0.1111111111111111,0.002785515320334262,,,True,2,0.0608007931150496,0.002489169593900442,0.0006014788523316383,0.05771014466881752,0.000765778124332428,0.009583906270563602,0.0015627969987690449,0.07271493133157492
tier_10k,1000,0_1438042988458.74_20150728002308-00325-ip-10-236-191-2_265100376_0.csv,0,20,15.0,0.15,1000,1,378,300,False,False,False,300,0,300,0.1111111111111111,0.001467351430667645,,,True,2,0.0608007931150496,0.002489169593900442,0.0006014788523316383,0.05771014466881752,0.0008109463378787041,0.014342527370899916,0.001482123974710703,0.07743834424763918
tier_10k,1000,0_1438042988458.74_20150728002308-00325-ip-10-236-191-2_265100376_0.csv,0,20,20.0,0.15,1000,1,378,400,True,False,False,378,0,378,0.1111111111111111,0.0006613756613756613,,,False,0,0.0608007931150496,0.002489169593900442,0.0006014788523316383,0.05771014466881752,3.232574090361595e-05,0.01834035012871027,0.0018276320770382881,0.08100276812911034
tier_10k,1000,0_1438042988458.74_20150728002308-00325-ip-10-236-191-2_265100376_0.csv,0,30,5.0,0.15,1000,1,378,150,False,False,False,150,0,150,0.1111111111111111,0.004273504273504274,,,True,2,0.0608007931150496,0.002489169593900442,0.0006014788523316383,0.05771014466881752,0.0007473682053387165,0.007304209750145674,0.0011925986036658287,0.07004685513675213
tier_10k,1000,0_1438042988458.74_20150728002308-00325-ip-10-236-191-2_265100376_0.csv,0,30,10.0,0.15,1000,1,378,300,False,False,False,300,0,300,0.1111111111111111,0.001467351430667645,,,True,2,0.0608007931150496,0.002489169593900442,0.0006014788523316383,0.05771014466881752,0.0008024540729820728,0.014026068150997162,0.001377561129629612,0.0770084960386157
tier_10k,1000,0_1438042988458.74_20150728002308-00325-ip-10-236-191-2_265100376_0.csv,0,30,15.0,0.15,1000,1,378,450,True,False,False,378,0,378,0.1111111111111111,0.0006613756613756613,,,False,0,0.0608007931150496,0.002489169593900442,0.0006014788523316383,0.05771014466881752,3.2374169677495956e-05,0.018287305254489183,0.001961084082722664,0.08108327724039555
tier_10k,1000,0_1438042988458.74_20150728002308-00325-ip-10-236-191-2_265100376_0.csv,0,30,20.0,0.15,1000,1,378,600,True,False,False,378,0,378,0.1111111111111111,0.0006613756613756613,,,False,0,0.0608007931150496,0.002489169593900442,0.0006014788523316383,0.05771014466881752,3.3366959542036057e-05,0.01823878288269043,0.00184672512114048,0.08092160895466805
tier_10k,1000,0_1438042988458.74_20150728002308-00325-ip-10-236-191-2_265100376_0.csv,0,40,5.0,0.15,1000,1,378,200,False,False,False,200,0,200,0.1111111111111111,0.002785515320334262,,,True,2,0.0608007931150496,0.002489169593900442,0.0006014788523316383,0.05771014466881752,0.0007546460255980492,0.009575328789651394,0.001392154023051262,0.07252464210614562
tier_10k,1000,0_1438042988458.74_20150728002308-00325-ip-10-236-191-2_265100376_0.csv,0,40,10.0,0.15,1000,1,378,400,True,False,False,378,0,378,0.1111111111111111,0.0006613756613756613,,,False,0,0.0608007931150496,0.002489169593900442,0.0006014788523316383,0.05771014466881752,3.246590495109558e-05,0.01811572117730975,0.0016390741802752018,0.08058991516008973
tier_10k,1000,0_1438042988458.74_20150728002308-00325-ip-10-236-191-2_265100376_0.csv,0,40,15.0,0.15,1000,1,378,600,True,False,False,378,0,378,0.1111111111111111,0.0006613756613756613,,,False,0,0.0608007931150496,0.002489169593900442,0.0006014788523316383,0.05771014466881752,3.1908974051475525e-05,0.01839627604931593,0.0018483689054846764,0.08107904810458422
tier_10k,1000,0_1438042988458.74_20150728002308-00325-ip-10-236-191-2_265100376_0.csv,0,40,20.0,0.15,1000,1,378,800,True,False,False,378,0,378,0.1111111111111111,0.0006613756613756613,,,False,0,0.0608007931150496,0.002489169593900442,0.0006014788523316383,0.05771014466881752,3.256089985370636e-05,0.01817538170143962,0.001926323864609003,0.08093668892979622
tier_10k,1000,0_1438042988458.74_20150728002308-00325-ip-10-236-191-2_265100376_0.csv,0,50,5.0,0.15,1000,1,378,250,False,False,False,250,0,250,0.1111111111111111,0.0019743336623889436,,,True,2,0.0608007931150496,0.002489169593900442,0.0006014788523316383,0.05771014466881752,0.0007984600961208344,0.011854712851345539,0.0017897090874612331,0.07524558203294873
tier_10k,1000,0_1438042988458.74_20150728002308-00325-ip-10-236-191-2_265100376_0.csv,0,50,10.0,0.15,1000,1,378,500,True,False,False,378,0,378,0.1111111111111111,0.0006613756613756613,,,False,0,0.0608007931150496,0.002489169593900442,0.0006014788523316383,0.05771014466881752,3.2889191061258316e-05,0.018140822649002075,0.001977891195565462,0.08095421316102147
tier_10k,1000,0_1438042988458.74_20150728002308-00325-ip-10-236-191-2_265100376_0.csv,0,50,15.0,0.15,1000,1,378,750,True,False,False,378,0,378,0.1111111111111111,0.0006613756613756613,,,False,0,0.0608007931150496,0.002489169593900442,0.0006014788523316383,0.05771014466881752,3.2668933272361755e-05,0.019196609035134315,0.001845416147261858,0.08187751332297921
tier_10k,1000,0_1438042988458.74_20150728002308-00325-ip-10-236-191-2_265100376_0.csv,0,50,20.0,0.15,1000,1,378,1000,True,False,False,378,0,378,0.1111111111111111,0.0006613756613756613,,,False,0,0.0608007931150496,0.002489169593900442,0.0006014788523316383,0.05771014466881752,3.32011841237545e-05,0.021276731975376606,0.00196274695917964,0.08407535124570131
tier_10k,1000,1_1438042987127.36_20150728002307-00000-ip-10-236-191-2_300770320_2.csv,0,10,5.0,0.15,1000,6784,3167,50,False,True,True,50,10,50,0.11538461538461539,0.9829907866761163,0.9184397163120568,35.18504083156586,True,3,0.49974122690036893,0.006380273960530758,0.00492860097438097,0.4884323519654572,0.008586466312408447,0.012533703353255987,0.004718736745417118,0.5255829710513353
tier_10k,1000,1_1438042987127.36_20150728002307-00000-ip-10-236-191-2_300770320_2.csv,0,10,10.0,0.15,1000,6784,3167,100,False,True,True,100,10,100,0.11538461538461539,0.9855769230769231,0.9041666666666667,36.27064919471741,True,2,0.49974122690036893,0.006380273960530758,0.00492860097438097,0.4884323519654572,0.006481867749243975,0.022839244920760393,0.004739835858345032,0.5338043528608978
tier_10k,1000,1_1438042987127.36_20150728002307-00000-ip-10-236-191-2_300770320_2.csv,0,10,15.0,0.15,1000,6784,3167,150,False,True,True,150,10,150,0.11538461538461539,0.986784140969163,0.9041666666666667,36.27064919471741,True,2,0.49974122690036893,0.006380273960530758,0.00492860097438097,0.4884323519654572,0.006422520149499178,0.03379789786413312,0.004556213039904833,0.5445199757814407
tier_10k,1000,1_1438042987127.36_20150728002307-00000-ip-10-236-191-2_300770320_2.csv,0,10,20.0,0.15,1000,6784,3167,200,False,True,True,200,10,200,0.11538461538461539,0.9875518672199171,0.9041666666666667,36.27064919471741,True,2,0.49974122690036893,0.006380273960530758,0.00492860097438097,0.4884323519654572,0.006480847019702196,0.04522411711513996,0.005137440282851458,0.5565859689377248
tier_10k,1000,1_1438042987127.36_20150728002307-00000-ip-10-236-191-2_300770320_2.csv,0,20,5.0,0.15,1000,6784,3167,100,False,True,True,100,20,100,0.11538461538461539,0.9855769230769231,0.941025641025641,70.09778016805649,True,2,0.49974122690036893,0.006380273960530758,0.00492860097438097,0.4884323519654572,0.006280169822275639,0.02283129934221506,0.003962791990488768,0.5328177106566727
tier_10k,1000,1_1438042987127.36_20150728002307-00000-ip-10-236-191-2_300770320_2.csv,0,20,10.0,0.15,1000,6784,3167,200,False,True,True,200,20,200,0.11538461538461539,0.9875518672199171,0.9366391184573003,70.25063800811768,True,2,0.49974122690036893,0.006380273960530758,0.00492860097438097,0.4884323519654572,0.006329616066068411,0.04634308535605669,0.004558205138891935,0.5569746657274663
tier_10k,1000,1_1438042987127.36_20150728002307-00000-ip-10-236-191-2_300770320_2.csv,0,20,15.0,0.15,1000,6784,3167,300,False,True,True,300,20,300,0.11538461538461539,0.9871900826446282,0.9466950959488273,70.53957486152649,True,2,0.49974122690036893,0.006380273960530758,0.00492860097438097,0.4884323519654572,0.00644155777990818,0.0696993051096797,0.005234387703239918,0.5811186516657472
tier_10k,1000,1_1438042987127.36_20150728002307-00000-ip-10-236-191-2_300770320_2.csv,0,20,20.0,0.15,1000,6784,3167,400,False,True,True,400,20,400,0.11538461538461539,0.9583453030738294,0.9332096474953617,72.8909747004509,True,3,0.49974122690036893,0.006380273960530758,0.00492860097438097,0.4884323519654572,0.008681085892021656,0.08958562184125185,0.006111708004027605,0.6041219588369131
tier_10k,1000,1_1438042987127.36_20150728002307-00000-ip-10-236-191-2_300770320_2.csv,0,30,5.0,0.15,1000,6784,3167,150,False,True,True,150,30,150,0.11538461538461539,0.986784140969163,0.9545454545454546,102.85482084751129,True,2,0.49974122690036893,0.006380273960530758,0.00492860097438097,0.4884323519654572,0.006731542758643627,0.03466468723490834,0.0050971731543540955,0.5462369080632925
tier_10k,1000,1_1438042987127.36_20150728002307-00000-ip-10-236-191-2_300770320_2.csv,0,30,10.0,0.15,1000,6784,3167,300,False,True,True,300,30,300,0.11538461538461539,0.9871900826446282,0.956369982547993,103.6778211593628,True,2,0.49974122690036893,0.006380273960530758,0.00492860097438097,0.4884323519654572,0.00702650798484683,0.06761094508692622,0.005579007789492607,0.5799602619372308
tier_10k,1000,1_1438042987127.36_20150728002307-00000-ip-10-236-191-2_300770320_2.csv,0,30,15.0,0.15,1000,6784,3167,450,False,True,True,450,30,450,0.11538461538461539,0.9467149508535955,0.9390681003584229,107.37417215108871,True,3,0.49974122690036893,0.006380273960530758,0.00492860097438097,0.4884323519654572,0.009121738374233246,0.10159828513860703,0.0065168594010174274,0.6169807757250965
tier_10k,1000,1_1438042987127.36_20150728002307-00000-ip-10-236-191-2_300770320_2.csv,0,30,20.0,0.15,1000,6784,3167,600,False,True,True,600,30,600,0.11538461538461539,0.9160633484162896,0.9389952153110048,107.40123236179352,True,3,0.49974122690036893,0.006380273960530758,0.00492860097438097,0.4884323519654572,0.01026714313775301,0.14441850315779448,0.00751638226211071,0.661945594009012
tier_10k,1000,1_1438042987127.36_20150728002307-00000-ip-10-236-191-2_300770320_2.csv,0,40,5.0,0.15,1000,6784,3167,200,False,True,True,200,40,200,0.11538461538461539,0.9875518672199171,0.9605488850771869,134.37514519691467,True,2,0.49974122690036893,0.006380273960530758,0.00492860097438097,0.4884323519654572,0.006884627975523472,0.04429660318419337,0.004743377212435007,0.5556679363362491
tier_10k,1000,1_1438042987127.36_20150728002307-00000-ip-10-236-191-2_300770320_2.csv,0,40,10.0,0.15,1000,6784,3167,400,False,True,True,400,40,400,0.11538461538461539,0.9583453030738294,0.9471007121057986,140.9914346933365,True,3,0.49974122690036893,0.006380273960530758,0.00492860097438097,0.4884323519654572,0.008826821111142635,0.0890448521822691,0.005862466990947723,0.6034776475280523
tier_10k,1000,1_1438042987127.36_20150728002307-00000-ip-10-236-191-2_300770320_2.csv,0,40,15.0,0.15,1000,6784,3167,600,False,True,True,600,40,600,0.11538461538461539,0.9160633484162896,0.943089430894309,141.12695890665054,True,3,0.49974122690036893,0.006380273960530758,0.00492860097438097,0.4884323519654572,0.00886236596852541,0.13543219584971666,0.007388276048004627,0.6514266049489379
tier_10k,1000,1_1438042987127.36_20150728002307-00000-ip-10-236-191-2_300770320_2.csv,0,40,20.0,0.15,1000,6784,3167,800,False,True,True,800,40,800,0.11538461538461539,0.8747832787516856,0.921612541993281,142.68073546886444,True,3,0.49974122690036893,0.006380273960530758,0.00492860097438097,0.4884323519654572,0.009370699990540743,0.19723637914285064,0.011115580331534147,0.7174664409831166
tier_10k,1000,1_1438042987127.36_20150728002307-00000-ip-10-236-191-2_300770320_2.csv,0,50,5.0,0.15,1000,6784,3167,250,False,True,True,250,50,250,0.11538461538461539,0.9881656804733728,0.962843295638126,165.36336559057236,True,2,0.49974122690036893,0.006380273960530758,0.00492860097438097,0.4884323519654572,0.009224852081388235,0.05696369707584381,0.005468444898724556,0.5714013236574829
tier_10k,1000,1_1438042987127.36_20150728002307-00000-ip-10-236-191-2_300770320_2.csv,0,50,10.0,0.15,1000,6784,3167,500,False,True,True,500,50,500,0.11538461538461539,0.9359190556492412,0.9462915601023018,174.14432334899902,True,3,0.49974122690036893,0.006380273960530758,0.00492860097438097,0.4884323519654572,0.010523709002882242,0.11231844406574965,0.007355894893407822,0.629942231811583
tier_10k,1000,1_1438042987127.36_20150728002307-00000-ip-10-236-191-2_300770320_2.csv,0,50,15.0,0.15,1000,6784,3167,750,False,True,True,750,50,750,0.11538461538461539,0.8886850152905199,0.9383301707779886,174.80130195617676,True,3,0.49974122690036893,0.006380273960530758,0.00492860097438097,0.4884323519654572,0.012090210802853107,0.1668501435779035,0.010327605996280909,0.6890121097676456
tier_10k,1000,1_1438042987127.36_20150728002307-00000-ip-10-236-191-2_300770320_2.csv,0,50,20.0,0.15,1000,6784,3167,1000,False,True,True,1000,50,1000,0.11538461538461539,0.8229910021718896,0.8973862536302033,178.5993567109108,True,3,0.49974122690036893,0.006380273960530758,0.00492860097438097,0.4884323519654572,0.012008176185190678,0.22244389774277806,0.012772299349308014,0.7469689482823014
tier_10k,1000,0_1438042988061.16_20150728002308-00164-ip-10-236-191-2_873456340_3.csv,0,10,5.0,0.15,1000,4295,2793,50,False,True,True,50,10,50,0.8,0.998211091234347,0.9875,15.375916600227356,True,1,0.4348274883814156,0.004579328000545502,0.0038150702603161335,0.42643309012055397,0.004306801129132509,0.005133159924298525,0.004844055976718664,0.4491146942600608
tier_10k,1000,0_1438042988061.16_20150728002308-00164-ip-10-236-191-2_873456340_3.csv,0,10,10.0,0.15,1000,4295,2793,100,False,True,True,100,10,100,0.8,0.9984825493171472,0.9827586206896551,15.610585033893585,True,1,0.4348274883814156,0.004579328000545502,0.0038150702603161335,0.42643309012055397,0.005731126759201288,0.009943388868123293,0.005019859876483679,0.4555253181606531
tier_10k,1000,0_1438042988061.16_20150728002308-00164-ip-10-236-191-2_873456340_3.csv,0,10,15.0,0.15,1000,4295,2793,150,False,True,True,150,10,150,0.8,0.9541446208112875,0.8723404255319149,16.773056030273438,True,3,0.4348274883814156,0.004579328000545502,0.0038150702603161335,0.42643309012055397,0.013239073101431131,0.015300209168344736,0.005469836760312319,0.46884034806862473
tier_10k,1000,0_1438042988061.16_20150728002308-00164-ip-10-236-191-2_873456340_3.csv,0,10,20.0,0.15,1000,4295,2793,200,False,True,True,200,10,200,0.8,0.9183520599250936,0.8478260869565217,16.800762057304382,True,4,0.4348274883814156,0.004579328000545502,0.0038150702603161335,0.42643309012055397,0.011900526937097311,0.01765799941495061,0.0052144210785627365,0.46960332337766886
tier_10k,1000,0_1438042988061.16_20150728002308-00164-ip-10-236-191-2_873456340_3.csv,0,20,5.0,0.15,1000,4295,2793,100,False,True,True,100,20,100,0.8,0.9984825493171472,0.99,30.349067389965057,True,1,0.4348274883814156,0.004579328000545502,0.0038150702603161335,0.42643309012055397,0.005285815801471472,0.00899089826270938,0.004577073268592358,0.4536837674677372
tier_10k,1000,0_1438042988061.16_20150728002308-00164-ip-10-236-191-2_873456340_3.csv,0,20,10.0,0.15,1000,4295,2793,200,False,True,True,200,20,200,0.8,0.9183520599250936,0.8602150537634409,32.257209837436676,True,4,0.4348274883814156,0.004579328000545502,0.0038150702603161335,0.42643309012055397,0.010759979952126741,0.017600615974515676,0.0049306065775454044,0.4681213265284896
tier_10k,1000,0_1438042988061.16_20150728002308-00164-ip-10-236-191-2_873456340_3.csv,0,20,15.0,0.15,1000,4295,2793,300,False,True,True,300,20,300,0.8,0.8659666460778258,0.8240740740740741,32.66088044643402,True,4,0.4348274883814156,0.004579328000545502,0.0038150702603161335,0.42643309012055397,0.011142625007778406,0.025883262045681477,0.006620512809604406,0.478476514108479
tier_10k,1000,0_1438042988061.16_20150728002308-00164-ip-10-236-191-2_873456340_3.csv,0,20,20.0,0.15,1000,4295,2793,400,False,True,True,400,20,400,0.8,0.8123359580052494,0.8214285714285714,32.67817842960358,True,3,0.4348274883814156,0.004579328000545502,0.0038150702603161335,0.42643309012055397,0.010404256172478199,0.034578672144562006,0.008749406784772873,0.48856241442263126
tier_10k,1000,0_1438042988061.16_20150728002308-00164-ip-10-236-191-2_873456340_3.csv,0,30,5.0,0.15,1000,4295,2793,150,False,True,True,150,30,150,0.8,0.9541446208112875,0.9027777777777778,46.81945741176605,True,3,0.4348274883814156,0.004579328000545502,0.0038150702603161335,0.42643309012055397,0.007837056182324886,0.013284069951623678,0.004603205714374781,0.4605544707737863
tier_10k,1000,0_1438042988061.16_20150728002308-00164-ip-10-236-191-2_873456340_3.csv,0,30,10.0,0.15,1000,4295,2793,300,False,True,True,300,30,300,0.8,0.8659666460778258,0.8389261744966443,47.93122398853302,True,4,0.4348274883814156,0.004579328000545502,0.0038150702603161335,0.42643309012055397,0.011200062930583954,0.026039310730993748,0.00702752685174346,0.47909726575016975
tier_10k,1000,0_1438042988061.16_20150728002308-00164-ip-10-236-191-2_873456340_3.csv,0,30,15.0,0.15,1000,4295,2793,450,False,True,True,450,30,450,0.8,0.7832358674463937,0.79375,48.56076580286026,True,4,0.4348274883814156,0.004579328000545502,0.0038150702603161335,0.42643309012055397,0.012105696368962526,0.038897034246474504,0.01017339713871479,0.4960065605118871
tier_10k,1000,0_1438042988061.16_20150728002308-00164-ip-10-236-191-2_873456340_3.csv,0,30,20.0,0.15,1000,4295,2793,600,False,True,True,600,30,600,0.8,0.7123050259965338,0.28205128205128205,51.001197814941406,True,3,0.4348274883814156,0.004579328000545502,0.0038150702603161335,0.42643309012055397,0.008423570077866316,0.0489389980211854,0.008828437887132168,0.5010216482914984
tier_10k,1000,0_1438042988061.16_20150728002308-00164-ip-10-236-191-2_873456340_3.csv,0,40,5.0,0.15,1000,4295,2793,200,False,True,True,200,40,200,0.8,0.9183520599250936,0.8554216867469879,61.97468286752701,True,4,0.4348274883814156,0.004579328000545502,0.0038150702603161335,0.42643309012055397,0.012249298859387636,0.017748080659657717,0.0057587819173932076,0.4705863781273365
tier_10k,1000,0_1438042988061.16_20150728002308-00164-ip-10-236-191-2_873456340_3.csv,0,40,10.0,0.15,1000,4295,2793,400,False,True,True,400,40,400,0.8,0.8123359580052494,0.8,63.147232830524445,True,3,0.4348274883814156,0.004579328000545502,0.0038150702603161335,0.42643309012055397,0.009456953965127468,0.03455427102744579,0.008742198813706636,0.4875836237333715
tier_10k,1000,0_1438042988061.16_20150728002308-00164-ip-10-236-191-2_873456340_3.csv,0,40,15.0,0.15,1000,4295,2793,600,False,True,True,600,40,600,0.8,0.7123050259965338,0.4253731343283582,67.38828891515732,True,3,0.4348274883814156,0.004579328000545502,0.0038150702603161335,0.42643309012055397,0.008043940644711256,0.04847025033086538,0.007695068139582872,0.49903966998681426
tier_10k,1000,0_1438042988061.16_20150728002308-00164-ip-10-236-191-2_873456340_3.csv,0,40,20.0,0.15,1000,4295,2793,800,False,True,True,800,40,800,0.8,0.6334459459459459,0.23,67.88440150022507,True,3,0.4348274883814156,0.004579328000545502,0.0038150702603161335,0.42643309012055397,0.009000362362712622,0.06355194933712482,0.009782882407307625,0.517165391240269
tier_10k,1000,0_1438042988061.16_20150728002308-00164-ip-10-236-191-2_873456340_3.csv,0,50,5.0,0.15,1000,4295,2793,250,False,True,True,250,50,250,0.8,0.8901540522438044,0.8378378378378378,77.34833830595016,True,4,0.4348274883814156,0.004579328000545502,0.0038150702603161335,0.42643309012055397,0.010083323810249567,0.02154661389067769,0.006099289283156395,0.4725594003684819
tier_10k,1000,0_1438042988061.16_20150728002308-00164-ip-10-236-191-2_873456340_3.csv,0,50,10.0,0.15,1000,4295,2793,500,False,True,True,500,50,500,0.8,0.7584434654919237,0.6909090909090909,79.4359273314476,True,3,0.4348274883814156,0.004579328000545502,0.0038150702603161335,0.42643309012055397,0.009055148344486952,0.042841716669499874,0.01047195727005601,0.49719885364174843
tier_10k,1000,0_1438042988061.16_20150728002308-00164-ip-10-236-191-2_873456340_3.csv,0,50,15.0,0.15,1000,4295,2793,750,False,True,True,750,50,750,0.8,0.6509455988792903,0.37341772151898733,84.25177657604218,True,3,0.4348274883814156,0.004579328000545502,0.0038150702603161335,0.42643309012055397,0.007871842011809349,0.05962512083351612,0.00947524607181549,0.5118019925430417
tier_10k,1000,0_1438042988061.16_20150728002308-00164-ip-10-236-191-2_873456340_3.csv,0,50,20.0,0.15,1000,4295,2793,1000,False,True,True,1000,50,1000,0.8,0.5665783371977476,0.1527777777777778,85.94243115186691,True,4,0.4348274883814156,0.004579328000545502,0.0038150702603161335,0.42643309012055397,0.010909706819802523,0.07838133908808231,0.019501066766679287,0.5436221044510603
tier_10k,1000,0_1438042988458.74_20150728002308-00046-ip-10-236-191-2_688841822_2.csv,2,10,5.0,0.15,1000,1,258,50,False,True,True,50,10,50,0.7450980392156863,0.3275862068965517,0.6129032258064516,40.69116687774658,True,2,0.04532084660604596,0.0022623389959335327,0.000544428825378418,0.04251407878473401,0.0005120830610394478,0.00670467596501112,0.003952633123844862,0.05649271886795759
tier_10k,1000,0_1438042988458.74_20150728002308-00046-ip-10-236-191-2_688841822_2.csv,2,10,10.0,0.15,1000,1,258,100,False,True,True,100,10,100,0.7450980392156863,0.16964285714285715,0.5671641791044776,41.38435673713684,True,2,0.04532084660604596,0.0022623389959335327,0.000544428825378418,0.04251407878473401,0.0008176383562386036,0.015390271786600351,0.005416105967015028,0.06694749277085066
tier_10k,1000,0_1438042988458.74_20150728002308-00046-ip-10-236-191-2_688841822_2.csv,2,10,15.0,0.15,1000,1,258,150,False,True,True,150,10,150,0.7450980392156863,0.10312075983717775,0.5352112676056338,41.80633318424225,True,2,0.04532084660604596,0.0022623389959335327,0.000544428825378418,0.04251407878473401,0.0005155419930815697,0.02047188999131322,0.0051832133904099464,0.0714936894364655
tier_10k,1000,0_1438042988458.74_20150728002308-00046-ip-10-236-191-2_688841822_2.csv,2,10,20.0,0.15,1000,1,258,200,False,True,True,200,10,200,0.7450980392156863,0.06654991243432574,0.5205479452054794,41.865295708179474,True,2,0.04532084660604596,0.0022623389959335327,0.000544428825378418,0.04251407878473401,0.0005445810966193676,0.02498918306082487,0.0047646816819906235,0.0756215276196599
tier_10k,1000,0_1438042988458.74_20150728002308-00046-ip-10-236-191-2_688841822_2.csv,2,20,5.0,0.15,1000,1,258,100,False,True,True,100,20,100,0.7450980392156863,0.16964285714285715,0.4550898203592814,80.25455647706985,True,2,0.04532084660604596,0.0022623389959335327,0.000544428825378418,0.04251407878473401,0.000479020643979311,0.013215512968599796,0.003967344760894775,0.06298470497131348
tier_10k,1000,0_1438042988458.74_20150728002308-00046-ip-10-236-191-2_688841822_2.csv,2,20,10.0,0.15,1000,1,258,200,False,True,True,200,20,200,0.7450980392156863,0.06654991243432574,0.4175824175824176,81.42004400491714,True,2,0.04532084660604596,0.0022623389959335327,0.000544428825378418,0.04251407878473401,0.0005343938246369362,0.025113673880696297,0.004786503966897726,0.07575749699026346
tier_10k,1000,0_1438042988458.74_20150728002308-00046-ip-10-236-191-2_688841822_2.csv,2,20,15.0,0.15,1000,1,258,300,True,True,True,258,20,258,0.7450980392156863,0.01682905225863596,0.3584905660377358,81.79621303081512,False,0,0.04532084660604596,0.0022623389959335327,0.000544428825378418,0.04251407878473401,2.108607441186905e-05,0.033316489309072495,0.005319501273334026,0.08399052079766989
tier_10k,1000,0_1438042988458.74_20150728002308-00046-ip-10-236-191-2_688841822_2.csv,2,20,20.0,0.15,1000,1,258,400,True,True,True,258,20,258,0.7450980392156863,0.01682905225863596,0.3584905660377358,81.79621303081512,False,0,0.04532084660604596,0.0022623389959335327,0.000544428825378418,0.04251407878473401,3.7824735045433044e-05,0.03371342970058322,0.005113631021231413,0.0841884184628725
tier_10k,1000,0_1438042988458.74_20150728002308-00046-ip-10-236-191-2_688841822_2.csv,2,30,5.0,0.15,1000,1,258,150,False,True,True,150,30,150,0.7450980392156863,0.10312075983717775,0.3470319634703196,119.77223646640778,True,2,0.04532084660604596,0.0022623389959335327,0.000544428825378418,0.04251407878473401,0.0005486956797540188,0.01902662729844451,0.004658509977161884,0.06955683045089245
tier_10k,1000,0_1438042988458.74_20150728002308-00046-ip-10-236-191-2_688841822_2.csv,2,30,10.0,0.15,1000,1,258,300,True,True,True,258,30,258,0.7450980392156863,0.01682905225863596,0.26573426573426573,120.73022556304932,False,0,0.04532084660604596,0.0022623389959335327,0.000544428825378418,0.04251407878473401,2.210726961493492e-05,0.03417943697422743,0.004995569121092558,0.08452033065259457
tier_10k,1000,0_1438042988458.74_20150728002308-00046-ip-10-236-191-2_688841822_2.csv,2,30,15.0,0.15,1000,1,258,450,True,True,True,258,30,258,0.7450980392156863,0.01682905225863596,0.26573426573426573,120.73022556304932,False,0,0.04532084660604596,0.0022623389959335327,0.000544428825378418,0.04251407878473401,2.2057443857192993e-05,0.0328523269854486,0.004788863938301802,0.0829861955717206
tier_10k,1000,0_1438042988458.74_20150728002308-00046-ip-10-236-191-2_688841822_2.csv,2,30,20.0,0.15,1000,1,258,600,True,True,True,258,30,258,0.7450980392156863,0.01682905225863596,0.26573426573426573,120.73022556304932,False,0,0.04532084660604596,0.0022623389959335327,0.000544428825378418,0.04251407878473401,2.130027860403061e-05,0.03256855485960841,0.005199237260967493,0.08311192970722914
tier_10k,1000,0_1438042988458.74_20150728002308-00046-ip-10-236-191-2_688841822_2.csv,2,40,5.0,0.15,1000,1,258,200,False,True,True,200,40,200,0.7450980392156863,0.06654991243432574,0.2550335570469799,158.3358489871025,True,2,0.04532084660604596,0.0022623389959335327,0.000544428825378418,0.04251407878473401,0.0005624899640679359,0.02483211224898696,0.004488941747695208,0.07520649302750826
tier_10k,1000,0_1438042988458.74_20150728002308-00046-ip-10-236-191-2_688841822_2.csv,2,40,10.0,0.15,1000,1,258,400,True,True,True,258,40,258,0.7450980392156863,0.01682905225863596,0.1630901287553648,159.18134927749634,False,0,0.04532084660604596,0.0022623389959335327,0.000544428825378418,0.04251407878473401,2.161506563425064e-05,0.03260544501245022,0.006981519982218742,0.08493146765977144
tier_10k,1000,0_1438042988458.74_20150728002308-00046-ip-10-236-191-2_688841822_2.csv,2,40,15.0,0.15,1000,1,258,600,True,True,True,258,40,258,0.7450980392156863,0.01682905225863596,0.1630901287553648,159.18134927749634,False,0,0.04532084660604596,0.0022623389959335327,0.000544428825378418,0.04251407878473401,2.1481886506080627e-05,0.03250548196956515,0.006929732859134674,0.08477959129959345
tier_10k,1000,0_1438042988458.74_20150728002308-00046-ip-10-236-191-2_688841822_2.csv,2,40,20.0,0.15,1000,1,258,800,True,True,True,258,40,258,0.7450980392156863,0.01682905225863596,0.1630901287553648,159.18134927749634,False,0,0.04532084660604596,0.0022623389959335327,0.000544428825378418,0.04251407878473401,2.098875120282173e-05,0.03391590528190136,0.006979124620556831,0.08623905433341861
tier_10k,1000,0_1438042988458.74_20150728002308-00046-ip-10-236-191-2_688841822_2.csv,2,50,5.0,0.15,1000,1,258,250,False,True,True,250,50,250,0.7450980392156863,0.028636021100226075,0.152,197.28475189208984,True,2,0.04532084660604596,0.0022623389959335327,0.000544428825378418,0.04251407878473401,0.0005857720971107483,0.03140507685020566,0.004937199410051107,0.08225108357146382
tier_10k,1000,0_1438042988458.74_20150728002308-00046-ip-10-236-191-2_688841822_2.csv,2,50,10.0,0.15,1000,1,258,500,True,True,True,258,50,258,0.7450980392156863,0.01682905225863596,0.152,197.28475189208984,False,0,0.04532084660604596,0.0022623389959335327,0.000544428825378418,0.04251407878473401,2.2529158741235733e-05,0.03250168403610587,0.0059215291403234005,0.08376864856109023
tier_10k,1000,0_1438042988458.74_20150728002308-00046-ip-10-236-191-2_688841822_2.csv,2,50,15.0,0.15,1000,1,258,750,True,True,True,258,50,258,0.7450980392156863,0.01682905225863596,0.152,197.28475189208984,False,0,0.04532084660604596,0.0022623389959335327,0.000544428825378418,0.04251407878473401,2.3012980818748474e-05,0.03252070117741823,0.00533206295222044,0.0831988537684083
tier_10k,1000,0_1438042988458.74_20150728002308-00046-ip-10-236-191-2_688841822_2.csv,2,50,20.0,0.15,1000,1,258,1000,True,True,True,258,50,258,0.7450980392156863,0.01682905225863596,0.152,197.28475189208984,False,0,0.04532084660604596,0.0022623389959335327,0.000544428825378418,0.04251407878473401,2.2681429982185364e-05,0.032476570922881365,0.005195879843086004,0.08301794528961182
tier_10k,1000,1_1438042990112.50_20150728002310-00103-ip-10-236-191-2_381157664_0.csv,3,10,5.0,0.15,1000,4076,1640,50,False,True,True,50,10,50,0.47058823529411764,0.9932840832773674,0.9771689497716894,20.053731739521027,True,2,0.259583150036633,0.0035589439794421196,0.0030024759471416473,0.25302173011004925,0.0029485607519745827,0.012308701872825623,0.004254363011568785,0.2790978248231113
tier_10k,1000,1_1438042990112.50_20150728002310-00103-ip-10-236-191-2_381157664_0.csv,3,10,10.0,0.15,1000,4076,1640,100,False,True,True,100,10,100,0.47058823529411764,0.9946300715990454,0.9274193548387096,21.432869911193848,True,1,0.259583150036633,0.0035589439794421196,0.0030024759471416473,0.25302173011004925,0.002158059272915125,0.01686391979455948,0.004240002017468214,0.28284716000780463
tier_10k,1000,1_1438042990112.50_20150728002310-00103-ip-10-236-191-2_381157664_0.csv,3,10,15.0,0.15,1000,4076,1640,150,False,True,True,150,10,150,0.47058823529411764,0.9952279957582184,0.912621359223301,22.10154563188553,True,1,0.259583150036633,0.0035589439794421196,0.0030024759471416473,0.25302173011004925,0.002272124867886305,0.026731464080512524,0.0056898449547588825,0.2942789448425174
tier_10k,1000,1_1438042990112.50_20150728002310-00103-ip-10-236-191-2_381157664_0.csv,3,10,20.0,0.15,1000,4076,1640,200,False,True,True,200,10,200,0.47058823529411764,0.9955201592832255,0.9090909090909091,22.136334002017975,True,1,0.259583150036633,0.0035589439794421196,0.0030024759471416473,0.25302173011004925,0.002238091081380844,0.03570320922881365,0.004962598904967308,0.30248950282111764
tier_10k,1000,1_1438042990112.50_20150728002310-00103-ip-10-236-191-2_381157664_0.csv,3,20,5.0,0.15,1000,4076,1640,100,False,True,True,100,20,100,0.47058823529411764,0.9946300715990454,0.9745042492917847,40.3376544713974,True,1,0.259583150036633,0.0035589439794421196,0.0030024759471416473,0.25302173011004925,0.001923820935189724,0.01669085817411542,0.004254428669810295,0.28245427226647735
tier_10k,1000,1_1438042990112.50_20150728002310-00103-ip-10-236-191-2_381157664_0.csv,3,20,10.0,0.15,1000,4076,1640,200,False,True,True,200,20,200,0.47058823529411764,0.9955201592832255,0.9447852760736196,42.40538278222084,True,1,0.259583150036633,0.0035589439794421196,0.0030024759471416473,0.25302173011004925,0.0019400580786168575,0.034709037747234106,0.004655126947909594,0.3008894892409444
tier_10k,1000,1_1438042990112.50_20150728002310-00103-ip-10-236-191-2_381157664_0.csv,3,20,15.0,0.15,1000,4076,1640,300,False,True,True,300,20,300,0.47058823529411764,0.9885222381635581,0.9772296015180265,46.114319920539856,True,2,0.259583150036633,0.0035589439794421196,0.0030024759471416473,0.25302173011004925,0.0029184496961534023,0.05419797310605645,0.005782598629593849,0.32248442620038986
tier_10k,1000,1_1438042990112.50_20150728002310-00103-ip-10-236-191-2_381157664_0.csv,3,20,20.0,0.15,1000,4076,1640,400,False,True,True,400,20,400,0.47058823529411764,0.9675082327113063,0.9755600814663951,46.80590736865997,True,3,0.259583150036633,0.0035589439794421196,0.0030024759471416473,0.25302173011004925,0.003972089849412441,0.07020384771749377,0.0071762497536838055,0.3409376326017082
tier_10k,1000,1_1438042990112.50_20150728002310-00103-ip-10-236-191-2_381157664_0.csv,3,30,5.0,0.15,1000,4076,1640,150,False,True,True,150,30,150,0.47058823529411764,0.9952279957582184,0.9719626168224299,61.81189230084419,True,1,0.259583150036633,0.0035589439794421196,0.0030024759471416473,0.25302173011004925,0.0019616996869444847,0.026838561985641718,0.0044496082700788975,0.29283535992726684
tier_10k,1000,1_1438042990112.50_20150728002310-00103-ip-10-236-191-2_381157664_0.csv,3,30,10.0,0.15,1000,4076,1640,300,False,True,True,300,30,300,0.47058823529411764,0.9885222381635581,0.982896846606093,67.58973318338394,True,2,0.259583150036633,0.0035589439794421196,0.0030024759471416473,0.25302173011004925,0.0029411129653453827,0.05484031792730093,0.005135965067893267,0.3225029078312218
tier_10k,1000,1_1438042990112.50_20150728002310-00103-ip-10-236-191-2_381157664_0.csv,3,30,15.0,0.15,1000,4076,1640,450,False,True,True,450,30,450,0.47058823529411764,0.9575808483830324,0.9730372720063442,68.67515903711319,True,4,0.259583150036633,0.0035589439794421196,0.0030024759471416473,0.25302173011004925,0.005036397837102413,0.07789475005120039,0.007534576114267111,0.35005113715305924
tier_10k,1000,1_1438042990112.50_20150728002310-00103-ip-10-236-191-2_381157664_0.csv,3,30,20.0,0.15,1000,4076,1640,600,False,True,True,600,30,600,0.47058823529411764,0.925686591276252,0.9714964370546318,68.96926492452621,True,4,0.259583150036633,0.0035589439794421196,0.0030024759471416473,0.25302173011004925,0.005144783295691013,0.10106621589511633,0.010129678063094616,0.37592602288350463
tier_10k,1000,1_1438042990112.50_20150728002310-00103-ip-10-236-191-2_381157664_0.csv,3,40,5.0,0.15,1000,4076,1640,200,False,True,True,200,40,200,0.47058823529411764,0.9955201592832255,0.9769230769230769,81.21692511439323,True,1,0.259583150036633,0.0035589439794421196,0.0030024759471416473,0.25302173011004925,0.001992735080420971,0.03447992401197553,0.004873213823884726,0.3009312180802226
tier_10k,1000,1_1438042990112.50_20150728002310-00103-ip-10-236-191-2_381157664_0.csv,3,40,10.0,0.15,1000,4076,1640,400,False,True,True,400,40,400,0.47058823529411764,0.9675082327113063,0.9782044628956927,89.99761474132538,True,3,0.259583150036633,0.0035589439794421196,0.0030024759471416473,0.25302173011004925,0.004074460826814175,0.07107573421671987,0.007552896160632372,0.34228866500779986
tier_10k,1000,1_1438042990112.50_20150728002310-00103-ip-10-236-191-2_381157664_0.csv,3,40,15.0,0.15,1000,4076,1640,600,False,True,True,600,40,600,0.47058823529411764,0.925686591276252,0.9684741488020177,90.51248729228973,True,4,0.259583150036633,0.0035589439794421196,0.0030024759471416473,0.25302173011004925,0.005386688746511936,0.1016586646437645,0.010637197643518448,0.3772679502144456
tier_10k,1000,1_1438042990112.50_20150728002310-00103-ip-10-236-191-2_381157664_0.csv,3,40,20.0,0.15,1000,4076,1640,800,False,True,True,800,40,800,0.47058823529411764,0.8584121524792204,0.9369602763385146,94.2746359705925,True,4,0.259583150036633,0.0035589439794421196,0.0030024759471416473,0.25302173011004925,0.005607584957033396,0.14023631857708097,0.01443801261484623,0.41986746806651354
tier_10k,1000,1_1438042990112.50_20150728002310-00103-ip-10-236-191-2_381157664_0.csv,3,50,5.0,0.15,1000,4076,1640,250,False,True,True,250,50,250,0.47058823529411764,0.9957325746799431,0.9799554565701559,100.95801371335983,True,1,0.259583150036633,0.0035589439794421196,0.0030024759471416473,0.25302173011004925,0.0021770657040178776,0.0459677972830832,0.005482571665197611,0.3132128231227398
tier_10k,1000,1_1438042990112.50_20150728002310-00103-ip-10-236-191-2_381157664_0.csv,3,50,10.0,0.15,1000,4076,1640,500,False,True,True,500,50,500,0.47058823529411764,0.9482088024564995,0.9772389905987136,110.87677258253098,True,4,0.259583150036633,0.0035589439794421196,0.0030024759471416473,0.25302173011004925,0.005194510333240032,0.08524501882493496,0.009550647810101509,0.35957567393779755
tier_10k,1000,1_1438042990112.50_20150728002310-00103-ip-10-236-191-2_381157664_0.csv,3,50,15.0,0.15,1000,4076,1640,750,False,True,True,750,50,750,0.47058823529411764,0.8767434808975136,0.9510703363914373,114.02136611938477,True,4,0.259583150036633,0.0035589439794421196,0.0030024759471416473,0.25302173011004925,0.005464605987071991,0.13069836515933275,0.013808877673000097,0.4095573090016842
tier_10k,1000,1_1438042990112.50_20150728002310-00103-ip-10-236-191-2_381157664_0.csv,3,50,20.0,0.15,1000,4076,1640,1000,False,True,True,1000,50,1000,0.47058823529411764,0.779620596205962,0.7617866004962779,127.04795604944229,True,4,0.259583150036633,0.0035589439794421196,0.0030024759471416473,0.25302173011004925,0.005752800032496452,0.15185436513274908,0.00847143167629838,0.4256643638946116
tier_10k,1000,1_1438042987127.36_20150728002307-00080-ip-10-236-191-2_899463259_102.csv,1,10,5.0,0.15,1000,1,487,50,False,False,False,50,0,50,0.2,0.02877697841726619,,,True,2,0.056673580314964056,0.001581306103616953,0.00054579833522439,0.05454647587612271,0.0008463910780847073,0.0018917121924459934,0.001464839093387127,0.06087877228856087
tier_10k,1000,1_1438042987127.36_20150728002307-00080-ip-10-236-191-2_899463259_102.csv,1,10,10.0,0.15,1000,1,487,100,False,False,False,100,0,100,0.2,0.01238390092879257,,,True,2,0.056673580314964056,0.001581306103616953,0.00054579833522439,0.05454647587612271,0.0007841340266168118,0.003413720987737179,0.0010762140154838562,0.06194924609735608
tier_10k,1000,1_1438042987127.36_20150728002307-00080-ip-10-236-191-2_899463259_102.csv,1,10,15.0,0.15,1000,1,487,150,False,False,False,150,0,150,0.2,0.007079646017699115,,,True,2,0.056673580314964056,0.001581306103616953,0.00054579833522439,0.05454647587612271,0.0007811272516846657,0.004982182756066322,0.0011183638125658035,0.06355669815093279
tier_10k,1000,1_1438042987127.36_20150728002307-00080-ip-10-236-191-2_899463259_102.csv,1,10,20.0,0.15,1000,1,487,200,False,False,False,200,0,200,0.2,0.0048250904704463205,,,True,2,0.056673580314964056,0.001581306103616953,0.00054579833522439,0.05454647587612271,0.0007949387654662132,0.006618899293243885,0.001135271042585373,0.06522407522425056
tier_10k,1000,1_1438042987127.36_20150728002307-00080-ip-10-236-191-2_899463259_102.csv,1,20,5.0,0.15,1000,1,487,100,False,False,False,100,0,100,0.2,0.01238390092879257,,,True,2,0.056673580314964056,0.001581306103616953,0.00054579833522439,0.05454647587612271,0.0007534218020737171,0.0034271981567144394,0.0010533612221479416,0.06190906558185816
tier_10k,1000,1_1438042987127.36_20150728002307-00080-ip-10-236-191-2_899463259_102.csv,1,20,10.0,0.15,1000,1,487,200,False,False,False,200,0,200,0.2,0.0048250904704463205,,,True,2,0.056673580314964056,0.001581306103616953,0.00054579833522439,0.05454647587612271,0.0007866900414228439,0.006597294006496668,0.0009369379840791225,0.06499615730717778
tier_10k,1000,1_1438042987127.36_20150728002307-00080-ip-10-236-191-2_899463259_102.csv,1,20,15.0,0.15,1000,1,487,300,False,False,False,300,0,300,0.2,0.0026827632461435278,,,True,2,0.056673580314964056,0.001581306103616953,0.00054579833522439,0.05454647587612271,0.0008288267999887466,0.009541503619402647,0.0013662651181221008,0.06841162499040365
tier_10k,1000,1_1438042987127.36_20150728002307-00080-ip-10-236-191-2_899463259_102.csv,1,20,20.0,0.15,1000,1,487,400,False,False,False,400,0,400,0.2,0.001610305958132045,,,True,2,0.056673580314964056,0.001581306103616953,0.00054579833522439,0.05454647587612271,0.0008778250776231289,0.012833874206990004,0.0013065170496702194,0.0716932681389153
tier_10k,1000,1_1438042987127.36_20150728002307-00080-ip-10-236-191-2_899463259_102.csv,1,30,5.0,0.15,1000,1,487,150,False,False,False,150,0,150,0.2,0.007079646017699115,,,True,2,0.056673580314964056,0.001581306103616953,0.00054579833522439,0.05454647587612271,0.0007657199166715145,0.005039599258452654,0.0010738279670476913,0.06355422828346491
tier_10k,1000,1_1438042987127.36_20150728002307-00080-ip-10-236-191-2_899463259_102.csv,1,30,10.0,0.15,1000,1,487,300,False,False,False,300,0,300,0.2,0.0026827632461435278,,,True,2,0.056673580314964056,0.001581306103616953,0.00054579833522439,0.05454647587612271,0.0008328310213983059,0.009484258014708757,0.00135335186496377,0.06834556721150875
tier_10k,1000,1_1438042987127.36_20150728002307-00080-ip-10-236-191-2_899463259_102.csv,1,30,15.0,0.15,1000,1,487,450,False,False,False,450,0,450,0.2,0.0012970168612191958,,,True,2,0.056673580314964056,0.001581306103616953,0.00054579833522439,0.05454647587612271,0.000886289868503809,0.013568548951297998,0.0016087908297777176,0.07273863721638918
tier_10k,1000,1_1438042987127.36_20150728002307-00080-ip-10-236-191-2_899463259_102.csv,1,30,20.0,0.15,1000,1,487,600,True,False,False,487,0,487,0.2,0.0008082440897150939,,,False,0,0.056673580314964056,0.001581306103616953,0.00054579833522439,0.05454647587612271,4.009203985333443e-05,0.015662184916436672,0.0016429852694272995,0.07402044022455812
tier_10k,1000,1_1438042987127.36_20150728002307-00080-ip-10-236-191-2_899463259_102.csv,1,40,5.0,0.15,1000,1,487,200,False,False,False,200,0,200,0.2,0.0048250904704463205,,,True,2,0.056673580314964056,0.001581306103616953,0.00054579833522439,0.05454647587612271,0.0007203030399978161,0.0063857827335596085,0.001193733885884285,0.06497481931000948
tier_10k,1000,1_1438042987127.36_20150728002307-00080-ip-10-236-191-2_899463259_102.csv,1,40,10.0,0.15,1000,1,487,400,False,False,False,400,0,400,0.2,0.001610305958132045,,,True,2,0.056673580314964056,0.001581306103616953,0.00054579833522439,0.05454647587612271,0.0009241197258234024,0.01315905712544918,0.0016093743033707142,0.07236759131774306
tier_10k,1000,1_1438042987127.36_20150728002307-00080-ip-10-236-191-2_899463259_102.csv,1,40,15.0,0.15,1000,1,487,600,True,False,False,487,0,487,0.2,0.0008082440897150939,,,False,0,0.056673580314964056,0.001581306103616953,0.00054579833522439,0.05454647587612271,3.341818228363991e-05,0.01529207918792963,0.0017338749021291733,0.07373446738347411
tier_10k,1000,1_1438042987127.36_20150728002307-00080-ip-10-236-191-2_899463259_102.csv,1,40,20.0,0.15,1000,1,487,800,True,False,False,487,0,487,0.2,0.0008082440897150939,,,False,0,0.056673580314964056,0.001581306103616953,0.00054579833522439,0.05454647587612271,4.222709685564041e-05,0.014254892244935036,0.0018503190949559212,0.07282251445576549
tier_10k,1000,1_1438042987127.36_20150728002307-00080-ip-10-236-191-2_899463259_102.csv,1,50,5.0,0.15,1000,1,487,250,False,False,False,250,0,250,0.2,0.00354295837023915,,,True,2,0.056673580314964056,0.001581306103616953,0.00054579833522439,0.05454647587612271,0.0007366258651018143,0.007387216202914715,0.001238563098013401,0.06603750959038734
tier_10k,1000,1_1438042987127.36_20150728002307-00080-ip-10-236-191-2_899463259_102.csv,1,50,10.0,0.15,1000,1,487,500,True,False,False,487,0,487,0.2,0.0008082440897150939,,,False,0,0.056673580314964056,0.001581306103616953,0.00054579833522439,0.05454647587612271,3.819679841399193e-05,0.014883821830153465,0.0019342750310897827,0.07353124720975757
tier_10k,1000,1_1438042987127.36_20150728002307-00080-ip-10-236-191-2_899463259_102.csv,1,50,15.0,0.15,1000,1,487,750,True,False,False,487,0,487,0.2,0.0008082440897150939,,,False,0,0.056673580314964056,0.001581306103616953,0.00054579833522439,0.05454647587612271,3.3676158636808395e-05,0.015259735751897097,0.0017415410839021206,0.07370988419279456
tier_10k,1000,1_1438042987127.36_20150728002307-00080-ip-10-236-191-2_899463259_102.csv,1,50,20.0,0.15,1000,1,487,1000,True,False,False,487,0,487,0.2,0.0008082440897150939,,,False,0,0.056673580314964056,0.001581306103616953,0.00054579833522439,0.05454647587612271,2.985633909702301e-05,0.0157996891066432,0.0017731580883264542,0.07427777349948883
tier_10k,1000,1_1438042987127.36_20150728002307-00140-ip-10-236-191-2_74640728_1.csv,1,10,5.0,0.15,1000,1,313,50,False,False,False,50,0,50,0.07692307692307693,0.016129032258064516,,,True,2,0.04078490333631635,0.0019832728430628777,0.00040945690125226974,0.0383921735920012,0.0006971829570829868,0.005054730921983719,0.0017732498236000538,0.048312229104340076
tier_10k,1000,1_1438042987127.36_20150728002307-00140-ip-10-236-191-2_74640728_1.csv,1,10,10.0,0.15,1000,1,313,100,False,False,False,100,0,100,0.07692307692307693,0.0076045627376425855,,,True,2,0.04078490333631635,0.0019832728430628777,0.00040945690125226974,0.0383921735920012,0.0007842290215194225,0.007064356002956629,0.001291695050895214,0.049927400425076485
tier_10k,1000,1_1438042987127.36_20150728002307-00140-ip-10-236-191-2_74640728_1.csv,1,10,15.0,0.15,1000,1,313,150,False,False,False,150,0,150,0.07692307692307693,0.004405286343612335,,,True,2,0.04078490333631635,0.0019832728430628777,0.00040945690125226974,0.0383921735920012,0.0004874272271990776,0.00901021109893918,0.0013319519348442554,0.05161603773012757
tier_10k,1000,1_1438042987127.36_20150728002307-00140-ip-10-236-191-2_74640728_1.csv,1,10,20.0,0.15,1000,1,313,200,False,False,False,200,0,200,0.07692307692307693,0.002758620689655172,,,True,2,0.04078490333631635,0.0019832728430628777,0.00040945690125226974,0.0383921735920012,0.0005262112244963646,0.011118452996015549,0.0012907260097563267,0.0537218963727355
tier_10k,1000,1_1438042987127.36_20150728002307-00140-ip-10-236-191-2_74640728_1.csv,1,20,5.0,0.15,1000,1,313,100,False,False,False,100,0,100,0.07692307692307693,0.0076045627376425855,,,True,2,0.04078490333631635,0.0019832728430628777,0.00040945690125226974,0.0383921735920012,0.0004869522526860237,0.005926167126744986,0.0009465869516134262,0.04814613703638315
tier_10k,1000,1_1438042987127.36_20150728002307-00140-ip-10-236-191-2_74640728_1.csv,1,20,10.0,0.15,1000,1,313,200,False,False,False,200,0,200,0.07692307692307693,0.002758620689655172,,,True,2,0.04078490333631635,0.0019832728430628777,0.00040945690125226974,0.0383921735920012,0.0005149520002305508,0.011312454007565975,0.0014411518350243568,0.05405486188828945
tier_10k,1000,1_1438042987127.36_20150728002307-00140-ip-10-236-191-2_74640728_1.csv,1,20,15.0,0.15,1000,1,313,300,False,False,False,300,0,300,0.07692307692307693,0.0011254924029262803,,,True,2,0.04078490333631635,0.0019832728430628777,0.00040945690125226974,0.0383921735920012,0.0005602790042757988,0.016186274122446775,0.0015072701498866081,0.05904038529843092
tier_10k,1000,1_1438042987127.36_20150728002307-00140-ip-10-236-191-2_74640728_1.csv,1,20,20.0,0.15,1000,1,313,400,True,False,False,313,0,313,0.07692307692307693,0.0006271558482282847,,,False,0,0.04078490333631635,0.0019832728430628777,0.00040945690125226974,0.0383921735920012,2.2965017706155777e-05,0.020144477020949125,0.0016533550806343555,0.06260729348286986
tier_10k,1000,1_1438042987127.36_20150728002307-00140-ip-10-236-191-2_74640728_1.csv,1,30,5.0,0.15,1000,1,313,150,False,False,False,150,0,150,0.07692307692307693,0.004405286343612335,,,True,2,0.04078490333631635,0.0019832728430628777,0.00040945690125226974,0.0383921735920012,0.0005135429091751575,0.009474209975451231,0.0011849752627313137,0.05195934325456619
tier_10k,1000,1_1438042987127.36_20150728002307-00140-ip-10-236-191-2_74640728_1.csv,1,30,10.0,0.15,1000,1,313,300,False,False,False,300,0,300,0.07692307692307693,0.0011254924029262803,,,True,2,0.04078490333631635,0.0019832728430628777,0.00040945690125226974,0.0383921735920012,0.0005728802643716335,0.015873771626502275,0.0016017323359847069,0.05883492436259985
tier_10k,1000,1_1438042987127.36_20150728002307-00140-ip-10-236-191-2_74640728_1.csv,1,30,15.0,0.15,1000,1,313,450,True,False,False,313,0,313,0.07692307692307693,0.0006271558482282847,,,False,0,0.04078490333631635,0.0019832728430628777,0.00040945690125226974,0.0383921735920012,2.313312143087387e-05,0.017540052067488432,0.0016138143837451935,0.05996350524947047
tier_10k,1000,1_1438042987127.36_20150728002307-00140-ip-10-236-191-2_74640728_1.csv,1,30,20.0,0.15,1000,1,313,600,True,False,False,313,0,313,0.07692307692307693,0.0006271558482282847,,,False,0,0.04078490333631635,0.0019832728430628777,0.00040945690125226974,0.0383921735920012,2.501159906387329e-05,0.016527622006833553,0.0014613950625061989,0.05880033643916249
tier_10k,1000,1_1438042987127.36_20150728002307-00140-ip-10-236-191-2_74640728_1.csv,1,40,5.0,0.15,1000,1,313,200,False,False,False,200,0,200,0.07692307692307693,0.002758620689655172,,,True,2,0.04078490333631635,0.0019832728430628777,0.00040945690125226974,0.0383921735920012,0.00047749094665050507,0.012017970904707909,0.001197571400552988,0.05447944067418575
tier_10k,1000,1_1438042987127.36_20150728002307-00140-ip-10-236-191-2_74640728_1.csv,1,40,10.0,0.15,1000,1,313,400,True,False,False,313,0,313,0.07692307692307693,0.0006271558482282847,,,False,0,0.04078490333631635,0.0019832728430628777,0.00040945690125226974,0.0383921735920012,2.109212800860405e-05,0.01609174022451043,0.0014113080687820911,0.058310475666075945
tier_10k,1000,1_1438042987127.36_20150728002307-00140-ip-10-236-191-2_74640728_1.csv,1,40,15.0,0.15,1000,1,313,600,True,False,False,313,0,313,0.07692307692307693,0.0006271558482282847,,,False,0,0.04078490333631635,0.0019832728430628777,0.00040945690125226974,0.0383921735920012,2.0967330783605576e-05,0.017633426003158092,0.0015451032668352127,0.059985905420035124
tier_10k,1000,1_1438042987127.36_20150728002307-00140-ip-10-236-191-2_74640728_1.csv,1,40,20.0,0.15,1000,1,313,800,True,False,False,313,0,313,0.07692307692307693,0.0006271558482282847,,,False,0,0.04078490333631635,0.0019832728430628777,0.00040945690125226974,0.0383921735920012,2.287188544869423e-05,0.016909341793507338,0.00147733511403203,0.059195966459810734
tier_10k,1000,1_1438042987127.36_20150728002307-00140-ip-10-236-191-2_74640728_1.csv,1,50,5.0,0.15,1000,1,313,250,False,False,False,250,0,250,0.07692307692307693,0.0018674136321195146,,,True,2,0.04078490333631635,0.0019832728430628777,0.00040945690125226974,0.0383921735920012,0.0005489662289619446,0.013867603149265051,0.0013374420814216137,0.05654042726382613
tier_10k,1000,1_1438042987127.36_20150728002307-00140-ip-10-236-191-2_74640728_1.csv,1,50,10.0,0.15,1000,1,313,500,True,False,False,313,0,313,0.07692307692307693,0.0006271558482282847,,,False,0,0.04078490333631635,0.0019832728430628777,0.00040945690125226974,0.0383921735920012,2.0938925445079803e-05,0.01598205091431737,0.0015029092319309711,0.058292209170758724
tier_10k,1000,1_1438042987127.36_20150728002307-00140-ip-10-236-191-2_74640728_1.csv,1,50,15.0,0.15,1000,1,313,750,True,False,False,313,0,313,0.07692307692307693,0.0006271558482282847,,,False,0,0.04078490333631635,0.0019832728430628777,0.00040945690125226974,0.0383921735920012,2.0792242139577866e-05,0.017403759993612766,0.0013514570891857147,0.059562362264841795
tier_10k,1000,1_1438042987127.36_20150728002307-00140-ip-10-236-191-2_74640728_1.csv,1,50,20.0,0.15,1000,1,313,1000,True,False,False,313,0,313,0.07692307692307693,0.0006271558482282847,,,False,0,0.04078490333631635,0.0019832728430628777,0.00040945690125226974,0.0383921735920012,2.070283517241478e-05,0.016103026922792196,0.0015779021196067333,0.05848793126642704
tier_10k,1000,1_1438042990112.50_20150728002310-00154-ip-10-236-191-2_303864106_21.csv,3,10,5.0,0.15,1000,66,94,50,False,True,True,50,10,50,0.2,0.1085972850678733,0.1590909090909091,121.69556856155396,True,4,0.014243460725992918,0.0014029862359166145,0.0003436673432588577,0.012496807146817446,0.00022857170552015305,0.046058846171945333,0.01444865157827735,0.07498140865936875
tier_10k,1000,1_1438042990112.50_20150728002310-00154-ip-10-236-191-2_303864106_21.csv,3,10,10.0,0.15,1000,66,94,100,True,True,True,94,10,94,0.2,0.03420523138832998,0.1590909090909091,121.69556856155396,False,0,0.014243460725992918,0.0014029862359166145,0.0003436673432588577,0.012496807146817446,9.533949196338654e-06,0.07918365485966206,0.007575937081128359,0.10101498290896416
tier_10k,1000,1_1438042990112.50_20150728002310-00154-ip-10-236-191-2_303864106_21.csv,3,10,15.0,0.15,1000,66,94,150,True,True,True,94,10,94,0.2,0.03420523138832998,0.1590909090909091,121.69556856155396,False,0,0.014243460725992918,0.0014029862359166145,0.0003436673432588577,0.012496807146817446,1.0556075721979141e-05,0.0798742650076747,0.007522721774876118,0.10165331093594432
tier_10k,1000,1_1438042990112.50_20150728002310-00154-ip-10-236-191-2_303864106_21.csv,3,10,20.0,0.15,1000,66,94,200,True,True,True,94,10,94,0.2,0.03420523138832998,0.1590909090909091,121.69556856155396,False,0,0.014243460725992918,0.0014029862359166145,0.0003436673432588577,0.012496807146817446,9.35327261686325e-06,0.07909202435985208,0.008033066987991333,0.10137990256771445
tier_10k,1000,1_1438042990112.50_20150728002310-00154-ip-10-236-191-2_303864106_21.csv,3,20,5.0,0.15,1000,66,94,100,True,True,True,94,20,94,0.2,0.03420523138832998,0.15053763440860216,233.2264718413353,False,0,0.014243460725992918,0.0014029862359166145,0.0003436673432588577,0.012496807146817446,1.4273915439844131e-05,0.10070580802857876,0.006226038094609976,0.12119256658479571
tier_10k,1000,1_1438042990112.50_20150728002310-00154-ip-10-236-191-2_303864106_21.csv,3,20,10.0,0.15,1000,66,94,200,True,True,True,94,20,94,0.2,0.03420523138832998,0.15053763440860216,233.2264718413353,False,0,0.014243460725992918,0.0014029862359166145,0.0003436673432588577,0.012496807146817446,1.427019014954567e-05,0.13264381187036633,0.006812827195972204,0.1537170414812863
tier_10k,1000,1_1438042990112.50_20150728002310-00154-ip-10-236-191-2_303864106_21.csv,3,20,15.0,0.15,1000,66,94,300,True,True,True,94,20,94,0.2,0.03420523138832998,0.15053763440860216,233.2264718413353,False,0,0.014243460725992918,0.0014029862359166145,0.0003436673432588577,0.012496807146817446,1.9594095647335052e-05,0.11318108066916466,0.006412439048290253,0.13385960087180138
tier_10k,1000,1_1438042990112.50_20150728002310-00154-ip-10-236-191-2_303864106_21.csv,3,20,20.0,0.15,1000,66,94,400,True,True,True,94,20,94,0.2,0.03420523138832998,0.15053763440860216,233.2264718413353,False,0,0.014243460725992918,0.0014029862359166145,0.0003436673432588577,0.012496807146817446,1.7336569726467133e-05,0.11276381183415651,0.005857149139046669,0.13288470916450024
tier_10k,1000,1_1438042990112.50_20150728002310-00154-ip-10-236-191-2_303864106_21.csv,3,30,5.0,0.15,1000,66,94,150,True,True,True,94,30,94,0.2,0.03420523138832998,0.15021459227467812,330.27702897787094,False,0,0.014243460725992918,0.0014029862359166145,0.0003436673432588577,0.012496807146817446,1.802295446395874e-05,0.12116373982280493,0.006966145243495703,0.14239419251680374
tier_10k,1000,1_1438042990112.50_20150728002310-00154-ip-10-236-191-2_303864106_21.csv,3,30,10.0,0.15,1000,66,94,300,True,True,True,94,30,94,0.2,0.03420523138832998,0.15021459227467812,330.27702897787094,False,0,0.014243460725992918,0.0014029862359166145,0.0003436673432588577,0.012496807146817446,1.966673880815506e-05,0.11511975293979049,0.007364156190305948,0.13674992881715298
tier_10k,1000,1_1438042990112.50_20150728002310-00154-ip-10-236-191-2_303864106_21.csv,3,30,15.0,0.15,1000,66,94,450,True,True,True,94,30,94,0.2,0.03420523138832998,0.15021459227467812,330.27702897787094,False,0,0.014243460725992918,0.0014029862359166145,0.0003436673432588577,0.012496807146817446,1.8518418073654175e-05,0.11144245509058237,0.0063738469034433365,0.13208131305873394
tier_10k,1000,1_1438042990112.50_20150728002310-00154-ip-10-236-191-2_303864106_21.csv,3,30,20.0,0.15,1000,66,94,600,True,True,True,94,30,94,0.2,0.03420523138832998,0.15021459227467812,330.27702897787094,False,0,0.014243460725992918,0.0014029862359166145,0.0003436673432588577,0.012496807146817446,1.6787089407444e-05,0.1132632065564394,0.00717506930232048,0.13470125664025545
tier_10k,1000,1_1438042990112.50_20150728002310-00154-ip-10-236-191-2_303864106_21.csv,3,40,5.0,0.15,1000,66,94,200,True,False,False,94,0,94,0.2,0.03420523138832998,,,False,0,0.014243460725992918,0.0014029862359166145,0.0003436673432588577,0.012496807146817446,1.675216481089592e-05,0.11050577415153384,0.001266741193830967,0.1260349997319281
tier_10k,1000,1_1438042990112.50_20150728002310-00154-ip-10-236-191-2_303864106_21.csv,3,40,10.0,0.15,1000,66,94,400,True,False,False,94,0,94,0.2,0.03420523138832998,,,False,0,0.014243460725992918,0.0014029862359166145,0.0003436673432588577,0.012496807146817446,1.3927929103374481e-05,0.10842676227912307,0.0013529579155147076,0.12403918290510774
tier_10k,1000,1_1438042990112.50_20150728002310-00154-ip-10-236-191-2_303864106_21.csv,3,40,15.0,0.15,1000,66,94,600,True,False,False,94,0,94,0.2,0.03420523138832998,,,False,0,0.014243460725992918,0.0014029862359166145,0.0003436673432588577,0.012496807146817446,1.38869509100914e-05,0.13401000667363405,0.0030971146188676357,0.1513669635169208
tier_10k,1000,1_1438042990112.50_20150728002310-00154-ip-10-236-191-2_303864106_21.csv,3,40,20.0,0.15,1000,66,94,800,True,False,False,94,0,94,0.2,0.03420523138832998,,,False,0,0.014243460725992918,0.0014029862359166145,0.0003436673432588577,0.012496807146817446,2.5953631848096848e-05,0.12613537814468145,0.002207564190030098,0.14261513948440552
tier_10k,1000,1_1438042990112.50_20150728002310-00154-ip-10-236-191-2_303864106_21.csv,3,50,5.0,0.15,1000,66,94,250,True,False,False,94,0,94,0.2,0.03420523138832998,,,False,0,0.014243460725992918,0.0014029862359166145,0.0003436673432588577,0.012496807146817446,1.9587110728025436e-05,0.11305582104250789,0.0017705108039081097,0.129091567825526
tier_10k,1000,1_1438042990112.50_20150728002310-00154-ip-10-236-191-2_303864106_21.csv,3,50,10.0,0.15,1000,66,94,500,True,False,False,94,0,94,0.2,0.03420523138832998,,,False,0,0.014243460725992918,0.0014029862359166145,0.0003436673432588577,0.012496807146817446,1.7179641872644424e-05,0.11001899931579828,0.0015454008243978024,0.12582733388990164
tier_10k,1000,1_1438042990112.50_20150728002310-00154-ip-10-236-191-2_303864106_21.csv,3,50,15.0,0.15,1000,66,94,750,True,False,False,94,0,94,0.2,0.03420523138832998,,,False,0,0.014243460725992918,0.0014029862359166145,0.0003436673432588577,0.012496807146817446,1.6212929040193558e-05,0.11088618915528059,0.001662012655287981,0.12681019585579634
tier_10k,1000,1_1438042990112.50_20150728002310-00154-ip-10-236-191-2_303864106_21.csv,3,50,20.0,0.15,1000,66,94,1000,True,False,False,94,0,94,0.2,0.03420523138832998,,,False,0,0.014243460725992918,0.0014029862359166145,0.0003436673432588577,0.012496807146817446,1.4740973711013794e-05,0.11069326708093286,0.0015119281597435474,0.12646551383659244
tier_10k,1000,0_1438042988458.74_20150728002308-00264-ip-10-236-191-2_704598375_3.csv,0,10,5.0,0.15,1000,2,288,50,False,True,True,50,10,50,1.0,0.057692307692307696,0.25,35.80313503742218,True,3,0.04570917319506407,0.0021525071933865547,0.0005753189325332642,0.04298134706914425,0.0006776517257094383,0.005491913296282291,0.004718916956335306,0.05660022096708417
tier_10k,1000,0_1438042988458.74_20150728002308-00264-ip-10-236-191-2_704598375_3.csv,0,10,10.0,0.15,1000,2,288,100,False,True,True,100,10,100,1.0,0.029914529914529916,0.25,36.305031418800354,True,2,0.04570917319506407,0.0021525071933865547,0.0005753189325332642,0.04298134706914425,0.0009252023883163929,0.012434877920895815,0.004431051667779684,0.06350284023210406
tier_10k,1000,0_1438042988458.74_20150728002308-00264-ip-10-236-191-2_704598375_3.csv,0,10,15.0,0.15,1000,2,288,150,False,True,True,150,10,150,1.0,0.020958083832335328,0.25,36.367764472961426,True,2,0.04570917319506407,0.0021525071933865547,0.0005753189325332642,0.04298134706914425,0.0009454796090722084,0.01720347022637725,0.0039750332944095135,0.06783577520400286
tier_10k,1000,0_1438042988458.74_20150728002308-00264-ip-10-236-191-2_704598375_3.csv,0,10,20.0,0.15,1000,2,288,200,False,True,True,200,10,200,1.0,0.014736842105263158,0.23076923076923078,36.47949010133743,True,2,0.04570917319506407,0.0021525071933865547,0.0005753189325332642,0.04298134706914425,0.0009711580350995064,0.02112704887986183,0.004908178001642227,0.07271809317171574
tier_10k,1000,0_1438042988458.74_20150728002308-00264-ip-10-236-191-2_704598375_3.csv,0,20,5.0,0.15,1000,2,288,100,False,False,False,100,0,100,1.0,0.029914529914529916,,,True,2,0.04570917319506407,0.0021525071933865547,0.0005753189325332642,0.04298134706914425,0.0009017586708068848,0.011966901831328869,0.0012215543538331985,0.05980174010619521
tier_10k,1000,0_1438042988458.74_20150728002308-00264-ip-10-236-191-2_704598375_3.csv,0,20,10.0,0.15,1000,2,288,200,False,False,False,200,0,200,1.0,0.014736842105263158,,,True,2,0.04570917319506407,0.0021525071933865547,0.0005753189325332642,0.04298134706914425,0.0007014418952167034,0.019589079078286886,0.0015839440748095512,0.06758536398410797
tier_10k,1000,0_1438042988458.74_20150728002308-00264-ip-10-236-191-2_704598375_3.csv,0,20,15.0,0.15,1000,2,288,300,True,False,False,288,0,288,1.0,0.007616974972796518,,,False,0,0.04570917319506407,0.0021525071933865547,0.0005753189325332642,0.04298134706914425,2.5901012122631073e-05,0.0280580990947783,0.001598868053406477,0.07539400225505233
tier_10k,1000,0_1438042988458.74_20150728002308-00264-ip-10-236-191-2_704598375_3.csv,0,20,20.0,0.15,1000,2,288,400,True,False,False,288,0,288,1.0,0.007616974972796518,,,False,0,0.04570917319506407,0.0021525071933865547,0.0005753189325332642,0.04298134706914425,2.6173889636993408e-05,0.027811713982373476,0.0018849880434572697,0.07543408824130893
tier_10k,1000,0_1438042988458.74_20150728002308-00264-ip-10-236-191-2_704598375_3.csv,0,30,5.0,0.15,1000,2,288,150,False,False,False,150,0,150,1.0,0.020958083832335328,,,True,2,0.04570917319506407,0.0021525071933865547,0.0005753189325332642,0.04298134706914425,0.0006058048456907272,0.014978847000747919,0.0014294609427452087,0.0627250517718494
tier_10k,1000,0_1438042988458.74_20150728002308-00264-ip-10-236-191-2_704598375_3.csv,0,30,10.0,0.15,1000,2,288,300,True,False,False,288,0,288,1.0,0.007616974972796518,,,False,0,0.04570917319506407,0.0021525071933865547,0.0005753189325332642,0.04298134706914425,2.5748275220394135e-05,0.02768338331952691,0.0017404542304575443,0.07516051037237048
tier_10k,1000,0_1438042988458.74_20150728002308-00264-ip-10-236-191-2_704598375_3.csv,0,30,15.0,0.15,1000,2,288,450,True,False,False,288,0,288,1.0,0.007616974972796518,,,False,0,0.04570917319506407,0.0021525071933865547,0.0005753189325332642,0.04298134706914425,2.6706140488386154e-05,0.02782012475654483,0.0018804422579705715,0.07543851155787706
tier_10k,1000,0_1438042988458.74_20150728002308-00264-ip-10-236-191-2_704598375_3.csv,0,30,20.0,0.15,1000,2,288,600,True,False,False,288,0,288,1.0,0.007616974972796518,,,False,0,0.04570917319506407,0.0021525071933865547,0.0005753189325332642,0.04298134706914425,2.6741065084934235e-05,0.02767848502844572,0.0015098429284989834,0.07492622500285506
tier_10k,1000,0_1438042988458.74_20150728002308-00264-ip-10-236-191-2_704598375_3.csv,0,40,5.0,0.15,1000,2,288,200,False,False,False,200,0,200,1.0,0.014736842105263158,,,True,2,0.04570917319506407,0.0021525071933865547,0.0005753189325332642,0.04298134706914425,0.0006319270469248295,0.019653776194900274,0.0013881521299481392,0.06738501647487283
tier_10k,1000,0_1438042988458.74_20150728002308-00264-ip-10-236-191-2_704598375_3.csv,0,40,10.0,0.15,1000,2,288,400,True,False,False,288,0,288,1.0,0.007616974972796518,,,False,0,0.04570917319506407,0.0021525071933865547,0.0005753189325332642,0.04298134706914425,2.6852823793888092e-05,0.02755197510123253,0.001412991899996996,0.0747029990889132
tier_10k,1000,0_1438042988458.74_20150728002308-00264-ip-10-236-191-2_704598375_3.csv,0,40,15.0,0.15,1000,2,288,600,True,False,False,288,0,288,1.0,0.007616974972796518,,,False,0,0.04570917319506407,0.0021525071933865547,0.0005753189325332642,0.04298134706914425,2.541579306125641e-05,0.027689637150615454,0.0016213036142289639,0.07504721125587821
tier_10k,1000,0_1438042988458.74_20150728002308-00264-ip-10-236-191-2_704598375_3.csv,0,40,20.0,0.15,1000,2,288,800,True,False,False,288,0,288,1.0,0.007616974972796518,,,False,0,0.04570917319506407,0.0021525071933865547,0.0005753189325332642,0.04298134706914425,2.5850720703601837e-05,0.027517498936504126,0.001595610287040472,0.07484993524849415
tier_10k,1000,0_1438042988458.74_20150728002308-00264-ip-10-236-191-2_704598375_3.csv,0,50,5.0,0.15,1000,2,288,250,False,False,False,250,0,250,1.0,0.010622154779969651,,,True,2,0.04570917319506407,0.0021525071933865547,0.0005753189325332642,0.04298134706914425,0.0006495146080851555,0.024274589959532022,0.0015795868821442127,0.07221480505540967
tier_10k,1000,0_1438042988458.74_20150728002308-00264-ip-10-236-191-2_704598375_3.csv,0,50,10.0,0.15,1000,2,288,500,True,False,False,288,0,288,1.0,0.007616974972796518,,,False,0,0.04570917319506407,0.0021525071933865547,0.0005753189325332642,0.04298134706914425,2.585398033261299e-05,0.0274825356900692,0.0015713470056653023,0.07479096343740821
tier_10k,1000,0_1438042988458.74_20150728002308-00264-ip-10-236-191-2_704598375_3.csv,0,50,15.0,0.15,1000,2,288,750,True,False,False,288,0,288,1.0,0.007616974972796518,,,False,0,0.04570917319506407,0.0021525071933865547,0.0005753189325332642,0.04298134706914425,2.591824159026146e-05,0.02767114480957389,0.0016907588578760624,0.07509898906573653
tier_10k,1000,0_1438042988458.74_20150728002308-00264-ip-10-236-191-2_704598375_3.csv,0,50,20.0,0.15,1000,2,288,1000,True,False,False,288,0,288,1.0,0.007616974972796518,,,False,0,0.04570917319506407,0.0021525071933865547,0.0005753189325332642,0.04298134706914425,2.9385555535554886e-05,0.027551637031137943,0.0016612489707767963,0.07495394255965948
tier_10k,1000,0_1438042988061.16_20150728002308-00310-ip-10-236-191-2_342423429_0.csv,0,10,5.0,0.15,1000,3,341,50,False,False,False,50,0,50,0.2,0.03546099290780142,,,True,2,0.05277014337480068,0.0018200823105871677,0.0006038830615580082,0.050346178002655506,0.0006262790411710739,0.003316699992865324,0.0015598512254655361,0.058274987153708935
tier_10k,1000,0_1438042988061.16_20150728002308-00310-ip-10-236-191-2_342423429_0.csv,0,10,10.0,0.15,1000,3,341,100,False,False,False,100,0,100,0.2,0.02074688796680498,,,True,2,0.05277014337480068,0.0018200823105871677,0.0006038830615580082,0.050346178002655506,0.0006643929518759251,0.006131085101515055,0.0011900058016180992,0.06075762631371617
tier_10k,1000,0_1438042988061.16_20150728002308-00310-ip-10-236-191-2_342423429_0.csv,0,10,15.0,0.15,1000,3,341,150,False,False,False,150,0,150,0.2,0.014492753623188406,,,True,2,0.05277014337480068,0.0018200823105871677,0.0006038830615580082,0.050346178002655506,0.0006683249957859516,0.00909872679039836,0.0013716169632971287,0.06391053926199675
tier_10k,1000,0_1438042988061.16_20150728002308-00310-ip-10-236-191-2_342423429_0.csv,0,10,20.0,0.15,1000,3,341,200,False,False,False,200,0,200,0.2,0.010101010101010102,,,True,2,0.05277014337480068,0.0018200823105871677,0.0006038830615580082,0.050346178002655506,0.0006943321786820889,0.01129321614280343,0.0015892647206783295,0.06634894525632262
tier_10k,1000,0_1438042988061.16_20150728002308-00310-ip-10-236-191-2_342423429_0.csv,0,20,5.0,0.15,1000,3,341,100,False,False,False,100,0,100,0.2,0.02074688796680498,,,True,2,0.05277014337480068,0.0018200823105871677,0.0006038830615580082,0.050346178002655506,0.0006485902704298496,0.006068713031709194,0.0011680671013891697,0.060657280031591654
tier_10k,1000,0_1438042988061.16_20150728002308-00310-ip-10-236-191-2_342423429_0.csv,0,20,10.0,0.15,1000,3,341,200,False,False,False,200,0,200,0.2,0.010101010101010102,,,True,2,0.05277014337480068,0.0018200823105871677,0.0006038830615580082,0.050346178002655506,0.0008497610688209534,0.011175793595612049,0.0013829809613525867,0.0661805341951549
tier_10k,1000,0_1438042988061.16_20150728002308-00310-ip-10-236-191-2_342423429_0.csv,0,20,15.0,0.15,1000,3,341,300,False,False,False,300,0,300,0.2,0.005219206680584551,,,True,2,0.05277014337480068,0.0018200823105871677,0.0006038830615580082,0.050346178002655506,0.0007486948743462563,0.017912514973431826,0.001522210892289877,0.07295555109158158
tier_10k,1000,0_1438042988061.16_20150728002308-00310-ip-10-236-191-2_342423429_0.csv,0,20,20.0,0.15,1000,3,341,400,True,False,False,341,0,341,0.2,0.004233700254022015,,,False,0,0.05277014337480068,0.0018200823105871677,0.0006038830615580082,0.050346178002655506,3.0559953302145004e-05,0.017914131749421358,0.0017434642650187016,0.07246015127748251
tier_10k,1000,0_1438042988061.16_20150728002308-00310-ip-10-236-191-2_342423429_0.csv,0,30,5.0,0.15,1000,3,341,150,False,False,False,150,0,150,0.2,0.014492753623188406,,,True,2,0.05277014337480068,0.0018200823105871677,0.0006038830615580082,0.050346178002655506,0.0006713587790727615,0.008964471984654665,0.0013942550867795944,0.06380238570272923
tier_10k,1000,0_1438042988061.16_20150728002308-00310-ip-10-236-191-2_342423429_0.csv,0,30,10.0,0.15,1000,3,341,300,False,False,False,300,0,300,0.2,0.005219206680584551,,,True,2,0.05277014337480068,0.0018200823105871677,0.0006038830615580082,0.050346178002655506,0.0007338249124586582,0.015872975811362267,0.0015740292146801949,0.07095287228003144
tier_10k,1000,0_1438042988061.16_20150728002308-00310-ip-10-236-191-2_342423429_0.csv,0,30,15.0,0.15,1000,3,341,450,True,False,False,341,0,341,0.2,0.004233700254022015,,,False,0,0.05277014337480068,0.0018200823105871677,0.0006038830615580082,0.050346178002655506,2.9141083359718323e-05,0.01897889608517289,0.0017441557720303535,0.07352437963709235
tier_10k,1000,0_1438042988061.16_20150728002308-00310-ip-10-236-191-2_342423429_0.csv,0,30,20.0,0.15,1000,3,341,600,True,False,False,341,0,341,0.2,0.004233700254022015,,,False,0,0.05277014337480068,0.0018200823105871677,0.0006038830615580082,0.050346178002655506,2.96090729534626e-05,0.017937179189175367,0.0017372583970427513,0.07247608061879873
tier_10k,1000,0_1438042988061.16_20150728002308-00310-ip-10-236-191-2_342423429_0.csv,0,40,5.0,0.15,1000,3,341,200,False,False,False,200,0,200,0.2,0.010101010101010102,,,True,2,0.05277014337480068,0.0018200823105871677,0.0006038830615580082,0.050346178002655506,0.0006824987940490246,0.011216364800930023,0.0015040850266814232,0.0661750715225935
tier_10k,1000,0_1438042988061.16_20150728002308-00310-ip-10-236-191-2_342423429_0.csv,0,40,10.0,0.15,1000,3,341,400,True,False,False,341,0,341,0.2,0.004233700254022015,,,False,0,0.05277014337480068,0.0018200823105871677,0.0006038830615580082,0.050346178002655506,2.92360782623291e-05,0.017689845990389585,0.0016471687704324722,0.07213832763954997
tier_10k,1000,0_1438042988061.16_20150728002308-00310-ip-10-236-191-2_342423429_0.csv,0,40,15.0,0.15,1000,3,341,600,True,False,False,341,0,341,0.2,0.004233700254022015,,,False,0,0.05277014337480068,0.0018200823105871677,0.0006038830615580082,0.050346178002655506,3.0174851417541504e-05,0.017800155095756054,0.0018423269502818584,0.07244467968121171
tier_10k,1000,0_1438042988061.16_20150728002308-00310-ip-10-236-191-2_342423429_0.csv,0,40,20.0,0.15,1000,3,341,800,True,False,False,341,0,341,0.2,0.004233700254022015,,,False,0,0.05277014337480068,0.0018200823105871677,0.0006038830615580082,0.050346178002655506,2.9703136533498764e-05,0.017731210216879845,0.0016028862446546555,0.07213591644540429
tier_10k,1000,0_1438042988061.16_20150728002308-00310-ip-10-236-191-2_342423429_0.csv,0,50,5.0,0.15,1000,3,341,250,False,False,False,250,0,250,0.2,0.007062146892655367,,,True,2,0.05277014337480068,0.0018200823105871677,0.0006038830615580082,0.050346178002655506,0.0007147402502596378,0.013500700239092112,0.0014676917344331741,0.06845507910475135
tier_10k,1000,0_1438042988061.16_20150728002308-00310-ip-10-236-191-2_342423429_0.csv,0,50,10.0,0.15,1000,3,341,500,True,False,False,341,0,341,0.2,0.004233700254022015,,,False,0,0.05277014337480068,0.0018200823105871677,0.0006038830615580082,0.050346178002655506,2.9420945793390274e-05,0.018475467339158058,0.0016625351272523403,0.07293941034004092
tier_10k,1000,0_1438042988061.16_20150728002308-00310-ip-10-236-191-2_342423429_0.csv,0,50,15.0,0.15,1000,3,341,750,True,False,False,341,0,341,0.2,0.004233700254022015,,,False,0,0.05277014337480068,0.0018200823105871677,0.0006038830615580082,0.050346178002655506,2.880580723285675e-05,0.017975541297346354,0.0016822810284793377,0.07245841156691313
tier_10k,1000,0_1438042988061.16_20150728002308-00310-ip-10-236-191-2_342423429_0.csv,0,50,20.0,0.15,1000,3,341,1000,True,False,False,341,0,341,0.2,0.004233700254022015,,,False,0,0.05277014337480068,0.0018200823105871677,0.0006038830615580082,0.050346178002655506,2.9455870389938354e-05,0.0177815118804574,0.0017544920556247234,0.07233742857351899
tier_10k,1000,1_1438042988061.16_20150728002308-00116-ip-10-236-191-2_764081199_5.csv,3,10,5.0,0.15,1000,7,283,50,False,True,True,50,10,50,0.16666666666666666,0.08357348703170028,0.15,32.56274092197418,True,3,0.04907638905569911,0.0023202658630907536,0.0005680308677256107,0.046188092324882746,0.000621443148702383,0.006994946859776974,0.004742265213280916,0.06143737630918622
tier_10k,1000,1_1438042988061.16_20150728002308-00116-ip-10-236-191-2_764081199_5.csv,3,10,10.0,0.15,1000,7,283,100,False,True,True,100,10,100,0.16666666666666666,0.04504504504504504,0.15,32.56274092197418,True,2,0.04907638905569911,0.0023202658630907536,0.0005680308677256107,0.046188092324882746,0.0008563431911170483,0.012694051023572683,0.004175165668129921,0.06680449889972806
tier_10k,1000,1_1438042988061.16_20150728002308-00116-ip-10-236-191-2_764081199_5.csv,3,10,15.0,0.15,1000,7,283,150,False,True,True,150,10,150,0.16666666666666666,0.026737967914438502,0.15,32.56274092197418,True,2,0.04907638905569911,0.0023202658630907536,0.0005680308677256107,0.046188092324882746,0.0009086611680686474,0.020025156904011965,0.004678960889577866,0.07469186093658209
tier_10k,1000,1_1438042988061.16_20150728002308-00116-ip-10-236-191-2_764081199_5.csv,3,10,20.0,0.15,1000,7,283,200,False,True,True,200,10,200,0.16666666666666666,0.01710376282782212,0.15,32.56274092197418,True,2,0.04907638905569911,0.0023202658630907536,0.0005680308677256107,0.046188092324882746,0.0009412947110831738,0.02493441291153431,0.004867545794695616,0.07982236007228494
tier_10k,1000,1_1438042988061.16_20150728002308-00116-ip-10-236-191-2_764081199_5.csv,3,20,5.0,0.15,1000,7,283,100,False,False,False,100,0,100,0.16666666666666666,0.04504504504504504,,,True,2,0.04907638905569911,0.0023202658630907536,0.0005680308677256107,0.046188092324882746,0.0008547496981918812,0.013148038182407618,0.0014578402042388916,0.06453936127945781
tier_10k,1000,1_1438042988061.16_20150728002308-00116-ip-10-236-191-2_764081199_5.csv,3,20,10.0,0.15,1000,7,283,200,False,False,False,200,0,200,0.16666666666666666,0.01710376282782212,,,True,2,0.04907638905569911,0.0023202658630907536,0.0005680308677256107,0.046188092324882746,0.0005804151296615601,0.023479898925870657,0.001709264237433672,0.07484791520982981
tier_10k,1000,1_1438042988061.16_20150728002308-00116-ip-10-236-191-2_764081199_5.csv,3,20,15.0,0.15,1000,7,283,300,True,False,False,283,0,283,0.16666666666666666,0.00370278943470748,,,False,0,0.04907638905569911,0.0023202658630907536,0.0005680308677256107,0.046188092324882746,2.9838643968105316e-05,0.03623806778341532,0.0020534940995275974,0.08739980682730675
tier_10k,1000,1_1438042988061.16_20150728002308-00116-ip-10-236-191-2_764081199_5.csv,3,20,20.0,0.15,1000,7,283,400,True,False,False,283,0,283,0.16666666666666666,0.00370278943470748,,,False,0,0.04907638905569911,0.0023202658630907536,0.0005680308677256107,0.046188092324882746,2.7259811758995056e-05,0.033853685948997736,0.0016108606941998005,0.08457009308040142
tier_10k,1000,1_1438042988061.16_20150728002308-00116-ip-10-236-191-2_764081199_5.csv,3,30,5.0,0.15,1000,7,283,150,False,False,False,150,0,150,0.16666666666666666,0.026737967914438502,,,True,2,0.04907638905569911,0.0023202658630907536,0.0005680308677256107,0.046188092324882746,0.0005643558688461781,0.01784015167504549,0.001326106023043394,0.06880868738517165
tier_10k,1000,1_1438042988061.16_20150728002308-00116-ip-10-236-191-2_764081199_5.csv,3,30,10.0,0.15,1000,7,283,300,True,False,False,283,0,283,0.16666666666666666,0.00370278943470748,,,False,0,0.04907638905569911,0.0023202658630907536,0.0005680308677256107,0.046188092324882746,2.632802352309227e-05,0.033847589045763016,0.001690870150923729,0.08464285917580128
tier_10k,1000,1_1438042988061.16_20150728002308-00116-ip-10-236-191-2_764081199_5.csv,3,30,15.0,0.15,1000,7,283,450,True,False,False,283,0,283,0.16666666666666666,0.00370278943470748,,,False,0,0.04907638905569911,0.0023202658630907536,0.0005680308677256107,0.046188092324882746,2.8303824365139008e-05,0.033835587091743946,0.0016620559617877007,0.08460426004603505
tier_10k,1000,1_1438042988061.16_20150728002308-00116-ip-10-236-191-2_764081199_5.csv,3,30,20.0,0.15,1000,7,283,600,True,False,False,283,0,283,0.16666666666666666,0.00370278943470748,,,False,0,0.04907638905569911,0.0023202658630907536,0.0005680308677256107,0.046188092324882746,2.703862264752388e-05,0.03362629283219576,0.0017298790626227856,0.08446158887818456
tier_10k,1000,1_1438042988061.16_20150728002308-00116-ip-10-236-191-2_764081199_5.csv,3,40,5.0,0.15,1000,7,283,200,False,False,False,200,0,200,0.16666666666666666,0.01710376282782212,,,True,2,0.04907638905569911,0.0023202658630907536,0.0005680308677256107,0.046188092324882746,0.0006084777414798737,0.023452081251889467,0.0017132479697465897,0.07485226402059197
tier_10k,1000,1_1438042988061.16_20150728002308-00116-ip-10-236-191-2_764081199_5.csv,3,40,10.0,0.15,1000,7,283,400,True,False,False,283,0,283,0.16666666666666666,0.00370278943470748,,,False,0,0.04907638905569911,0.0023202658630907536,0.0005680308677256107,0.046188092324882746,2.6629772037267685e-05,0.033929668832570314,0.0016993801109492779,0.0847340882755816
tier_10k,1000,1_1438042988061.16_20150728002308-00116-ip-10-236-191-2_764081199_5.csv,3,40,15.0,0.15,1000,7,283,600,True,False,False,283,0,283,0.16666666666666666,0.00370278943470748,,,False,0,0.04907638905569911,0.0023202658630907536,0.0005680308677256107,0.046188092324882746,2.6265159249305725e-05,0.03395863901823759,0.0016881627961993217,0.08475139085203409
tier_10k,1000,1_1438042988061.16_20150728002308-00116-ip-10-236-191-2_764081199_5.csv,3,40,20.0,0.15,1000,7,283,800,True,False,False,283,0,283,0.16666666666666666,0.00370278943470748,,,False,0,0.04907638905569911,0.0023202658630907536,0.0005680308677256107,0.046188092324882746,2.7969013899564743e-05,0.03377189161255956,0.0015688962303102016,0.08444709237664938
tier_10k,1000,1_1438042988061.16_20150728002308-00116-ip-10-236-191-2_764081199_5.csv,3,50,5.0,0.15,1000,7,283,250,False,False,False,250,0,250,0.16666666666666666,0.00984898227183191,,,True,2,0.04907638905569911,0.0023202658630907536,0.0005680308677256107,0.046188092324882746,0.0006251931190490723,0.029451786540448666,0.0015730541199445724,0.08072833810001612
tier_10k,1000,1_1438042988061.16_20150728002308-00116-ip-10-236-191-2_764081199_5.csv,3,50,10.0,0.15,1000,7,283,500,True,False,False,283,0,283,0.16666666666666666,0.00370278943470748,,,False,0,0.04907638905569911,0.0023202658630907536,0.0005680308677256107,0.046188092324882746,2.7724076062440872e-05,0.03366177808493376,0.0016403771005570889,0.08440817007794976
tier_10k,1000,1_1438042988061.16_20150728002308-00116-ip-10-236-191-2_764081199_5.csv,3,50,15.0,0.15,1000,7,283,750,True,False,False,283,0,283,0.16666666666666666,0.00370278943470748,,,False,0,0.04907638905569911,0.0023202658630907536,0.0005680308677256107,0.046188092324882746,2.6407651603221893e-05,0.03390017198398709,0.0016670506447553635,0.08467208035290241
tier_10k,1000,1_1438042988061.16_20150728002308-00116-ip-10-236-191-2_764081199_5.csv,3,50,20.0,0.15,1000,7,283,1000,True,False,False,283,0,283,0.16666666666666666,0.00370278943470748,,,False,0,0.04907638905569911,0.0023202658630907536,0.0005680308677256107,0.046188092324882746,2.5993678718805313e-05,0.033805686980485916,0.001764445099979639,0.08467461261898279
tier_10k,1000,0_1438042988458.74_20150728002308-00095-ip-10-236-191-2_520943855_0.csv,4,10,5.0,0.15,1000,7,218,50,False,False,False,50,0,50,0.2,0.024291497975708502,,,True,3,0.03690043045207858,0.0020516538061201572,0.0005291099660098553,0.03431966667994857,0.0005032550543546677,0.009361064992845058,0.0013507050462067127,0.04811730561777949
tier_10k,1000,0_1438042988458.74_20150728002308-00095-ip-10-236-191-2_520943855_0.csv,4,10,10.0,0.15,1000,7,218,100,False,False,False,100,0,100,0.2,0.01353637901861252,,,True,2,0.03690043045207858,0.0020516538061201572,0.0005291099660098553,0.03431966667994857,0.0004123589023947716,0.018345925025641918,0.0015472550876438618,0.057207935489714146
tier_10k,1000,0_1438042988458.74_20150728002308-00095-ip-10-236-191-2_520943855_0.csv,4,10,15.0,0.15,1000,7,218,150,False,False,False,150,0,150,0.2,0.007568590350047304,,,True,2,0.03690043045207858,0.0020516538061201572,0.0005291099660098553,0.03431966667994857,0.0004455358721315861,0.02796592004597187,0.0013029188849031925,0.0666167289018631
tier_10k,1000,0_1438042988458.74_20150728002308-00095-ip-10-236-191-2_520943855_0.csv,4,10,20.0,0.15,1000,7,218,200,False,False,False,200,0,200,0.2,0.003734827264239029,,,True,2,0.03690043045207858,0.0020516538061201572,0.0005291099660098553,0.03431966667994857,0.00047336192801594734,0.035472067072987556,0.0016056452877819538,0.07445341255515814
tier_10k,1000,0_1438042988458.74_20150728002308-00095-ip-10-236-191-2_520943855_0.csv,4,20,5.0,0.15,1000,7,218,100,False,False,False,100,0,100,0.2,0.01353637901861252,,,True,2,0.03690043045207858,0.0020516538061201572,0.0005291099660098553,0.03431966667994857,0.0004040389321744442,0.01790250977501273,0.001323469914495945,0.056532276794314384
tier_10k,1000,0_1438042988458.74_20150728002308-00095-ip-10-236-191-2_520943855_0.csv,4,20,10.0,0.15,1000,7,218,200,False,False,False,200,0,200,0.2,0.003734827264239029,,,True,2,0.03690043045207858,0.0020516538061201572,0.0005291099660098553,0.03431966667994857,0.0004707532934844494,0.03558876924216747,0.0016396809369325638,0.07460163766518235
tier_10k,1000,0_1438042988458.74_20150728002308-00095-ip-10-236-191-2_520943855_0.csv,4,20,15.0,0.15,1000,7,218,300,True,False,False,218,0,218,0.2,0.00215633423180593,,,False,0,0.03690043045207858,0.0020516538061201572,0.0005291099660098553,0.03431966667994857,2.177804708480835e-05,0.0385867771692574,0.0017484929412603378,0.07725951028987765
tier_10k,1000,0_1438042988458.74_20150728002308-00095-ip-10-236-191-2_520943855_0.csv,4,20,20.0,0.15,1000,7,218,400,True,False,False,218,0,218,0.2,0.00215633423180593,,,False,0,0.03690043045207858,0.0020516538061201572,0.0005291099660098553,0.03431966667994857,2.2906344383955002e-05,0.038443829864263535,0.0017883116379380226,0.07715751649811864
tier_10k,1000,0_1438042988458.74_20150728002308-00095-ip-10-236-191-2_520943855_0.csv,4,30,5.0,0.15,1000,7,218,150,False,False,False,150,0,150,0.2,0.007568590350047304,,,True,2,0.03690043045207858,0.0020516538061201572,0.0005291099660098553,0.03431966667994857,0.0004604230634868145,0.027203957550227642,0.0016558179631829262,0.06622276268899441
tier_10k,1000,0_1438042988458.74_20150728002308-00095-ip-10-236-191-2_520943855_0.csv,4,30,10.0,0.15,1000,7,218,300,True,False,False,218,0,218,0.2,0.00215633423180593,,,False,0,0.03690043045207858,0.0020516538061201572,0.0005291099660098553,0.03431966667994857,2.2742431610822678e-05,0.039060136303305626,0.001721987035125494,0.07770720217376947
tier_10k,1000,0_1438042988458.74_20150728002308-00095-ip-10-236-191-2_520943855_0.csv,4,30,15.0,0.15,1000,7,218,450,True,False,False,218,0,218,0.2,0.00215633423180593,,,False,0,0.03690043045207858,0.0020516538061201572,0.0005291099660098553,0.03431966667994857,2.1682120859622955e-05,0.038243819028139114,0.0015940279699862003,0.07676180172711611
tier_10k,1000,0_1438042988458.74_20150728002308-00095-ip-10-236-191-2_520943855_0.csv,4,30,20.0,0.15,1000,7,218,600,True,False,False,218,0,218,0.2,0.00215633423180593,,,False,0,0.03690043045207858,0.0020516538061201572,0.0005291099660098553,0.03431966667994857,2.1039973944425583e-05,0.037896773777902126,0.001589096151292324,0.07640933245420456
tier_10k,1000,0_1438042988458.74_20150728002308-00095-ip-10-236-191-2_520943855_0.csv,4,40,5.0,0.15,1000,7,218,200,False,False,False,200,0,200,0.2,0.003734827264239029,,,True,2,0.03690043045207858,0.0020516538061201572,0.0005291099660098553,0.03431966667994857,0.0004953746683895588,0.03557207528501749,0.0013896990567445755,0.074359439779073
tier_10k,1000,0_1438042988458.74_20150728002308-00095-ip-10-236-191-2_520943855_0.csv,4,40,10.0,0.15,1000,7,218,400,True,False,False,218,0,218,0.2,0.00215633423180593,,,False,0,0.03690043045207858,0.0020516538061201572,0.0005291099660098553,0.03431966667994857,2.115406095981598e-05,0.03830192610621452,0.0017526219598948956,0.07697807857766747
tier_10k,1000,0_1438042988458.74_20150728002308-00095-ip-10-236-191-2_520943855_0.csv,4,40,15.0,0.15,1000,7,218,600,True,False,False,218,0,218,0.2,0.00215633423180593,,,False,0,0.03690043045207858,0.0020516538061201572,0.0005291099660098553,0.03431966667994857,2.2328924387693405e-05,0.05718795116990805,0.0023604342713952065,0.09647383634001017
tier_10k,1000,0_1438042988458.74_20150728002308-00095-ip-10-236-191-2_520943855_0.csv,4,40,20.0,0.15,1000,7,218,800,True,False,False,218,0,218,0.2,0.00215633423180593,,,False,0,0.03690043045207858,0.0020516538061201572,0.0005291099660098553,0.03431966667994857,3.4844037145376205e-05,0.04440154600888491,0.001906770747154951,0.08325350051745772
tier_10k,1000,0_1438042988458.74_20150728002308-00095-ip-10-236-191-2_520943855_0.csv,4,50,5.0,0.15,1000,7,218,250,True,False,False,218,0,218,0.2,0.00215633423180593,,,False,0,0.03690043045207858,0.0020516538061201572,0.0005291099660098553,0.03431966667994857,3.865174949169159e-05,0.055901262909173965,0.0018667159602046013,0.09471038449555635
tier_10k,1000,0_1438042988458.74_20150728002308-00095-ip-10-236-191-2_520943855_0.csv,4,50,10.0,0.15,1000,7,218,500,True,False,False,218,0,218,0.2,0.00215633423180593,,,False,0,0.03690043045207858,0.0020516538061201572,0.0005291099660098553,0.03431966667994857,2.65343114733696e-05,0.0382556370459497,0.0015546181239187717,0.07673942251130939
tier_10k,1000,0_1438042988458.74_20150728002308-00095-ip-10-236-191-2_520943855_0.csv,4,50,15.0,0.15,1000,7,218,750,True,False,False,218,0,218,0.2,0.00215633423180593,,,False,0,0.03690043045207858,0.0020516538061201572,0.0005291099660098553,0.03431966667994857,2.187071368098259e-05,0.038364855106920004,0.0016330890357494354,0.07692205253988504
tier_10k,1000,0_1438042988458.74_20150728002308-00095-ip-10-236-191-2_520943855_0.csv,4,50,20.0,0.15,1000,7,218,1000,True,False,False,218,0,218,0.2,0.00215633423180593,,,False,0,0.03690043045207858,0.0020516538061201572,0.0005291099660098553,0.03431966667994857,2.2151973098516464e-05,0.03828694811090827,0.0016260347329080105,0.07683724956586957
tier_10k,1000,0_1438042988061.16_20150728002308-00322-ip-10-236-191-2_739065442_3.csv,0,10,5.0,0.15,1000,85,370,50,False,True,True,50,10,50,0.25,0.21338912133891214,0.21568627450980393,22.359214663505554,True,1,0.06101222429424524,0.00254056416451931,0.000643337145447731,0.0578283229842782,0.0004493389278650284,0.005864063743501902,0.00415918231010437,0.0714872102253139
tier_10k,1000,0_1438042988061.16_20150728002308-00322-ip-10-236-191-2_739065442_3.csv,0,10,10.0,0.15,1000,85,370,100,False,True,True,100,10,100,0.25,0.14794520547945206,0.15151515151515152,23.400322437286377,True,4,0.06101222429424524,0.00254056416451931,0.000643337145447731,0.0578283229842782,0.001805890817195177,0.010811785236001015,0.005347071215510368,0.07897963328287005
tier_10k,1000,0_1438042988061.16_20150728002308-00322-ip-10-236-191-2_739065442_3.csv,0,10,15.0,0.15,1000,85,370,150,False,True,True,150,10,150,0.25,0.10559006211180125,0.15384615384615385,23.548014402389526,True,3,0.06101222429424524,0.00254056416451931,0.000643337145447731,0.0578283229842782,0.0015331949107348919,0.0170841789804399,0.008883844129741192,0.08851613057777286
tier_10k,1000,0_1438042988061.16_20150728002308-00322-ip-10-236-191-2_739065442_3.csv,0,10,20.0,0.15,1000,85,370,200,False,True,True,200,10,200,0.25,0.07700770077007701,0.15,23.648118317127228,True,4,0.06101222429424524,0.00254056416451931,0.000643337145447731,0.0578283229842782,0.0019548959098756313,0.018572242930531502,0.0044575040228664875,0.08599946834146976
tier_10k,1000,0_1438042988061.16_20150728002308-00322-ip-10-236-191-2_739065442_3.csv,0,20,5.0,0.15,1000,85,370,100,False,True,True,100,20,100,0.25,0.14794520547945206,0.15151515151515152,45.42149031162262,True,4,0.06101222429424524,0.00254056416451931,0.000643337145447731,0.0578283229842782,0.0018041981384158134,0.011183382011950016,0.009663952048867941,0.08366641635075212
tier_10k,1000,0_1438042988061.16_20150728002308-00322-ip-10-236-191-2_739065442_3.csv,0,20,10.0,0.15,1000,85,370,200,False,True,True,200,20,200,0.25,0.07700770077007701,0.15,45.71179139614105,True,4,0.06101222429424524,0.00254056416451931,0.000643337145447731,0.0578283229842782,0.0019407100044190884,0.017975252121686935,0.032804729882627726,0.11373618524521589
tier_10k,1000,0_1438042988061.16_20150728002308-00322-ip-10-236-191-2_739065442_3.csv,0,20,15.0,0.15,1000,85,370,300,False,True,True,300,20,300,0.25,0.04433760683760684,0.15,45.90178442001343,True,3,0.06101222429424524,0.00254056416451931,0.000643337145447731,0.0578283229842782,0.0017848131246864796,0.026885921135544777,0.04371022805571556,0.13339649699628353
tier_10k,1000,0_1438042988061.16_20150728002308-00322-ip-10-236-191-2_739065442_3.csv,0,20,20.0,0.15,1000,85,370,400,True,True,True,370,20,370,0.25,0.01419505678022712,0.15,45.90178442001343,False,0,0.06101222429424524,0.00254056416451931,0.000643337145447731,0.0578283229842782,4.1351187974214554e-05,0.034594522789120674,0.04081643279641867,0.13646752620115876
tier_10k,1000,0_1438042988061.16_20150728002308-00322-ip-10-236-191-2_739065442_3.csv,0,30,5.0,0.15,1000,85,370,150,False,True,True,150,30,150,0.25,0.10559006211180125,0.15,67.45848333835602,True,3,0.06101222429424524,0.00254056416451931,0.000643337145447731,0.0578283229842782,0.0016286978498101234,0.017182989977300167,0.052942706272006035,0.1327700442634523
tier_10k,1000,0_1438042988061.16_20150728002308-00322-ip-10-236-191-2_739065442_3.csv,0,30,10.0,0.15,1000,85,370,300,False,True,True,300,30,300,0.25,0.04433760683760684,0.1504424778761062,67.74965023994446,True,3,0.06101222429424524,0.00254056416451931,0.000643337145447731,0.0578283229842782,0.0010789958760142326,0.02543605025857687,0.10531712882220745,0.19284695526584983
tier_10k,1000,0_1438042988061.16_20150728002308-00322-ip-10-236-191-2_739065442_3.csv,0,30,15.0,0.15,1000,85,370,450,True,True,True,370,30,370,0.25,0.01419505678022712,0.1504424778761062,67.74965023994446,False,0,0.06101222429424524,0.00254056416451931,0.000643337145447731,0.0578283229842782,4.3618958443403244e-05,0.03255701018497348,0.6098560066893697,0.7034717984497547
tier_10k,1000,0_1438042988061.16_20150728002308-00322-ip-10-236-191-2_739065442_3.csv,0,30,20.0,0.15,1000,85,370,600,True,True,True,370,30,370,0.25,0.01419505678022712,0.1504424778761062,67.74965023994446,False,0,0.06101222429424524,0.00254056416451931,0.000643337145447731,0.0578283229842782,5.5106356739997864e-05,0.035421429201960564,0.6058304482139647,0.702322390396148
tier_10k,1000,0_1438042988061.16_20150728002308-00322-ip-10-236-191-2_739065442_3.csv,0,40,5.0,0.15,1000,85,370,200,False,True,True,200,40,200,0.25,0.07700770077007701,0.1506849315068493,89.1536455154419,True,4,0.06101222429424524,0.00254056416451931,0.000643337145447731,0.0578283229842782,0.0016366466879844666,0.020949440076947212,0.009354738052934408,0.0929561504162848
tier_10k,1000,0_1438042988061.16_20150728002308-00322-ip-10-236-191-2_739065442_3.csv,0,40,10.0,0.15,1000,85,370,400,True,True,True,370,40,370,0.25,0.01419505678022712,0.1503267973856209,89.35552686452866,False,0,0.06101222429424524,0.00254056416451931,0.000643337145447731,0.0578283229842782,3.8189347833395004e-05,0.031000066082924604,0.006662868894636631,0.0987156773917377
tier_10k,1000,0_1438042988061.16_20150728002308-00322-ip-10-236-191-2_739065442_3.csv,0,40,15.0,0.15,1000,85,370,600,True,True,True,370,40,370,0.25,0.01419505678022712,0.1503267973856209,89.35552686452866,False,0,0.06101222429424524,0.00254056416451931,0.000643337145447731,0.0578283229842782,3.3779069781303406e-05,0.030839697923511267,0.006585367023944855,0.09847330115735531
tier_10k,1000,0_1438042988061.16_20150728002308-00322-ip-10-236-191-2_739065442_3.csv,0,40,20.0,0.15,1000,85,370,800,True,True,True,370,40,370,0.25,0.01419505678022712,0.1503267973856209,89.35552686452866,False,0,0.06101222429424524,0.00254056416451931,0.000643337145447731,0.0578283229842782,3.107311204075813e-05,0.030672309920191765,0.007239604368805885,0.09895717352628708
tier_10k,1000,0_1438042988061.16_20150728002308-00322-ip-10-236-191-2_739065442_3.csv,0,50,5.0,0.15,1000,85,370,250,False,True,True,250,50,250,0.25,0.05864432597105865,0.15053763440860216,110.5111785531044,True,3,0.06101222429424524,0.00254056416451931,0.000643337145447731,0.0578283229842782,0.0010204818099737167,0.02132330508902669,0.009465943090617657,0.09282405022531748
tier_10k,1000,0_1438042988061.16_20150728002308-00322-ip-10-236-191-2_739065442_3.csv,0,50,10.0,0.15,1000,85,370,500,True,True,True,370,50,370,0.25,0.01419505678022712,0.15053763440860216,110.5111785531044,False,0,0.06101222429424524,0.00254056416451931,0.000643337145447731,0.0578283229842782,3.2224226742982864e-05,0.030890970956534147,0.046658684965223074,0.13859626045450568
tier_10k,1000,0_1438042988061.16_20150728002308-00322-ip-10-236-191-2_739065442_3.csv,0,50,15.0,0.15,1000,85,370,750,True,True,True,370,50,370,0.25,0.01419505678022712,0.15053763440860216,110.5111785531044,False,0,0.06101222429424524,0.00254056416451931,0.000643337145447731,0.0578283229842782,3.541586920619011e-05,0.030803952366113663,0.04581813933327794,0.137672268319875
tier_10k,1000,0_1438042988061.16_20150728002308-00322-ip-10-236-191-2_739065442_3.csv,0,50,20.0,0.15,1000,85,370,1000,True,True,True,370,50,370,0.25,0.01419505678022712,0.15053763440860216,110.5111785531044,False,0,0.06101222429424524,0.00254056416451931,0.000643337145447731,0.0578283229842782,3.3793970942497253e-05,0.030805991031229496,0.04906431399285793,0.14091891516000032
tier_10k,1000,1_1438042987127.36_20150728002307-00145-ip-10-236-191-2_499439925_0.csv,2,10,5.0,0.15,1000,3,130,50,False,False,False,50,0,50,0.09523809523809523,0.011869436201780416,,,True,2,0.023021525237709284,0.0017771790735423565,0.00044705718755722046,0.020797288976609707,0.00026922719553112984,0.0169961079955101,0.001706315204501152,0.0419953721575439
tier_10k,1000,1_1438042987127.36_20150728002307-00145-ip-10-236-191-2_499439925_0.csv,2,10,10.0,0.15,1000,3,130,100,False,False,False,100,0,100,0.09523809523809523,0.004081632653061225,,,True,2,0.023021525237709284,0.0017771790735423565,0.00044705718755722046,0.020797288976609707,0.0002848198637366295,0.029358703177422285,0.0020157909020781517,0.05468299426138401
tier_10k,1000,1_1438042987127.36_20150728002307-00145-ip-10-236-191-2_499439925_0.csv,2,10,15.0,0.15,1000,3,130,150,True,False,False,130,0,130,0.09523809523809523,0.001610305958132045,,,False,0,0.023021525237709284,0.0017771790735423565,0.00044705718755722046,0.020797288976609707,1.8130987882614136e-05,0.034663131926208735,0.0016556186601519585,0.059360167011618614
tier_10k,1000,1_1438042987127.36_20150728002307-00145-ip-10-236-191-2_499439925_0.csv,2,10,20.0,0.15,1000,3,130,200,True,False,False,130,0,130,0.09523809523809523,0.001610305958132045,,,False,0,0.023021525237709284,0.0017771790735423565,0.00044705718755722046,0.020797288976609707,1.676473766565323e-05,0.034383674152195454,0.0015100911259651184,0.05893387133255601
tier_10k,1000,1_1438042987127.36_20150728002307-00145-ip-10-236-191-2_499439925_0.csv,2,20,5.0,0.15,1000,3,130,100,False,False,False,100,0,100,0.09523809523809523,0.004081632653061225,,,True,2,0.023021525237709284,0.0017771790735423565,0.00044705718755722046,0.020797288976609707,0.00028697727248072624,0.02876666933298111,0.001336902379989624,0.053413952235132456
tier_10k,1000,1_1438042987127.36_20150728002307-00145-ip-10-236-191-2_499439925_0.csv,2,20,10.0,0.15,1000,3,130,200,True,False,False,130,0,130,0.09523809523809523,0.001610305958132045,,,False,0,0.023021525237709284,0.0017771790735423565,0.00044705718755722046,0.020797288976609707,1.5294644981622696e-05,0.034688818734139204,0.001412786077708006,0.05914018163457513
tier_10k,1000,1_1438042987127.36_20150728002307-00145-ip-10-236-191-2_499439925_0.csv,2,20,15.0,0.15,1000,3,130,300,True,False,False,130,0,130,0.09523809523809523,0.001610305958132045,,,False,0,0.023021525237709284,0.0017771790735423565,0.00044705718755722046,0.020797288976609707,1.57100148499012e-05,0.03451459389179945,0.0015863548032939434,0.05914008617401123
tier_10k,1000,1_1438042987127.36_20150728002307-00145-ip-10-236-191-2_499439925_0.csv,2,20,20.0,0.15,1000,3,130,400,True,False,False,130,0,130,0.09523809523809523,0.001610305958132045,,,False,0,0.023021525237709284,0.0017771790735423565,0.00044705718755722046,0.020797288976609707,1.6272999346256256e-05,0.03433338273316622,0.0015123933553695679,0.05888529634103179
tier_10k,1000,1_1438042987127.36_20150728002307-00145-ip-10-236-191-2_499439925_0.csv,2,30,5.0,0.15,1000,3,130,150,True,False,False,130,0,130,0.09523809523809523,0.001610305958132045,,,False,0,0.023021525237709284,0.0017771790735423565,0.00044705718755722046,0.020797288976609707,1.5038065612316132e-05,0.03474297793582082,0.0016513620503246784,0.059432830195873976
tier_10k,1000,1_1438042987127.36_20150728002307-00145-ip-10-236-191-2_499439925_0.csv,2,30,10.0,0.15,1000,3,130,300,True,False,False,130,0,130,0.09523809523809523,0.001610305958132045,,,False,0,0.023021525237709284,0.0017771790735423565,0.00044705718755722046,0.020797288976609707,1.5437137335538864e-05,0.03458891902118921,0.0015245918184518814,0.059152329340577126
tier_10k,1000,1_1438042987127.36_20150728002307-00145-ip-10-236-191-2_499439925_0.csv,2,30,15.0,0.15,1000,3,130,450,True,False,False,130,0,130,0.09523809523809523,0.001610305958132045,,,False,0,0.023021525237709284,0.0017771790735423565,0.00044705718755722046,0.020797288976609707,1.6365665942430496e-05,0.034515527077019215,0.0014844201505184174,0.05903967749327421
tier_10k,1000,1_1438042987127.36_20150728002307-00145-ip-10-236-191-2_499439925_0.csv,2,30,20.0,0.15,1000,3,130,600,True,False,False,130,0,130,0.09523809523809523,0.001610305958132045,,,False,0,0.023021525237709284,0.0017771790735423565,0.00044705718755722046,0.020797288976609707,1.531839370727539e-05,0.03434405801817775,0.0015812898054718971,0.05896410718560219
tier_10k,1000,1_1438042987127.36_20150728002307-00145-ip-10-236-191-2_499439925_0.csv,2,40,5.0,0.15,1000,3,130,200,True,False,False,130,0,130,0.09523809523809523,0.001610305958132045,,,False,0,0.023021525237709284,0.0017771790735423565,0.00044705718755722046,0.020797288976609707,1.5428289771080017e-05,0.03438528534024954,0.0014790697023272514,0.058903112541884184
tier_10k,1000,1_1438042987127.36_20150728002307-00145-ip-10-236-191-2_499439925_0.csv,2,40,10.0,0.15,1000,3,130,400,True,False,False,130,0,130,0.09523809523809523,0.001610305958132045,,,False,0,0.023021525237709284,0.0017771790735423565,0.00044705718755722046,0.020797288976609707,1.5066936612129211e-05,0.03435944300144911,0.0015648049302399158,0.058962780982255936
tier_10k,1000,1_1438042987127.36_20150728002307-00145-ip-10-236-191-2_499439925_0.csv,2,40,15.0,0.15,1000,3,130,600,True,False,False,130,0,130,0.09523809523809523,0.001610305958132045,,,False,0,0.023021525237709284,0.0017771790735423565,0.00044705718755722046,0.020797288976609707,1.5192199498414993e-05,0.03461533226072788,0.001493087038397789,0.059146969113498926
tier_10k,1000,1_1438042987127.36_20150728002307-00145-ip-10-236-191-2_499439925_0.csv,2,40,20.0,0.15,1000,3,130,800,True,False,False,130,0,130,0.09523809523809523,0.001610305958132045,,,False,0,0.023021525237709284,0.0017771790735423565,0.00044705718755722046,0.020797288976609707,1.534121111035347e-05,0.034286090172827244,0.0013957940973341465,0.058720766101032495
tier_10k,1000,1_1438042987127.36_20150728002307-00145-ip-10-236-191-2_499439925_0.csv,2,50,5.0,0.15,1000,3,130,250,True,False,False,130,0,130,0.09523809523809523,0.001610305958132045,,,False,0,0.023021525237709284,0.0017771790735423565,0.00044705718755722046,0.020797288976609707,1.5615951269865036e-05,0.03467853134498,0.0020275930874049664,0.05974503047764301
tier_10k,1000,1_1438042987127.36_20150728002307-00145-ip-10-236-191-2_499439925_0.csv,2,50,10.0,0.15,1000,3,130,500,True,False,False,130,0,130,0.09523809523809523,0.001610305958132045,,,False,0,0.023021525237709284,0.0017771790735423565,0.00044705718755722046,0.020797288976609707,1.5200115740299225e-05,0.034305278211832047,0.0015736292116343975,0.058917549438774586
tier_10k,1000,1_1438042987127.36_20150728002307-00145-ip-10-236-191-2_499439925_0.csv,2,50,15.0,0.15,1000,3,130,750,True,False,False,130,0,130,0.09523809523809523,0.001610305958132045,,,False,0,0.023021525237709284,0.0017771790735423565,0.00044705718755722046,0.020797288976609707,1.5268102288246155e-05,0.03447149787098169,0.0015075658448040485,0.05901766708120704
tier_10k,1000,1_1438042987127.36_20150728002307-00145-ip-10-236-191-2_499439925_0.csv,2,50,20.0,0.15,1000,3,130,1000,True,False,False,130,0,130,0.09523809523809523,0.001610305958132045,,,False,0,0.023021525237709284,0.0017771790735423565,0.00044705718755722046,0.020797288976609707,1.5344936400651932e-05,0.03442523209378123,0.0014462671242654324,0.05891029117628932
tier_10k,1000,1_1438042990112.50_20150728002310-00013-ip-10-236-191-2_321346784_4.csv,1,10,5.0,0.15,1000,14,252,50,False,True,True,50,10,50,0.3333333333333333,0.05,0.1875,28.325675785541534,True,2,0.040014558006078005,0.0017378409393131733,0.0005537997931241989,0.03772291727364063,0.0004513184539973736,0.005127075128257275,0.004126712679862976,0.049721854738891125
tier_10k,1000,1_1438042990112.50_20150728002310-00013-ip-10-236-191-2_321346784_4.csv,1,10,10.0,0.15,1000,14,252,100,False,True,True,100,10,100,0.3333333333333333,0.02040816326530612,0.16216216216216217,29.703278481960297,True,2,0.040014558006078005,0.0017378409393131733,0.0005537997931241989,0.03772291727364063,0.0008167200721800327,0.01072085415944457,0.0035438011400401592,0.055098464246839285
tier_10k,1000,1_1438042990112.50_20150728002310-00013-ip-10-236-191-2_321346784_4.csv,1,10,15.0,0.15,1000,14,252,150,False,True,True,150,10,150,0.3333333333333333,0.011857707509881422,0.15789473684210525,29.717706322669983,True,2,0.040014558006078005,0.0017378409393131733,0.0005537997931241989,0.03772291727364063,0.0008540232665836811,0.015580553095787764,0.00448744697496295,0.06093938509002328
tier_10k,1000,1_1438042990112.50_20150728002310-00013-ip-10-236-191-2_321346784_4.csv,1,10,20.0,0.15,1000,14,252,200,False,True,True,200,10,200,0.3333333333333333,0.007936507936507936,0.15789473684210525,29.717706322669983,True,2,0.040014558006078005,0.0017378409393131733,0.0005537997931241989,0.03772291727364063,0.000861890148371458,0.018798786215484142,0.004958245903253555,0.06463590590283275
tier_10k,1000,1_1438042990112.50_20150728002310-00013-ip-10-236-191-2_321346784_4.csv,1,20,5.0,0.15,1000,14,252,100,False,False,False,100,0,100,0.3333333333333333,0.02040816326530612,,,True,2,0.040014558006078005,0.0017378409393131733,0.0005537997931241989,0.03772291727364063,0.0007988717406988144,0.010995361022651196,0.0012567532248795033,0.05306782620027661
tier_10k,1000,1_1438042990112.50_20150728002310-00013-ip-10-236-191-2_321346784_4.csv,1,20,10.0,0.15,1000,14,252,200,False,False,False,200,0,200,0.3333333333333333,0.007936507936507936,,,True,2,0.040014558006078005,0.0017378409393131733,0.0005537997931241989,0.03772291727364063,0.0005400711670517921,0.01763523370027542,0.001673055812716484,0.05986477294936776
tier_10k,1000,1_1438042990112.50_20150728002310-00013-ip-10-236-191-2_321346784_4.csv,1,20,15.0,0.15,1000,14,252,300,True,False,False,252,0,252,0.3333333333333333,0.0055147058823529415,,,False,0,0.040014558006078005,0.0017378409393131733,0.0005537997931241989,0.03772291727364063,2.4002045392990112e-05,0.021991982124745846,0.001913934014737606,0.06394632486626506
tier_10k,1000,1_1438042990112.50_20150728002310-00013-ip-10-236-191-2_321346784_4.csv,1,20,20.0,0.15,1000,14,252,400,True,False,False,252,0,252,0.3333333333333333,0.0055147058823529415,,,False,0,0.040014558006078005,0.0017378409393131733,0.0005537997931241989,0.03772291727364063,2.3385975509881973e-05,0.021705713123083115,0.0016391389071941376,0.06338467868044972
tier_10k,1000,1_1438042990112.50_20150728002310-00013-ip-10-236-191-2_321346784_4.csv,1,30,5.0,0.15,1000,14,252,150,False,False,False,150,0,150,0.3333333333333333,0.011857707509881422,,,True,2,0.040014558006078005,0.0017378409393131733,0.0005537997931241989,0.03772291727364063,0.0005267877131700516,0.013368180021643639,0.00156407430768013,0.05547526525333524
tier_10k,1000,1_1438042990112.50_20150728002310-00013-ip-10-236-191-2_321346784_4.csv,1,30,10.0,0.15,1000,14,252,300,True,False,False,252,0,252,0.3333333333333333,0.0055147058823529415,,,False,0,0.040014558006078005,0.0017378409393131733,0.0005537997931241989,0.03772291727364063,2.357596531510353e-05,0.021724332123994827,0.0017303512431681156,0.06349474331364036
tier_10k,1000,1_1438042990112.50_20150728002310-00013-ip-10-236-191-2_321346784_4.csv,1,30,15.0,0.15,1000,14,252,450,True,False,False,252,0,252,0.3333333333333333,0.0055147058823529415,,,False,0,0.040014558006078005,0.0017378409393131733,0.0005537997931241989,0.03772291727364063,2.324627712368965e-05,0.021950998809188604,0.0017062039114534855,0.06369678769260645
tier_10k,1000,1_1438042990112.50_20150728002310-00013-ip-10-236-191-2_321346784_4.csv,1,30,20.0,0.15,1000,14,252,600,True,False,False,252,0,252,0.3333333333333333,0.0055147058823529415,,,False,0,0.040014558006078005,0.0017378409393131733,0.0005537997931241989,0.03772291727364063,2.512102946639061e-05,0.02166287275031209,0.0017529088072478771,0.06345739774405956
tier_10k,1000,1_1438042990112.50_20150728002310-00013-ip-10-236-191-2_321346784_4.csv,1,40,5.0,0.15,1000,14,252,200,False,False,False,200,0,200,0.3333333333333333,0.007936507936507936,,,True,2,0.040014558006078005,0.0017378409393131733,0.0005537997931241989,0.03772291727364063,0.0005633840337395668,0.017473538871854544,0.0016122586093842983,0.05966555327177048
tier_10k,1000,1_1438042990112.50_20150728002310-00013-ip-10-236-191-2_321346784_4.csv,1,40,10.0,0.15,1000,14,252,400,True,False,False,252,0,252,0.3333333333333333,0.0055147058823529415,,,False,0,0.040014558006078005,0.0017378409393131733,0.0005537997931241989,0.03772291727364063,2.395128831267357e-05,0.02218998922035098,0.0016295677050948143,0.06386004434898496
tier_10k,1000,1_1438042990112.50_20150728002310-00013-ip-10-236-191-2_321346784_4.csv,1,40,15.0,0.15,1000,14,252,600,True,False,False,252,0,252,0.3333333333333333,0.0055147058823529415,,,False,0,0.040014558006078005,0.0017378409393131733,0.0005537997931241989,0.03772291727364063,2.3430678993463516e-05,0.021846733056008816,0.0015988340601325035,0.06348553812131286
tier_10k,1000,1_1438042990112.50_20150728002310-00013-ip-10-236-191-2_321346784_4.csv,1,40,20.0,0.15,1000,14,252,800,True,False,False,252,0,252,0.3333333333333333,0.0055147058823529415,,,False,0,0.040014558006078005,0.0017378409393131733,0.0005537997931241989,0.03772291727364063,2.3594126105308533e-05,0.021775975357741117,0.001645039301365614,0.06346106482669711
tier_10k,1000,1_1438042990112.50_20150728002310-00013-ip-10-236-191-2_321346784_4.csv,1,50,5.0,0.15,1000,14,252,250,False,False,False,250,0,250,0.3333333333333333,0.005649717514124294,,,True,2,0.040014558006078005,0.0017378409393131733,0.0005537997931241989,0.03772291727364063,0.00058699119836092,0.021439447067677975,0.0020298720337450504,0.06407265597954392
tier_10k,1000,1_1438042990112.50_20150728002310-00013-ip-10-236-191-2_321346784_4.csv,1,50,10.0,0.15,1000,14,252,500,True,False,False,252,0,252,0.3333333333333333,0.0055147058823529415,,,False,0,0.040014558006078005,0.0017378409393131733,0.0005537997931241989,0.03772291727364063,2.364208921790123e-05,0.021579704713076353,0.0016211098991334438,0.06324109388515353
tier_10k,1000,1_1438042990112.50_20150728002310-00013-ip-10-236-191-2_321346784_4.csv,1,50,15.0,0.15,1000,14,252,750,True,False,False,252,0,252,0.3333333333333333,0.0055147058823529415,,,False,0,0.040014558006078005,0.0017378409393131733,0.0005537997931241989,0.03772291727364063,2.4940818548202515e-05,0.021720923017710447,0.0015864809975028038,0.06334873288869858
tier_10k,1000,1_1438042990112.50_20150728002310-00013-ip-10-236-191-2_321346784_4.csv,1,50,20.0,0.15,1000,14,252,1000,True,False,False,252,0,252,0.3333333333333333,0.0055147058823529415,,,False,0,0.040014558006078005,0.0017378409393131733,0.0005537997931241989,0.03772291727364063,2.346467226743698e-05,0.02158360928297043,0.0015335972420871258,0.06315712304785848
tier_10k,1000,0_1438042988061.16_20150728002308-00143-ip-10-236-191-2_392191488_0.csv,0,10,5.0,0.15,1000,23,401,50,False,True,True,50,10,50,0.06060606060606061,0.12025316455696203,0.16071428571428573,25.123879432678223,True,3,0.06491579115390778,0.0022681872360408306,0.000620194710791111,0.062027409207075834,0.0009228456765413284,0.0061066909693181515,0.0062571377493441105,0.0782048050314188
tier_10k,1000,0_1438042988061.16_20150728002308-00143-ip-10-236-191-2_392191488_0.csv,0,10,10.0,0.15,1000,23,401,100,False,True,True,100,10,100,0.06060606060606061,0.06199460916442048,0.15,25.437875986099243,True,3,0.06491579115390778,0.0022681872360408306,0.000620194710791111,0.062027409207075834,0.0016266689635813236,0.013383731711655855,0.005759529769420624,0.08568831719458103
tier_10k,1000,0_1438042988061.16_20150728002308-00143-ip-10-236-191-2_392191488_0.csv,0,10,15.0,0.15,1000,23,401,150,False,True,True,150,10,150,0.06060606060606061,0.038880248833592534,0.15,25.488286793231964,True,3,0.06491579115390778,0.0022681872360408306,0.000620194710791111,0.062027409207075834,0.001667642965912819,0.015459205955266953,0.012500026263296604,0.09454549802467227
tier_10k,1000,0_1438042988061.16_20150728002308-00143-ip-10-236-191-2_392191488_0.csv,0,10,20.0,0.15,1000,23,401,200,False,True,True,200,10,200,0.06060606060606061,0.026785714285714284,0.15,25.488286793231964,True,2,0.06491579115390778,0.0022681872360408306,0.000620194710791111,0.062027409207075834,0.001298846211284399,0.023044927045702934,0.010364891029894352,0.09962709387764335
tier_10k,1000,0_1438042988061.16_20150728002308-00143-ip-10-236-191-2_392191488_0.csv,0,20,5.0,0.15,1000,23,401,100,False,True,True,100,20,100,0.06060606060606061,0.06199460916442048,0.15,51.335035353899,True,3,0.06491579115390778,0.0022681872360408306,0.000620194710791111,0.062027409207075834,0.0016104057431221008,0.011183323338627815,0.005009725224226713,0.08272194489836693
tier_10k,1000,0_1438042988061.16_20150728002308-00143-ip-10-236-191-2_392191488_0.csv,0,20,10.0,0.15,1000,23,401,200,False,True,True,200,20,200,0.06060606060606061,0.026785714285714284,0.15,51.335035353899,True,2,0.06491579115390778,0.0022681872360408306,0.000620194710791111,0.062027409207075834,0.0013087871484458447,0.020787635818123817,0.006626646965742111,0.09364154515787959
tier_10k,1000,0_1438042988061.16_20150728002308-00143-ip-10-236-191-2_392191488_0.csv,0,20,15.0,0.15,1000,23,401,300,False,True,True,300,20,300,0.06060606060606061,0.014642082429501085,0.15,51.335035353899,True,2,0.06491579115390778,0.0022681872360408306,0.000620194710791111,0.062027409207075834,0.0013801041059195995,0.030197350773960352,0.007773044053465128,0.10426916694268584
tier_10k,1000,0_1438042988061.16_20150728002308-00143-ip-10-236-191-2_392191488_0.csv,0,20,20.0,0.15,1000,23,401,400,False,True,True,400,20,400,0.06060606060606061,0.004725236261813091,0.15,51.335035353899,True,2,0.06491579115390778,0.0022681872360408306,0.000620194710791111,0.062027409207075834,0.0014620269648730755,0.038400940131396055,0.009629252832382917,0.11441055312752724
tier_10k,1000,0_1438042988061.16_20150728002308-00143-ip-10-236-191-2_392191488_0.csv,0,30,5.0,0.15,1000,23,401,150,False,True,True,150,30,150,0.06060606060606061,0.038880248833592534,0.15,76.69179686903954,True,3,0.06491579115390778,0.0022681872360408306,0.000620194710791111,0.062027409207075834,0.001678552944213152,0.01650068908929825,0.005784884095191956,0.08888260088860989
tier_10k,1000,0_1438042988061.16_20150728002308-00143-ip-10-236-191-2_392191488_0.csv,0,30,10.0,0.15,1000,23,401,300,False,True,True,300,30,300,0.06060606060606061,0.014642082429501085,0.15,76.69179686903954,True,2,0.06491579115390778,0.0022681872360408306,0.000620194710791111,0.062027409207075834,0.0013875719159841537,0.03085407894104719,0.006880481261759996,0.10404078522697091
tier_10k,1000,0_1438042988061.16_20150728002308-00143-ip-10-236-191-2_392191488_0.csv,0,30,15.0,0.15,1000,23,401,450,True,True,True,401,30,401,0.06060606060606061,0.004407443682664055,0.15,76.69179686903954,False,0,0.06491579115390778,0.0022681872360408306,0.000620194710791111,0.062027409207075834,5.4051633924245834e-05,0.038718876894563437,0.008689435664564371,0.11238083243370056
tier_10k,1000,0_1438042988061.16_20150728002308-00143-ip-10-236-191-2_392191488_0.csv,0,30,20.0,0.15,1000,23,401,600,True,True,True,401,30,401,0.06060606060606061,0.004407443682664055,0.15,76.69179686903954,False,0,0.06491579115390778,0.0022681872360408306,0.000620194710791111,0.062027409207075834,5.412101745605469e-05,0.04025796614587307,0.009404103737324476,0.11463486403226852
tier_10k,1000,0_1438042988061.16_20150728002308-00143-ip-10-236-191-2_392191488_0.csv,0,40,5.0,0.15,1000,23,401,200,False,False,False,200,0,200,0.06060606060606061,0.026785714285714284,,,True,2,0.06491579115390778,0.0022681872360408306,0.000620194710791111,0.062027409207075834,0.0013536377809941769,0.022310325875878334,0.0014539980329573154,0.0900364713743329
tier_10k,1000,0_1438042988061.16_20150728002308-00143-ip-10-236-191-2_392191488_0.csv,0,40,10.0,0.15,1000,23,401,400,False,False,False,400,0,400,0.06060606060606061,0.004725236261813091,,,True,2,0.06491579115390778,0.0022681872360408306,0.000620194710791111,0.062027409207075834,0.0009413659572601318,0.035531189758330584,0.0021297698840498924,0.1035203319042921
tier_10k,1000,0_1438042988061.16_20150728002308-00143-ip-10-236-191-2_392191488_0.csv,0,40,15.0,0.15,1000,23,401,600,True,False,False,401,0,401,0.06060606060606061,0.004407443682664055,,,False,0,0.06491579115390778,0.0022681872360408306,0.000620194710791111,0.062027409207075834,3.717420622706413e-05,0.03608085308223963,0.0021516657434403896,0.10318764392286539
tier_10k,1000,0_1438042988061.16_20150728002308-00143-ip-10-236-191-2_392191488_0.csv,0,40,20.0,0.15,1000,23,401,800,True,False,False,401,0,401,0.06060606060606061,0.004407443682664055,,,False,0,0.06491579115390778,0.0022681872360408306,0.000620194710791111,0.062027409207075834,3.568502143025398e-05,0.035652931313961744,0.0019098510965704918,0.10251614032313228
tier_10k,1000,0_1438042988061.16_20150728002308-00143-ip-10-236-191-2_392191488_0.csv,0,50,5.0,0.15,1000,23,401,250,False,False,False,250,0,250,0.06060606060606061,0.019438444924406047,,,True,2,0.06491579115390778,0.0022681872360408306,0.000620194710791111,0.062027409207075834,0.0008676936849951744,0.023452133405953646,0.0017990749329328537,0.09103659214451909
tier_10k,1000,0_1438042988061.16_20150728002308-00143-ip-10-236-191-2_392191488_0.csv,0,50,10.0,0.15,1000,23,401,500,True,False,False,401,0,401,0.06060606060606061,0.004407443682664055,,,False,0,0.06491579115390778,0.0022681872360408306,0.000620194710791111,0.062027409207075834,3.445195034146309e-05,0.03542620688676834,0.00199004914611578,0.10236833896487951
tier_10k,1000,0_1438042988061.16_20150728002308-00143-ip-10-236-191-2_392191488_0.csv,0,50,15.0,0.15,1000,23,401,750,True,False,False,401,0,401,0.06060606060606061,0.004407443682664055,,,False,0,0.06491579115390778,0.0022681872360408306,0.000620194710791111,0.062027409207075834,3.675511106848717e-05,0.035650049801915884,0.0018882029689848423,0.102492640260607
tier_10k,1000,0_1438042988061.16_20150728002308-00143-ip-10-236-191-2_392191488_0.csv,0,50,20.0,0.15,1000,23,401,1000,True,False,False,401,0,401,0.06060606060606061,0.004407443682664055,,,False,0,0.06491579115390778,0.0022681872360408306,0.000620194710791111,0.062027409207075834,4.608789458870888e-05,0.035358843859285116,0.002082080114632845,0.10240473644807935
tier_10k,1000,1_1438042987127.36_20150728002307-00040-ip-10-236-191-2_17801588_1.csv,2,10,5.0,0.15,1000,12,308,50,False,True,True,50,10,50,1.0,0.12605042016806722,0.18181818181818182,26.735490381717682,True,3,0.048130875919014215,0.002007194794714451,0.0005891630426049232,0.04553451808169484,0.000745479017496109,0.0043192217126488686,0.004225093871355057,0.05742303095757961
tier_10k,1000,1_1438042987127.36_20150728002307-00040-ip-10-236-191-2_17801588_1.csv,2,10,10.0,0.15,1000,12,308,100,False,True,True,100,10,100,1.0,0.0728744939271255,0.18181818181818182,26.999004125595093,True,3,0.048130875919014215,0.002007194794714451,0.0005891630426049232,0.04553451808169484,0.0013002590276300907,0.010140517260879278,0.004199631046503782,0.06377403065562248
tier_10k,1000,1_1438042987127.36_20150728002307-00040-ip-10-236-191-2_17801588_1.csv,2,10,15.0,0.15,1000,12,308,150,False,True,True,150,10,150,1.0,0.05191256830601093,0.18181818181818182,27.02986878156662,True,3,0.048130875919014215,0.002007194794714451,0.0005891630426049232,0.04553451808169484,0.0013199802488088608,0.013482789043337107,0.004467319697141647,0.0674036811105907
tier_10k,1000,1_1438042987127.36_20150728002307-00040-ip-10-236-191-2_17801588_1.csv,2,10,20.0,0.15,1000,12,308,200,False,True,True,200,10,200,1.0,0.04063604240282685,0.16666666666666666,27.20358842611313,True,2,0.048130875919014215,0.002007194794714451,0.0005891630426049232,0.04553451808169484,0.0010346891358494759,0.018093043006956577,0.005292373709380627,0.07255363697186112
tier_10k,1000,1_1438042987127.36_20150728002307-00040-ip-10-236-191-2_17801588_1.csv,2,20,5.0,0.15,1000,12,308,100,False,True,True,100,20,100,1.0,0.0728744939271255,0.2,52.298391222953796,True,3,0.048130875919014215,0.002007194794714451,0.0005891630426049232,0.04553451808169484,0.0012781210243701935,0.008926504291594028,0.005689755082130432,0.06402800977230072
tier_10k,1000,1_1438042987127.36_20150728002307-00040-ip-10-236-191-2_17801588_1.csv,2,20,10.0,0.15,1000,12,308,200,False,True,True,200,20,200,1.0,0.04063604240282685,0.19148936170212766,52.723177909851074,True,2,0.048130875919014215,0.002007194794714451,0.0005891630426049232,0.04553451808169484,0.0010272390209138393,0.019659894052892923,0.006785375997424126,0.07560616917908192
tier_10k,1000,1_1438042987127.36_20150728002307-00040-ip-10-236-191-2_17801588_1.csv,2,20,15.0,0.15,1000,12,308,300,False,True,True,300,20,300,1.0,0.024896265560165973,0.16666666666666666,52.991133630275726,True,2,0.048130875919014215,0.002007194794714451,0.0005891630426049232,0.04553451808169484,0.0010994980111718178,0.02630624920129776,0.0157984159886837,0.09133782098069787
tier_10k,1000,1_1438042987127.36_20150728002307-00040-ip-10-236-191-2_17801588_1.csv,2,20,20.0,0.15,1000,12,308,400,True,True,True,308,20,308,1.0,0.023391812865497075,0.15789473684210525,53.01083105802536,False,0,0.048130875919014215,0.002007194794714451,0.0005891630426049232,0.04553451808169484,4.216097295284271e-05,0.026564793195575476,0.024662186857312918,0.09940249798819423
tier_10k,1000,1_1438042987127.36_20150728002307-00040-ip-10-236-191-2_17801588_1.csv,2,30,5.0,0.15,1000,12,308,150,False,True,True,150,30,150,1.0,0.05191256830601093,0.15151515151515152,78.33547568321228,True,3,0.048130875919014215,0.002007194794714451,0.0005891630426049232,0.04553451808169484,0.0007896842435002327,0.012243751902133226,0.00520991301164031,0.06637643603608012
tier_10k,1000,1_1438042987127.36_20150728002307-00040-ip-10-236-191-2_17801588_1.csv,2,30,10.0,0.15,1000,12,308,300,False,True,True,300,30,300,1.0,0.024896265560165973,0.1506849315068493,78.63634544610977,True,2,0.048130875919014215,0.002007194794714451,0.0005891630426049232,0.04553451808169484,0.0011027539148926735,0.024758439976722002,0.02054205909371376,0.09453679714351892
tier_10k,1000,1_1438042987127.36_20150728002307-00040-ip-10-236-191-2_17801588_1.csv,2,30,15.0,0.15,1000,12,308,450,True,True,True,308,30,308,1.0,0.023391812865497075,0.1506849315068493,78.63634544610977,False,0,0.048130875919014215,0.002007194794714451,0.0005891630426049232,0.04553451808169484,2.6723835617303848e-05,0.02409415692090988,0.02782896114513278,0.10008319281041622
tier_10k,1000,1_1438042987127.36_20150728002307-00040-ip-10-236-191-2_17801588_1.csv,2,30,20.0,0.15,1000,12,308,600,True,True,True,308,30,308,1.0,0.023391812865497075,0.1506849315068493,78.63634544610977,False,0,0.048130875919014215,0.002007194794714451,0.0005891630426049232,0.04553451808169484,4.4127460569143295e-05,0.026157258078455925,0.027450844179838896,0.10178600903600454
tier_10k,1000,1_1438042987127.36_20150728002307-00040-ip-10-236-191-2_17801588_1.csv,2,40,5.0,0.15,1000,12,308,200,False,True,True,200,40,200,1.0,0.04063604240282685,0.15,100.79402887821198,True,2,0.048130875919014215,0.002007194794714451,0.0005891630426049232,0.04553451808169484,0.0006961068138480186,0.016162353102117777,0.008132066112011671,0.07312405481934547
tier_10k,1000,1_1438042987127.36_20150728002307-00040-ip-10-236-191-2_17801588_1.csv,2,40,10.0,0.15,1000,12,308,400,True,True,True,308,40,308,1.0,0.023391812865497075,0.15,100.86567860841751,False,0,0.048130875919014215,0.002007194794714451,0.0005891630426049232,0.04553451808169484,4.3369829654693604e-05,0.026682650204747915,0.011765790171921253,0.08662526402622461
tier_10k,1000,1_1438042987127.36_20150728002307-00040-ip-10-236-191-2_17801588_1.csv,2,40,15.0,0.15,1000,12,308,600,True,True,True,308,40,308,1.0,0.023391812865497075,0.15,100.86567860841751,False,0,0.048130875919014215,0.002007194794714451,0.0005891630426049232,0.04553451808169484,4.2440835386514664e-05,0.02492617955431342,0.009582047816365957,0.08268472691997886
tier_10k,1000,1_1438042987127.36_20150728002307-00040-ip-10-236-191-2_17801588_1.csv,2,40,20.0,0.15,1000,12,308,800,True,True,True,308,40,308,1.0,0.023391812865497075,0.15,100.86567860841751,False,0,0.048130875919014215,0.002007194794714451,0.0005891630426049232,0.04553451808169484,4.1869934648275375e-05,0.02666514227166772,0.009897405281662941,0.08473803522065282
tier_10k,1000,1_1438042987127.36_20150728002307-00040-ip-10-236-191-2_17801588_1.csv,2,50,5.0,0.15,1000,12,308,250,False,False,False,250,0,250,1.0,0.03212290502793296,,,True,3,0.048130875919014215,0.002007194794714451,0.0005891630426049232,0.04553451808169484,0.0014365878887474537,0.020786726381629705,0.00139956409111619,0.0717561705969274
tier_10k,1000,1_1438042987127.36_20150728002307-00040-ip-10-236-191-2_17801588_1.csv,2,50,10.0,0.15,1000,12,308,500,True,False,False,308,0,308,1.0,0.023391812865497075,,,False,0,0.048130875919014215,0.002007194794714451,0.0005891630426049232,0.04553451808169484,2.8127804398536682e-05,0.023835903964936733,0.0018681082874536514,0.07386475382372737
tier_10k,1000,1_1438042987127.36_20150728002307-00040-ip-10-236-191-2_17801588_1.csv,2,50,15.0,0.15,1000,12,308,750,True,False,False,308,0,308,1.0,0.023391812865497075,,,False,0,0.048130875919014215,0.002007194794714451,0.0005891630426049232,0.04553451808169484,2.807285636663437e-05,0.021489643026143312,0.0014717341400682926,0.07112210197374225
tier_10k,1000,1_1438042987127.36_20150728002307-00040-ip-10-236-191-2_17801588_1.csv,2,50,20.0,0.15,1000,12,308,1000,True,False,False,308,0,308,1.0,0.023391812865497075,,,False,0,0.048130875919014215,0.002007194794714451,0.0005891630426049232,0.04553451808169484,2.2314954549074173e-05,0.01720581715926528,0.0013586580753326416,0.06671910779550672
tier_10k,1000,1_1438042987127.36_20150728002307-00050-ip-10-236-191-2_732552166_0.csv,0,10,5.0,0.15,1000,1,403,50,False,True,True,50,10,50,1.0,0.0392156862745098,0.18181818181818182,18.417613089084625,True,2,0.045068211387842894,0.0017374823801219463,0.0006284201517701149,0.04270230885595083,0.0005989717319607735,0.0022486825473606586,0.003025568090379238,0.05094359954819083
tier_10k,1000,1_1438042987127.36_20150728002307-00050-ip-10-236-191-2_732552166_0.csv,0,10,10.0,0.15,1000,1,403,100,False,True,True,100,10,100,1.0,0.019801980198019802,0.18181818181818182,18.654648661613464,True,2,0.045068211387842894,0.0017374823801219463,0.0006284201517701149,0.04270230885595083,0.0010383110493421555,0.007686194963753223,0.003688001073896885,0.05748299043625593
tier_10k,1000,1_1438042987127.36_20150728002307-00050-ip-10-236-191-2_732552166_0.csv,0,10,15.0,0.15,1000,1,403,150,False,True,True,150,10,150,1.0,0.013245033112582781,0.18181818181818182,18.74881911277771,True,2,0.045068211387842894,0.0017374823801219463,0.0006284201517701149,0.04270230885595083,0.001039154827594757,0.009096696972846985,0.0034224106930196285,0.058628767263144255
tier_10k,1000,1_1438042987127.36_20150728002307-00050-ip-10-236-191-2_732552166_0.csv,0,10,20.0,0.15,1000,1,403,200,False,True,True,200,10,200,1.0,0.009216589861751152,0.15384615384615385,18.828069388866425,True,2,0.045068211387842894,0.0017374823801219463,0.0006284201517701149,0.04270230885595083,0.001070345751941204,0.011427652090787888,0.0051519558764994144,0.06272034859284759
tier_10k,1000,1_1438042987127.36_20150728002307-00050-ip-10-236-191-2_732552166_0.csv,0,20,5.0,0.15,1000,1,403,100,False,False,False,100,0,100,1.0,0.019801980198019802,,,True,2,0.045068211387842894,0.0017374823801219463,0.0006284201517701149,0.04270230885595083,0.0010164589621126652,0.006261750124394894,0.0007957587949931622,0.05314415041357279
tier_10k,1000,1_1438042987127.36_20150728002307-00050-ip-10-236-191-2_732552166_0.csv,0,20,10.0,0.15,1000,1,403,200,False,False,False,200,0,200,1.0,0.009216589861751152,,,True,2,0.045068211387842894,0.0017374823801219463,0.0006284201517701149,0.04270230885595083,0.0006465120241045952,0.007921674754470587,0.0010409969836473465,0.05467877723276615
tier_10k,1000,1_1438042987127.36_20150728002307-00050-ip-10-236-191-2_732552166_0.csv,0,20,15.0,0.15,1000,1,403,300,False,False,False,300,0,300,1.0,0.0053475935828877,,,True,2,0.045068211387842894,0.0017374823801219463,0.0006284201517701149,0.04270230885595083,0.0006202878430485725,0.010692710988223553,0.0012232442386448383,0.05760591523721814
tier_10k,1000,1_1438042987127.36_20150728002307-00050-ip-10-236-191-2_732552166_0.csv,0,20,20.0,0.15,1000,1,403,400,False,False,False,400,0,400,1.0,0.003228410008071025,,,True,2,0.045068211387842894,0.0017374823801219463,0.0006284201517701149,0.04270230885595083,0.0006513549014925957,0.014895633328706026,0.0014525358565151691,0.06206912826746702
tier_10k,1000,1_1438042987127.36_20150728002307-00050-ip-10-236-191-2_732552166_0.csv,0,30,5.0,0.15,1000,1,403,150,False,False,False,150,0,150,1.0,0.013245033112582781,,,True,2,0.045068211387842894,0.0017374823801219463,0.0006284201517701149,0.04270230885595083,0.0005727503448724747,0.005717206746339798,0.000950726680457592,0.05231034941971302
tier_10k,1000,1_1438042987127.36_20150728002307-00050-ip-10-236-191-2_732552166_0.csv,0,30,10.0,0.15,1000,1,403,300,False,False,False,300,0,300,1.0,0.0053475935828877,,,True,2,0.045068211387842894,0.0017374823801219463,0.0006284201517701149,0.04270230885595083,0.0006118537858128548,0.01052537513896823,0.0014755958691239357,0.057682364247739315
tier_10k,1000,1_1438042987127.36_20150728002307-00050-ip-10-236-191-2_732552166_0.csv,0,30,15.0,0.15,1000,1,403,450,True,False,False,403,0,403,1.0,0.0031496062992125984,,,False,0,0.045068211387842894,0.0017374823801219463,0.0006284201517701149,0.04270230885595083,2.766493707895279e-05,0.015098595060408115,0.0015845648013055325,0.061780641321092844
tier_10k,1000,1_1438042987127.36_20150728002307-00050-ip-10-236-191-2_732552166_0.csv,0,30,20.0,0.15,1000,1,403,600,True,False,False,403,0,403,1.0,0.0031496062992125984,,,False,0,0.045068211387842894,0.0017374823801219463,0.0006284201517701149,0.04270230885595083,2.7765054255723953e-05,0.013830196112394333,0.0016191448085010052,0.060546910390257835
tier_10k,1000,1_1438042987127.36_20150728002307-00050-ip-10-236-191-2_732552166_0.csv,0,40,5.0,0.15,1000,1,403,200,False,False,False,200,0,200,1.0,0.009216589861751152,,,True,2,0.045068211387842894,0.0017374823801219463,0.0006284201517701149,0.04270230885595083,0.0005903430283069611,0.007380098104476929,0.0010217390954494476,0.054061987437307835
tier_10k,1000,1_1438042987127.36_20150728002307-00050-ip-10-236-191-2_732552166_0.csv,0,40,10.0,0.15,1000,1,403,400,False,False,False,400,0,400,1.0,0.003228410008071025,,,True,2,0.045068211387842894,0.0017374823801219463,0.0006284201517701149,0.04270230885595083,0.0006428961642086506,0.013755565043538809,0.001371021382510662,0.06083903554826975
tier_10k,1000,1_1438042987127.36_20150728002307-00050-ip-10-236-191-2_732552166_0.csv,0,40,15.0,0.15,1000,1,403,600,True,False,False,403,0,403,1.0,0.0031496062992125984,,,False,0,0.045068211387842894,0.0017374823801219463,0.0006284201517701149,0.04270230885595083,3.230897709727287e-05,0.014922821894288063,0.0015507708303630352,0.06157562509179115
tier_10k,1000,1_1438042987127.36_20150728002307-00050-ip-10-236-191-2_732552166_0.csv,0,40,20.0,0.15,1000,1,403,800,True,False,False,403,0,403,1.0,0.0031496062992125984,,,False,0,0.045068211387842894,0.0017374823801219463,0.0006284201517701149,0.04270230885595083,2.8642360121011734e-05,0.014616018161177635,0.0016557532362639904,0.06137015437707305
tier_10k,1000,1_1438042987127.36_20150728002307-00050-ip-10-236-191-2_732552166_0.csv,0,50,5.0,0.15,1000,1,403,250,False,False,False,250,0,250,1.0,0.00684931506849315,,,True,2,0.045068211387842894,0.0017374823801219463,0.0006284201517701149,0.04270230885595083,0.000679482240229845,0.009852735791355371,0.0014361981302499771,0.057038158643990755
tier_10k,1000,1_1438042987127.36_20150728002307-00050-ip-10-236-191-2_732552166_0.csv,0,50,10.0,0.15,1000,1,403,500,True,False,False,403,0,403,1.0,0.0031496062992125984,,,False,0,0.045068211387842894,0.0017374823801219463,0.0006284201517701149,0.04270230885595083,2.7900096029043198e-05,0.014401121065020561,0.0016705039888620377,0.0611694036051631
tier_10k,1000,1_1438042987127.36_20150728002307-00050-ip-10-236-191-2_732552166_0.csv,0,50,15.0,0.15,1000,1,403,750,True,False,False,403,0,403,1.0,0.0031496062992125984,,,False,0,0.045068211387842894,0.0017374823801219463,0.0006284201517701149,0.04270230885595083,2.4751294404268265e-05,0.014886543154716492,0.001488847192376852,0.06146995257586241
tier_10k,1000,1_1438042987127.36_20150728002307-00050-ip-10-236-191-2_732552166_0.csv,0,50,20.0,0.15,1000,1,403,1000,True,False,False,403,0,403,1.0,0.0031496062992125984,,,False,0,0.045068211387842894,0.0017374823801219463,0.0006284201517701149,0.04270230885595083,2.756388857960701e-05,0.013824577443301678,0.0017583519220352173,0.06068035215139389
tier_10k,1000,1_1438042987127.36_20150728002307-00263-ip-10-236-191-2_379683688_1.csv,0,10,5.0,0.15,1000,8,298,50,False,False,False,50,0,50,0.16666666666666666,0.024691358024691357,,,True,2,0.04003951232880354,0.0018017496913671494,0.0004764823243021965,0.03776128031313419,0.0004336312413215637,0.0030470010824501514,0.0011702049523591995,0.04469226114451885
tier_10k,1000,1_1438042987127.36_20150728002307-00263-ip-10-236-191-2_379683688_1.csv,0,10,10.0,0.15,1000,8,298,100,False,False,False,100,0,100,0.16666666666666666,0.009828009828009828,,,True,2,0.04003951232880354,0.0018017496913671494,0.0004764823243021965,0.03776128031313419,0.00045782560482621193,0.0061720251105725765,0.0009289886802434921,0.04759986139833927
tier_10k,1000,1_1438042987127.36_20150728002307-00263-ip-10-236-191-2_379683688_1.csv,0,10,15.0,0.15,1000,8,298,150,False,False,False,150,0,150,0.16666666666666666,0.005420054200542005,,,True,2,0.04003951232880354,0.0018017496913671494,0.0004764823243021965,0.03776128031313419,0.000428943894803524,0.008516024332493544,0.0010286439210176468,0.05001445719972253
tier_10k,1000,1_1438042987127.36_20150728002307-00263-ip-10-236-191-2_379683688_1.csv,0,10,20.0,0.15,1000,8,298,200,False,False,False,200,0,200,0.16666666666666666,0.0033585222502099076,,,True,2,0.04003951232880354,0.0018017496913671494,0.0004764823243021965,0.03776128031313419,0.0004451111890375614,0.011653205379843712,0.00127060292288661,0.05340975942090154
tier_10k,1000,1_1438042987127.36_20150728002307-00263-ip-10-236-191-2_379683688_1.csv,0,20,5.0,0.15,1000,8,298,100,False,False,False,100,0,100,0.16666666666666666,0.009828009828009828,,,True,2,0.04003951232880354,0.0018017496913671494,0.0004764823243021965,0.03776128031313419,0.00040177907794713974,0.005574552807956934,0.0008842600509524345,0.04690148029476404
tier_10k,1000,1_1438042987127.36_20150728002307-00263-ip-10-236-191-2_379683688_1.csv,0,20,10.0,0.15,1000,8,298,200,False,False,False,200,0,200,0.16666666666666666,0.0033585222502099076,,,True,2,0.04003951232880354,0.0018017496913671494,0.0004764823243021965,0.03776128031313419,0.00044455425813794136,0.011072710622102022,0.0012974971905350685,0.05285576544702053
tier_10k,1000,1_1438042987127.36_20150728002307-00263-ip-10-236-191-2_379683688_1.csv,0,20,15.0,0.15,1000,8,298,300,True,False,False,298,0,298,0.16666666666666666,0.0007616146230007616,,,False,0,0.04003951232880354,0.0018017496913671494,0.0004764823243021965,0.03776128031313419,2.0730309188365936e-05,0.016434550285339355,0.00151549419388175,0.058011817280203104
tier_10k,1000,1_1438042987127.36_20150728002307-00263-ip-10-236-191-2_379683688_1.csv,0,20,20.0,0.15,1000,8,298,400,True,False,False,298,0,298,0.16666666666666666,0.0007616146230007616,,,False,0,0.04003951232880354,0.0018017496913671494,0.0004764823243021965,0.03776128031313419,2.2402964532375336e-05,0.01634090207517147,0.001562677789479494,0.05796719202771783
tier_10k,1000,1_1438042987127.36_20150728002307-00263-ip-10-236-191-2_379683688_1.csv,0,30,5.0,0.15,1000,8,298,150,False,False,False,150,0,150,0.16666666666666666,0.005420054200542005,,,True,2,0.04003951232880354,0.0018017496913671494,0.0004764823243021965,0.03776128031313419,0.0004810560494661331,0.008864593226462603,0.001385494600981474,0.05077226646244526
tier_10k,1000,1_1438042987127.36_20150728002307-00263-ip-10-236-191-2_379683688_1.csv,0,30,10.0,0.15,1000,8,298,300,True,False,False,298,0,298,0.16666666666666666,0.0007616146230007616,,,False,0,0.04003951232880354,0.0018017496913671494,0.0004764823243021965,0.03776128031313419,3.1074974685907364e-05,0.017735064961016178,0.0018890099599957466,0.059696441516280174
tier_10k,1000,1_1438042987127.36_20150728002307-00263-ip-10-236-191-2_379683688_1.csv,0,30,15.0,0.15,1000,8,298,450,True,False,False,298,0,298,0.16666666666666666,0.0007616146230007616,,,False,0,0.04003951232880354,0.0018017496913671494,0.0004764823243021965,0.03776128031313419,1.985998824238777e-05,0.017194568179547787,0.0017191991209983826,0.05897457059472799
tier_10k,1000,1_1438042987127.36_20150728002307-00263-ip-10-236-191-2_379683688_1.csv,0,30,20.0,0.15,1000,8,298,600,True,False,False,298,0,298,0.16666666666666666,0.0007616146230007616,,,False,0,0.04003951232880354,0.0018017496913671494,0.0004764823243021965,0.03776128031313419,2.0531006157398224e-05,0.016571386717259884,0.0014816541224718094,0.05811464926227927
tier_10k,1000,1_1438042987127.36_20150728002307-00263-ip-10-236-191-2_379683688_1.csv,0,40,5.0,0.15,1000,8,298,200,False,False,False,200,0,200,0.16666666666666666,0.0033585222502099076,,,True,2,0.04003951232880354,0.0018017496913671494,0.0004764823243021965,0.03776128031313419,0.0007382053881883621,0.011384993325918913,0.0013885865919291973,0.05355309695005417
tier_10k,1000,1_1438042987127.36_20150728002307-00263-ip-10-236-191-2_379683688_1.csv,0,40,10.0,0.15,1000,8,298,400,True,False,False,298,0,298,0.16666666666666666,0.0007616146230007616,,,False,0,0.04003951232880354,0.0018017496913671494,0.0004764823243021965,0.03776128031313419,2.2883061319589615e-05,0.017102008685469627,0.0016484321095049381,0.05881443712860346
tier_10k,1000,1_1438042987127.36_20150728002307-00263-ip-10-236-191-2_379683688_1.csv,0,40,15.0,0.15,1000,8,298,600,True,False,False,298,0,298,0.16666666666666666,0.0007616146230007616,,,False,0,0.04003951232880354,0.0018017496913671494,0.0004764823243021965,0.03776128031313419,2.2946856915950775e-05,0.01694300677627325,0.0016351141966879368,0.058642242569476366
tier_10k,1000,1_1438042987127.36_20150728002307-00263-ip-10-236-191-2_379683688_1.csv,0,40,20.0,0.15,1000,8,298,800,True,False,False,298,0,298,0.16666666666666666,0.0007616146230007616,,,False,0,0.04003951232880354,0.0018017496913671494,0.0004764823243021965,0.03776128031313419,2.2520776838064194e-05,0.018093592952936888,0.001603160984814167,0.059760458301752806
tier_10k,1000,1_1438042987127.36_20150728002307-00263-ip-10-236-191-2_379683688_1.csv,0,50,5.0,0.15,1000,8,298,250,False,False,False,250,0,250,0.16666666666666666,0.001989060169070114,,,True,2,0.04003951232880354,0.0018017496913671494,0.0004764823243021965,0.03776128031313419,0.0005559120327234268,0.01419877028092742,0.0016599460504949093,0.05645578820258379
tier_10k,1000,1_1438042987127.36_20150728002307-00263-ip-10-236-191-2_379683688_1.csv,0,50,10.0,0.15,1000,8,298,500,True,False,False,298,0,298,0.16666666666666666,0.0007616146230007616,,,False,0,0.04003951232880354,0.0018017496913671494,0.0004764823243021965,0.03776128031313419,2.2665131837129593e-05,0.0177394007332623,0.0012289327569305897,0.05903214029967785
tier_10k,1000,1_1438042987127.36_20150728002307-00263-ip-10-236-191-2_379683688_1.csv,0,50,15.0,0.15,1000,8,298,750,True,False,False,298,0,298,0.16666666666666666,0.0007616146230007616,,,False,0,0.04003951232880354,0.0018017496913671494,0.0004764823243021965,0.03776128031313419,1.919316127896309e-05,0.017157855909317732,0.0014036563225090504,0.058621722273528576
tier_10k,1000,1_1438042987127.36_20150728002307-00263-ip-10-236-191-2_379683688_1.csv,0,50,20.0,0.15,1000,8,298,1000,True,False,False,298,0,298,0.16666666666666666,0.0007616146230007616,,,False,0,0.04003951232880354,0.0018017496913671494,0.0004764823243021965,0.03776128031313419,2.1082814782857895e-05,0.016903507988899946,0.0014439201913774014,0.05840941844508052
tier_10k,1000,1_1438042990112.50_20150728002310-00139-ip-10-236-191-2_473436377_9.csv,1,10,5.0,0.15,1000,138,291,50,False,True,True,50,10,50,0.6666666666666666,0.9551569506726457,0.9506172839506173,34.73005563020706,True,2,0.03461441583931446,0.0017692488618195057,0.00044017890468239784,0.03240498807281256,0.0004154108464717865,0.0043647680431604385,0.0034896228462457657,0.042886001989245415
tier_10k,1000,1_1438042990112.50_20150728002310-00139-ip-10-236-191-2_473436377_9.csv,1,10,10.0,0.15,1000,138,291,100,False,True,True,100,10,100,0.6666666666666666,0.6151898734177215,0.6666666666666666,37.905054688453674,True,2,0.03461441583931446,0.0017692488618195057,0.00044017890468239784,0.03240498807281256,0.00046372879296541214,0.008750501088798046,0.0035875430330634117,0.04741777153685689
tier_10k,1000,1_1438042990112.50_20150728002310-00139-ip-10-236-191-2_473436377_9.csv,1,10,15.0,0.15,1000,138,291,150,False,True,True,150,10,150,0.6666666666666666,0.4084033613445378,0.6323529411764706,37.9156152009964,True,3,0.03461441583931446,0.0017692488618195057,0.00044017890468239784,0.03240498807281256,0.0005964268930256367,0.012500226963311434,0.0033417060039937496,0.05105457082390785
tier_10k,1000,1_1438042990112.50_20150728002310-00139-ip-10-236-191-2_473436377_9.csv,1,10,20.0,0.15,1000,138,291,200,False,True,True,200,10,200,0.6666666666666666,0.2892857142857143,0.463768115942029,38.609843730926514,True,3,0.03461441583931446,0.0017692488618195057,0.00044017890468239784,0.03240498807281256,0.0010096491314470768,0.0199069632217288,0.0039047393947839737,0.059438154101371765
tier_10k,1000,1_1438042990112.50_20150728002310-00139-ip-10-236-191-2_473436377_9.csv,1,20,5.0,0.15,1000,138,291,100,False,True,True,100,20,100,0.6666666666666666,0.6151898734177215,0.7555555555555555,72.14168959856033,True,2,0.03461441583931446,0.0017692488618195057,0.00044017890468239784,0.03240498807281256,0.0007095159962773323,0.011779599357396364,0.003000698983669281,0.050106142181903124
tier_10k,1000,1_1438042990112.50_20150728002310-00139-ip-10-236-191-2_473436377_9.csv,1,20,10.0,0.15,1000,138,291,200,False,True,True,200,20,200,0.6666666666666666,0.2892857142857143,0.38333333333333336,74.68418282270432,True,3,0.03461441583931446,0.0017692488618195057,0.00044017890468239784,0.03240498807281256,0.0006125345826148987,0.016031977254897356,0.0036513940431177616,0.054912184830754995
tier_10k,1000,1_1438042990112.50_20150728002310-00139-ip-10-236-191-2_473436377_9.csv,1,20,15.0,0.15,1000,138,291,300,True,True,True,291,20,291,0.6666666666666666,0.09872102318145484,0.23026315789473684,75.68765550851822,False,0,0.03461441583931446,0.0017692488618195057,0.00044017890468239784,0.03240498807281256,3.267824649810791e-05,0.026943414006382227,0.0044912551529705524,0.06608392391353846
tier_10k,1000,1_1438042990112.50_20150728002310-00139-ip-10-236-191-2_473436377_9.csv,1,20,20.0,0.15,1000,138,291,400,True,True,True,291,20,291,0.6666666666666666,0.09872102318145484,0.23026315789473684,75.68765550851822,False,0,0.03461441583931446,0.0017692488618195057,0.00044017890468239784,0.03240498807281256,3.304425626993179e-05,0.028368122410029173,0.004142506048083305,0.06716027576476336
tier_10k,1000,1_1438042990112.50_20150728002310-00139-ip-10-236-191-2_473436377_9.csv,1,30,5.0,0.15,1000,138,291,150,False,True,True,150,30,150,0.6666666666666666,0.4084033613445378,0.6242774566473989,106.17584198713303,True,3,0.03461441583931446,0.0017692488618195057,0.00044017890468239784,0.03240498807281256,0.0009852396324276924,0.015669459011405706,0.003982604946941137,0.05525400396436453
tier_10k,1000,1_1438042990112.50_20150728002310-00139-ip-10-236-191-2_473436377_9.csv,1,30,10.0,0.15,1000,138,291,300,True,True,True,291,30,291,0.6666666666666666,0.09872102318145484,0.21800947867298578,111.77242332696915,False,0,0.03461441583931446,0.0017692488618195057,0.00044017890468239784,0.03240498807281256,3.2788608223199844e-05,0.02603726275265217,0.004301133099943399,0.0649877917021513
tier_10k,1000,1_1438042990112.50_20150728002310-00139-ip-10-236-191-2_473436377_9.csv,1,30,15.0,0.15,1000,138,291,450,True,True,True,291,30,291,0.6666666666666666,0.09872102318145484,0.21800947867298578,111.77242332696915,False,0,0.03461441583931446,0.0017692488618195057,0.00044017890468239784,0.03240498807281256,3.8910191506147385e-05,0.02687622094526887,0.0044301957823336124,0.06596209295094013
tier_10k,1000,1_1438042990112.50_20150728002310-00139-ip-10-236-191-2_473436377_9.csv,1,30,20.0,0.15,1000,138,291,600,True,True,True,291,30,291,0.6666666666666666,0.09872102318145484,0.21800947867298578,111.77242332696915,False,0,0.03461441583931446,0.0017692488618195057,0.00044017890468239784,0.03240498807281256,3.358861431479454e-05,0.026090474799275398,0.00410720007494092,0.0648478688672185
tier_10k,1000,1_1438042990112.50_20150728002310-00139-ip-10-236-191-2_473436377_9.csv,1,40,5.0,0.15,1000,138,291,200,False,True,True,200,40,200,0.6666666666666666,0.2892857142857143,0.4396551724137931,143.2777043581009,True,3,0.03461441583931446,0.0017692488618195057,0.00044017890468239784,0.03240498807281256,0.0010381480678915977,0.019325303845107555,0.005086872726678848,0.060066972859203815
tier_10k,1000,1_1438042990112.50_20150728002310-00139-ip-10-236-191-2_473436377_9.csv,1,40,10.0,0.15,1000,138,291,400,True,True,True,291,40,291,0.6666666666666666,0.09872102318145484,0.2246376811594203,147.05983275175095,False,0,0.03461441583931446,0.0017692488618195057,0.00044017890468239784,0.03240498807281256,3.2769981771707535e-05,0.025786900892853737,0.004306746181100607,0.06474292883649468
tier_10k,1000,1_1438042990112.50_20150728002310-00139-ip-10-236-191-2_473436377_9.csv,1,40,15.0,0.15,1000,138,291,600,True,True,True,291,40,291,0.6666666666666666,0.09872102318145484,0.2246376811594203,147.05983275175095,False,0,0.03461441583931446,0.0017692488618195057,0.00044017890468239784,0.03240498807281256,3.247801214456558e-05,0.02647455595433712,0.004882311914116144,0.06600580178201199
tier_10k,1000,1_1438042990112.50_20150728002310-00139-ip-10-236-191-2_473436377_9.csv,1,40,20.0,0.15,1000,138,291,800,True,True,True,291,40,291,0.6666666666666666,0.09872102318145484,0.2246376811594203,147.05983275175095,False,0,0.03461441583931446,0.0017692488618195057,0.00044017890468239784,0.03240498807281256,3.2914336770772934e-05,0.02665895503014326,0.004192301072180271,0.06550091691315174
tier_10k,1000,1_1438042990112.50_20150728002310-00139-ip-10-236-191-2_473436377_9.csv,1,50,5.0,0.15,1000,138,291,250,False,True,True,250,50,250,0.6666666666666666,0.1986970684039088,0.2912621359223301,180.10975688695908,True,3,0.03461441583931446,0.0017692488618195057,0.00044017890468239784,0.03240498807281256,0.0010890178382396698,0.023342755623161793,0.0046941484324634075,0.06374246254563332
tier_10k,1000,1_1438042990112.50_20150728002310-00139-ip-10-236-191-2_473436377_9.csv,1,50,10.0,0.15,1000,138,291,500,True,True,True,291,50,291,0.6666666666666666,0.09872102318145484,0.25970149253731345,181.37065410614014,False,0,0.03461441583931446,0.0017692488618195057,0.00044017890468239784,0.03240498807281256,3.2776035368442535e-05,0.02739549009129405,0.004582772962749004,0.06662781024351716
tier_10k,1000,1_1438042990112.50_20150728002310-00139-ip-10-236-191-2_473436377_9.csv,1,50,15.0,0.15,1000,138,291,750,True,True,True,291,50,291,0.6666666666666666,0.09872102318145484,0.25970149253731345,181.37065410614014,False,0,0.03461441583931446,0.0017692488618195057,0.00044017890468239784,0.03240498807281256,3.285100683569908e-05,0.027510241605341434,0.005876006092876196,0.06803553411737084
tier_10k,1000,1_1438042990112.50_20150728002310-00139-ip-10-236-191-2_473436377_9.csv,1,50,20.0,0.15,1000,138,291,1000,True,True,True,291,50,291,0.6666666666666666,0.09872102318145484,0.25970149253731345,181.37065410614014,False,0,0.03461441583931446,0.0017692488618195057,0.00044017890468239784,0.03240498807281256,2.4979934096336365e-05,0.03072308422997594,0.005237018223851919,0.07060166401788592
tier_10k,1000,1_1438042987127.36_20150728002307-00017-ip-10-236-191-2_861030184_5.csv,1,10,5.0,0.15,1000,6,321,50,False,True,True,50,10,50,1.0,0.11538461538461539,0.36363636363636365,27.99762499332428,True,3,0.0495450384914875,0.001626497134566307,0.0005967286415398121,0.047321812715381384,0.0007746103219687939,0.004004166927188635,0.004382384940981865,0.05870843445882201
tier_10k,1000,1_1438042987127.36_20150728002307-00017-ip-10-236-191-2_861030184_5.csv,1,10,10.0,0.15,1000,6,321,100,False,True,True,100,10,100,1.0,0.06222222222222222,0.36363636363636365,28.26755601167679,True,3,0.0495450384914875,0.001626497134566307,0.0005967286415398121,0.047321812715381384,0.0008347099646925926,0.007573944982141256,0.004017435014247894,0.06197326770052314
tier_10k,1000,1_1438042987127.36_20150728002307-00017-ip-10-236-191-2_861030184_5.csv,1,10,15.0,0.15,1000,6,321,150,False,True,True,150,10,150,1.0,0.04310344827586207,0.36363636363636365,28.394037544727325,True,2,0.0495450384914875,0.001626497134566307,0.0005967286415398121,0.047321812715381384,0.0007955599576234818,0.011261391919106245,0.0042869471944868565,0.06589094968512654
tier_10k,1000,1_1438042987127.36_20150728002307-00017-ip-10-236-191-2_861030184_5.csv,1,10,20.0,0.15,1000,6,321,200,False,True,True,200,10,200,1.0,0.03184713375796178,0.34782608695652173,28.426911294460297,True,2,0.0495450384914875,0.001626497134566307,0.0005967286415398121,0.047321812715381384,0.000663398765027523,0.014849349856376648,0.00456330506131053,0.0696231503970921
tier_10k,1000,1_1438042987127.36_20150728002307-00017-ip-10-236-191-2_861030184_5.csv,1,20,5.0,0.15,1000,6,321,100,False,True,True,100,20,100,1.0,0.06222222222222222,0.19047619047619047,55.266902923583984,True,3,0.0495450384914875,0.001626497134566307,0.0005967286415398121,0.047321812715381384,0.0007915841415524483,0.007685602176934481,0.0040504587814211845,0.06207474460825324
tier_10k,1000,1_1438042987127.36_20150728002307-00017-ip-10-236-191-2_861030184_5.csv,1,20,10.0,0.15,1000,6,321,200,False,True,True,200,20,200,1.0,0.03184713375796178,0.16666666666666666,55.796061992645264,True,2,0.0495450384914875,0.001626497134566307,0.0005967286415398121,0.047321812715381384,0.0006525758653879166,0.014671843033283949,0.004161324352025986,0.06903287256136537
tier_10k,1000,1_1438042987127.36_20150728002307-00017-ip-10-236-191-2_861030184_5.csv,1,20,15.0,0.15,1000,6,321,300,False,True,True,300,20,300,1.0,0.01698754246885617,0.1509433962264151,56.164927423000336,True,2,0.0495450384914875,0.001626497134566307,0.0005967286415398121,0.047321812715381384,0.0006956402212381363,0.021448470186442137,0.014745160937309265,0.08643653057515621
tier_10k,1000,1_1438042987127.36_20150728002307-00017-ip-10-236-191-2_861030184_5.csv,1,20,20.0,0.15,1000,6,321,400,True,True,True,321,20,321,1.0,0.014910536779324055,0.1509433962264151,56.164927423000336,False,0,0.0495450384914875,0.001626497134566307,0.0005967286415398121,0.047321812715381384,3.393413498997688e-05,0.023613675031811,0.018413278739899397,0.09160810662433505
tier_10k,1000,1_1438042987127.36_20150728002307-00017-ip-10-236-191-2_861030184_5.csv,1,30,5.0,0.15,1000,6,321,150,False,True,True,150,30,150,1.0,0.04310344827586207,0.1875,82.19919604063034,True,2,0.0495450384914875,0.001626497134566307,0.0005967286415398121,0.047321812715381384,0.0006302180700004101,0.011397636961191893,0.007106812205165625,0.06868190644308925
tier_10k,1000,1_1438042987127.36_20150728002307-00017-ip-10-236-191-2_861030184_5.csv,1,30,10.0,0.15,1000,6,321,300,False,True,True,300,30,300,1.0,0.01698754246885617,0.15,83.25067633390427,True,2,0.0495450384914875,0.001626497134566307,0.0005967286415398121,0.047321812715381384,0.0006921780295670033,0.021740770898759365,0.005083674099296331,0.07706390460953116
tier_10k,1000,1_1438042987127.36_20150728002307-00017-ip-10-236-191-2_861030184_5.csv,1,30,15.0,0.15,1000,6,321,450,True,True,True,321,30,321,1.0,0.014910536779324055,0.15,83.25067633390427,False,0,0.0495450384914875,0.001626497134566307,0.0005967286415398121,0.047321812715381384,2.5908928364515305e-05,0.022747963201254606,0.006168382242321968,0.07848948566243052
tier_10k,1000,1_1438042987127.36_20150728002307-00017-ip-10-236-191-2_861030184_5.csv,1,30,20.0,0.15,1000,6,321,600,True,True,True,321,30,321,1.0,0.014910536779324055,0.15,83.25067633390427,False,0,0.0495450384914875,0.001626497134566307,0.0005967286415398121,0.047321812715381384,4.332093521952629e-05,0.024015016853809357,0.0057235658168792725,0.0793296112678945
tier_10k,1000,1_1438042987127.36_20150728002307-00017-ip-10-236-191-2_861030184_5.csv,1,40,5.0,0.15,1000,6,321,200,False,False,False,200,0,200,1.0,0.03184713375796178,,,True,2,0.0495450384914875,0.001626497134566307,0.0005967286415398121,0.047321812715381384,0.0010865731164813042,0.016233600210398436,0.0016318662092089653,0.0684993271715939
tier_10k,1000,1_1438042987127.36_20150728002307-00017-ip-10-236-191-2_861030184_5.csv,1,40,10.0,0.15,1000,6,321,400,True,False,False,321,0,321,1.0,0.014910536779324055,,,False,0,0.0495450384914875,0.001626497134566307,0.0005967286415398121,0.047321812715381384,2.8935261070728302e-05,0.022379626985639334,0.0017242897301912308,0.07367975870147347
tier_10k,1000,1_1438042987127.36_20150728002307-00017-ip-10-236-191-2_861030184_5.csv,1,40,15.0,0.15,1000,6,321,600,True,False,False,321,0,321,1.0,0.014910536779324055,,,False,0,0.0495450384914875,0.001626497134566307,0.0005967286415398121,0.047321812715381384,2.816086634993553e-05,0.02250922191888094,0.0017547067254781723,0.07383908331394196
tier_10k,1000,1_1438042987127.36_20150728002307-00017-ip-10-236-191-2_861030184_5.csv,1,40,20.0,0.15,1000,6,321,800,True,False,False,321,0,321,1.0,0.014910536779324055,,,False,0,0.0495450384914875,0.001626497134566307,0.0005967286415398121,0.047321812715381384,2.856273204088211e-05,0.022293869871646166,0.001904699020087719,0.07377406908199191
tier_10k,1000,1_1438042987127.36_20150728002307-00017-ip-10-236-191-2_861030184_5.csv,1,50,5.0,0.15,1000,6,321,250,False,False,False,250,0,250,1.0,0.02365930599369085,,,True,2,0.0495450384914875,0.001626497134566307,0.0005967286415398121,0.047321812715381384,0.0006879279389977455,0.017766435630619526,0.0015224218368530273,0.06952375266700983
tier_10k,1000,1_1438042987127.36_20150728002307-00017-ip-10-236-191-2_861030184_5.csv,1,50,10.0,0.15,1000,6,321,500,True,False,False,321,0,321,1.0,0.014910536779324055,,,False,0,0.0495450384914875,0.001626497134566307,0.0005967286415398121,0.047321812715381384,2.8225127607584e-05,0.022283908911049366,0.0017310329712927341,0.07359017571434379
tier_10k,1000,1_1438042987127.36_20150728002307-00017-ip-10-236-191-2_861030184_5.csv,1,50,15.0,0.15,1000,6,321,750,True,False,False,321,0,321,1.0,0.014910536779324055,,,False,0,0.0495450384914875,0.001626497134566307,0.0005967286415398121,0.047321812715381384,2.888636663556099e-05,0.02244765218347311,0.001619711983948946,0.0736431535333395
tier_10k,1000,1_1438042987127.36_20150728002307-00017-ip-10-236-191-2_861030184_5.csv,1,50,20.0,0.15,1000,6,321,1000,True,False,False,321,0,321,1.0,0.014910536779324055,,,False,0,0.0495450384914875,0.001626497134566307,0.0005967286415398121,0.047321812715381384,2.817576751112938e-05,0.022348086815327406,0.0018264581449329853,0.07374955527484417
tier_10k,2000,0_1438042988458.74_20150728002308-00103-ip-10-236-191-2_666285279_1.csv,0,10,5.0,0.15,2000,24,533,50,False,True,True,50,10,50,0.125,0.1437908496732026,0.15789473684210525,35.048090040683746,True,3,0.06345229595899582,0.0030036354437470436,0.0007469109259545803,0.059701749589294195,0.0010003088973462582,0.005491407122462988,0.005195252131670713,0.07514174794778228
tier_10k,2000,0_1438042988458.74_20150728002308-00103-ip-10-236-191-2_666285279_1.csv,0,10,10.0,0.15,2000,24,533,100,False,True,True,100,10,100,0.125,0.07384615384615385,0.1509433962264151,35.70362859964371,True,2,0.06345229595899582,0.0030036354437470436,0.0007469109259545803,0.059701749589294195,0.0013851933181285858,0.012925634626299143,0.007627015933394432,0.08539241598919034
tier_10k,2000,0_1438042988458.74_20150728002308-00103-ip-10-236-191-2_666285279_1.csv,0,10,15.0,0.15,2000,24,533,150,False,True,True,150,10,150,0.125,0.045714285714285714,0.1509433962264151,35.70362859964371,True,2,0.06345229595899582,0.0030036354437470436,0.0007469109259545803,0.059701749589294195,0.0013971752487123013,0.015300950966775417,0.0072059170342981815,0.08735861582681537
tier_10k,2000,0_1438042988458.74_20150728002308-00103-ip-10-236-191-2_666285279_1.csv,0,10,20.0,0.15,2000,24,533,200,False,True,True,200,10,200,0.125,0.03137254901960784,0.15,35.81520104408264,True,2,0.06345229595899582,0.0030036354437470436,0.0007469109259545803,0.059701749589294195,0.0013853316195309162,0.019594796001911163,0.0049009788781404495,0.08933567022904754
tier_10k,2000,0_1438042988458.74_20150728002308-00103-ip-10-236-191-2_666285279_1.csv,0,20,5.0,0.15,2000,24,533,100,False,True,True,100,20,100,0.125,0.07384615384615385,0.15,66.10266065597534,True,2,0.06345229595899582,0.0030036354437470436,0.0007469109259545803,0.059701749589294195,0.0013174437917768955,0.012975896708667278,0.003278713673353195,0.0810316251590848
tier_10k,2000,0_1438042988458.74_20150728002308-00103-ip-10-236-191-2_666285279_1.csv,0,20,10.0,0.15,2000,24,533,200,False,True,True,200,20,200,0.125,0.03137254901960784,0.15,66.10266065597534,True,2,0.06345229595899582,0.0030036354437470436,0.0007469109259545803,0.059701749589294195,0.0013767490163445473,0.02150782197713852,0.0037142038345336914,0.09005338465794921
tier_10k,2000,0_1438042988458.74_20150728002308-00103-ip-10-236-191-2_666285279_1.csv,0,20,15.0,0.15,2000,24,533,300,False,True,True,300,20,300,0.125,0.018447348193697154,0.15,66.10266065597534,True,2,0.06345229595899582,0.0030036354437470436,0.0007469109259545803,0.059701749589294195,0.0014282609336078167,0.03093916131183505,0.004687419626861811,0.10050931805744767
tier_10k,2000,0_1438042988458.74_20150728002308-00103-ip-10-236-191-2_666285279_1.csv,0,20,20.0,0.15,2000,24,533,400,False,True,True,400,20,400,0.125,0.011044638748274275,0.15,66.10266065597534,True,2,0.06345229595899582,0.0030036354437470436,0.0007469109259545803,0.059701749589294195,0.0014873589389026165,0.04139474919065833,0.004994963761419058,0.11133166309446096
tier_10k,2000,0_1438042988458.74_20150728002308-00103-ip-10-236-191-2_666285279_1.csv,0,30,5.0,0.15,2000,24,533,150,False,True,True,150,30,150,0.125,0.045714285714285714,0.1509433962264151,88.24963530898094,True,2,0.06345229595899582,0.0030036354437470436,0.0007469109259545803,0.059701749589294195,0.0013532438315451145,0.017079006414860487,0.013202795293182135,0.09508943790569901
tier_10k,2000,0_1438042988458.74_20150728002308-00103-ip-10-236-191-2_666285279_1.csv,0,30,10.0,0.15,2000,24,533,300,False,True,True,300,30,300,0.125,0.018447348193697154,0.1509433962264151,88.24963530898094,True,2,0.06345229595899582,0.0030036354437470436,0.0007469109259545803,0.059701749589294195,0.0008677584119141102,0.028952440712600946,0.013197616208344698,0.10647209314629436
tier_10k,2000,0_1438042988458.74_20150728002308-00103-ip-10-236-191-2_666285279_1.csv,0,30,15.0,0.15,2000,24,533,450,False,True,True,450,30,450,0.125,0.008438818565400843,0.1509433962264151,88.24963530898094,True,2,0.06345229595899582,0.0030036354437470436,0.0007469109259545803,0.059701749589294195,0.0009402800351381302,0.040232235100120306,0.019475813955068588,0.12410237872973084
tier_10k,2000,0_1438042988458.74_20150728002308-00103-ip-10-236-191-2_666285279_1.csv,0,30,20.0,0.15,2000,24,533,600,True,True,True,533,30,533,0.125,0.0035971223021582736,0.1509433962264151,88.24963530898094,False,0,0.06345229595899582,0.0030036354437470436,0.0007469109259545803,0.059701749589294195,3.79965640604496e-05,0.05404644692316651,0.015953120309859514,0.13349177967756987
tier_10k,2000,0_1438042988458.74_20150728002308-00103-ip-10-236-191-2_666285279_1.csv,0,40,5.0,0.15,2000,24,533,200,False,True,True,200,40,200,0.125,0.03137254901960784,0.15037593984962405,109.60745266079903,True,2,0.06345229595899582,0.0030036354437470436,0.0007469109259545803,0.059701749589294195,0.0008134990930557251,0.01791587332263589,0.011480304878205061,0.0936638773418963
tier_10k,2000,0_1438042988458.74_20150728002308-00103-ip-10-236-191-2_666285279_1.csv,0,40,10.0,0.15,2000,24,533,400,False,True,True,400,40,400,0.125,0.011044638748274275,0.15037593984962405,109.60745266079903,True,2,0.06345229595899582,0.0030036354437470436,0.0007469109259545803,0.059701749589294195,0.0009265327826142311,0.03634619526565075,0.010950768832117319,0.11167770903557539
tier_10k,2000,0_1438042988458.74_20150728002308-00103-ip-10-236-191-2_666285279_1.csv,0,40,15.0,0.15,2000,24,533,600,True,True,True,533,40,533,0.125,0.0035971223021582736,0.15037593984962405,109.60745266079903,False,0,0.06345229595899582,0.0030036354437470436,0.0007469109259545803,0.059701749589294195,5.6620221585035324e-05,0.049242972396314144,0.0990678146481514,0.21182199008762836
tier_10k,2000,0_1438042988458.74_20150728002308-00103-ip-10-236-191-2_666285279_1.csv,0,40,20.0,0.15,2000,24,533,800,True,True,True,533,40,533,0.125,0.0035971223021582736,0.15037593984962405,109.60745266079903,False,0,0.06345229595899582,0.0030036354437470436,0.0007469109259545803,0.059701749589294195,4.642503336071968e-05,0.05147864995524287,0.10443418379873037,0.21941402088850737
tier_10k,2000,0_1438042988458.74_20150728002308-00103-ip-10-236-191-2_666285279_1.csv,0,50,5.0,0.15,2000,24,533,250,False,False,False,250,0,250,0.125,0.023645320197044337,,,True,2,0.06345229595899582,0.0030036354437470436,0.0007469109259545803,0.059701749589294195,0.0009770020842552185,0.023628783877938986,0.0013849800452589989,0.08944515697658062
tier_10k,2000,0_1438042988458.74_20150728002308-00103-ip-10-236-191-2_666285279_1.csv,0,50,10.0,0.15,2000,24,533,500,False,False,False,500,0,500,0.125,0.0060438176781667085,,,True,2,0.06345229595899582,0.0030036354437470436,0.0007469109259545803,0.059701749589294195,0.0009457198902964592,0.04858414037153125,0.0015366310253739357,0.11452045291662216
tier_10k,2000,0_1438042988458.74_20150728002308-00103-ip-10-236-191-2_666285279_1.csv,0,50,15.0,0.15,2000,24,533,750,True,False,False,533,0,533,0.125,0.0035971223021582736,,,False,0,0.06345229595899582,0.0030036354437470436,0.0007469109259545803,0.059701749589294195,3.65162268280983e-05,0.04990285029634833,0.0018675378523766994,0.11526080407202244
tier_10k,2000,0_1438042988458.74_20150728002308-00103-ip-10-236-191-2_666285279_1.csv,0,50,20.0,0.15,2000,24,533,1000,True,False,False,533,0,533,0.125,0.0035971223021582736,,,False,0,0.06345229595899582,0.0030036354437470436,0.0007469109259545803,0.059701749589294195,3.4520868211984634e-05,0.04737703502178192,0.0019188299775123596,0.11278421664610505
tier_10k,2000,1_1438042987127.36_20150728002307-00144-ip-10-236-191-2_676020729_0.csv,1,10,5.0,0.15,2000,3484,2521,50,False,True,True,50,10,50,0.6,0.7806451612903226,0.8269230769230769,36.12818244099617,True,3,0.2918280125595629,0.004761223215609789,0.0031087282113730907,0.28395806113258004,0.0045049358159303665,0.009601261001080275,0.004164333920925856,0.3101008147932589
tier_10k,2000,1_1438042987127.36_20150728002307-00144-ip-10-236-191-2_676020729_0.csv,1,10,10.0,0.15,2000,3484,2521,100,False,True,True,100,10,100,0.6,0.6718146718146718,0.6923076923076923,39.718728840351105,True,2,0.2918280125595629,0.004761223215609789,0.0031087282113730907,0.28395806113258004,0.006434595212340355,0.020963515620678663,0.0038377633318305016,0.32306614983826876
tier_10k,2000,1_1438042987127.36_20150728002307-00144-ip-10-236-191-2_676020729_0.csv,1,10,15.0,0.15,2000,3484,2521,150,False,True,True,150,10,150,0.6,0.6451612903225806,0.6727272727272727,42.09442710876465,True,2,0.2918280125595629,0.004761223215609789,0.0031087282113730907,0.28395806113258004,0.006347957067191601,0.031095863785594702,0.004104830790311098,0.33337891288101673
tier_10k,2000,1_1438042987127.36_20150728002307-00144-ip-10-236-191-2_676020729_0.csv,1,10,20.0,0.15,2000,3484,2521,200,False,True,True,200,10,200,0.6,0.6334371754932503,0.6727272727272727,42.97965270280838,True,2,0.2918280125595629,0.004761223215609789,0.0031087282113730907,0.28395806113258004,0.006391413044184446,0.0407191701233387,0.003977562300860882,0.3429183685220778
tier_10k,2000,1_1438042987127.36_20150728002307-00144-ip-10-236-191-2_676020729_0.csv,1,20,5.0,0.15,2000,3484,2521,100,False,True,True,100,20,100,0.6,0.6718146718146718,0.7432432432432432,71.79104080796242,True,2,0.2918280125595629,0.004761223215609789,0.0031087282113730907,0.28395806113258004,0.006390675902366638,0.02069985307753086,0.003671530168503523,0.3225922887213528
tier_10k,2000,1_1438042987127.36_20150728002307-00144-ip-10-236-191-2_676020729_0.csv,1,20,10.0,0.15,2000,3484,2521,200,False,True,True,200,20,200,0.6,0.6334371754932503,0.6981132075471698,78.12124997377396,True,2,0.2918280125595629,0.004761223215609789,0.0031087282113730907,0.28395806113258004,0.0064919511787593365,0.040762691758573055,0.004612599965184927,0.34369781939312816
tier_10k,2000,1_1438042987127.36_20150728002307-00144-ip-10-236-191-2_676020729_0.csv,1,20,15.0,0.15,2000,3484,2521,300,False,True,True,300,20,300,0.6,0.6220095693779905,0.6822429906542056,85.63316717743874,True,2,0.2918280125595629,0.004761223215609789,0.0031087282113730907,0.28395806113258004,0.006679019425064325,0.06154246395453811,0.005024451296776533,0.3650763835757971
tier_10k,2000,1_1438042987127.36_20150728002307-00144-ip-10-236-191-2_676020729_0.csv,1,20,20.0,0.15,2000,3484,2521,400,False,True,True,400,20,400,0.6,0.6085430076067876,0.6333333333333333,89.94000935554504,True,2,0.2918280125595629,0.004761223215609789,0.0031087282113730907,0.28395806113258004,0.007224771194159985,0.08052332699298859,0.005241714883595705,0.38482034066691995
tier_10k,2000,1_1438042987127.36_20150728002307-00144-ip-10-236-191-2_676020729_0.csv,1,30,5.0,0.15,2000,3484,2521,150,False,True,True,150,30,150,0.6,0.6451612903225806,0.6666666666666666,108.47225546836853,True,2,0.2918280125595629,0.004761223215609789,0.0031087282113730907,0.28395806113258004,0.006811387371271849,0.030725592747330666,0.003571854904294014,0.3329390725120902
tier_10k,2000,1_1438042987127.36_20150728002307-00144-ip-10-236-191-2_676020729_0.csv,1,30,10.0,0.15,2000,3484,2521,300,False,True,True,300,30,300,0.6,0.6220095693779905,0.6666666666666666,118.45982274413109,True,2,0.2918280125595629,0.004761223215609789,0.0031087282113730907,0.28395806113258004,0.006452790927141905,0.06081815669313073,0.0047639221884310246,0.36386521765962243
tier_10k,2000,1_1438042987127.36_20150728002307-00144-ip-10-236-191-2_676020729_0.csv,1,30,15.0,0.15,2000,3484,2521,450,False,True,True,450,30,450,0.6,0.5944982170147733,0.6470588235294118,126.22482341527939,True,2,0.2918280125595629,0.004761223215609789,0.0031087282113730907,0.28395806113258004,0.006838110741227865,0.09093043301254511,0.00558950612321496,0.39518851041793823
tier_10k,2000,1_1438042987127.36_20150728002307-00144-ip-10-236-191-2_676020729_0.csv,1,30,20.0,0.15,2000,3484,2521,600,False,True,True,600,30,600,0.6,0.54612118873022,0.5106382978723404,133.32092159986496,True,2,0.2918280125595629,0.004761223215609789,0.0031087282113730907,0.28395806113258004,0.006993200164288282,0.12402829760685563,0.006093145813792944,0.42894496442750096
tier_10k,2000,1_1438042987127.36_20150728002307-00144-ip-10-236-191-2_676020729_0.csv,1,40,5.0,0.15,2000,3484,2521,200,False,True,True,200,40,200,0.6,0.6334371754932503,0.6504854368932039,142.5484742820263,True,2,0.2918280125595629,0.004761223215609789,0.0031087282113730907,0.28395806113258004,0.006688837893307209,0.04122525732964277,0.0038834484294056892,0.3436278235167265
tier_10k,2000,1_1438042987127.36_20150728002307-00144-ip-10-236-191-2_676020729_0.csv,1,40,10.0,0.15,2000,3484,2521,400,False,True,True,400,40,400,0.6,0.6085430076067876,0.6464646464646465,157.48034644126892,True,2,0.2918280125595629,0.004761223215609789,0.0031087282113730907,0.28395806113258004,0.006526139099150896,0.08179634064435959,0.0051542301662266254,0.38530714716762304
tier_10k,2000,1_1438042987127.36_20150728002307-00144-ip-10-236-191-2_676020729_0.csv,1,40,15.0,0.15,2000,3484,2521,600,False,True,True,600,40,600,0.6,0.54612118873022,0.5233160621761658,170.57339930534363,True,2,0.2918280125595629,0.004761223215609789,0.0031087282113730907,0.28395806113258004,0.00702472822740674,0.12389600370079279,0.006679391022771597,0.42943101143464446
tier_10k,2000,1_1438042987127.36_20150728002307-00144-ip-10-236-191-2_676020729_0.csv,1,40,20.0,0.15,2000,3484,2521,800,False,True,True,800,40,800,0.6,0.46319018404907975,0.3951219512195122,178.33748024702072,True,2,0.2918280125595629,0.004761223215609789,0.0031087282113730907,0.28395806113258004,0.007527296897023916,0.1599516849964857,0.007133171893656254,0.4664425114169717
tier_10k,2000,1_1438042987127.36_20150728002307-00144-ip-10-236-191-2_676020729_0.csv,1,50,5.0,0.15,2000,3484,2521,250,False,True,True,250,50,250,0.6,0.6265457543281121,0.640625,182.5921586751938,True,2,0.2918280125595629,0.004761223215609789,0.0031087282113730907,0.28395806113258004,0.006782019045203924,0.051282479893416166,0.00408931402489543,0.3539843284524977
tier_10k,2000,1_1438042987127.36_20150728002307-00144-ip-10-236-191-2_676020729_0.csv,1,50,10.0,0.15,2000,3484,2521,500,False,True,True,500,50,500,0.6,0.5802968960863698,0.6099585062240664,193.96853744983673,True,2,0.2918280125595629,0.004761223215609789,0.0031087282113730907,0.28395806113258004,0.006982259918004274,0.10046707978472114,0.005404872819781303,0.4046848136931658
tier_10k,2000,1_1438042987127.36_20150728002307-00144-ip-10-236-191-2_676020729_0.csv,1,50,15.0,0.15,2000,3484,2521,750,False,True,True,750,50,750,0.6,0.4829136690647482,0.4128787878787879,215.4029369354248,True,2,0.2918280125595629,0.004761223215609789,0.0031087282113730907,0.28395806113258004,0.007192178629338741,0.15336343087255955,0.006172512657940388,0.45855844859033823
tier_10k,2000,1_1438042987127.36_20150728002307-00144-ip-10-236-191-2_676020729_0.csv,1,50,20.0,0.15,2000,3484,2521,1000,False,True,True,1000,50,1000,0.6,0.3933418150975403,0.304,228.80902564525604,True,3,0.2918280125595629,0.004761223215609789,0.0031087282113730907,0.28395806113258004,0.005792954005300999,0.19360406696796417,0.008969196118414402,0.5001964387483895
tier_10k,2000,0_1438042988061.16_20150728002308-00282-ip-10-236-191-2_894007386_3.csv,0,10,5.0,0.15,2000,393,855,50,False,True,True,50,10,50,0.6,0.6120689655172413,0.6,19.224753677845,True,2,0.10198064288124442,0.003597274888306856,0.001320849172770977,0.09706251882016659,0.0011896300129592419,0.0016509080305695534,0.004035793710500002,0.10885916883125901
tier_10k,2000,0_1438042988061.16_20150728002308-00282-ip-10-236-191-2_894007386_3.csv,0,10,10.0,0.15,2000,393,855,100,False,True,True,100,10,100,0.6,0.5013262599469496,0.5925925925925926,19.24947065114975,True,3,0.10198064288124442,0.003597274888306856,0.001320849172770977,0.09706251882016659,0.0017644991166889668,0.0034647942520678043,0.0031291120685636997,0.11034078756347299
tier_10k,2000,0_1438042988061.16_20150728002308-00282-ip-10-236-191-2_894007386_3.csv,0,10,15.0,0.15,2000,393,855,150,False,True,True,150,10,150,0.6,0.40714285714285714,0.5925925925925926,19.24947065114975,True,3,0.10198064288124442,0.003597274888306856,0.001320849172770977,0.09706251882016659,0.0017286860384047031,0.005168473813682795,0.0033819880336523056,0.1122614610940218
tier_10k,2000,0_1438042988061.16_20150728002308-00282-ip-10-236-191-2_894007386_3.csv,0,10,20.0,0.15,2000,393,855,200,False,True,True,200,10,200,0.6,0.34932349323493234,0.5925925925925926,19.24947065114975,True,3,0.10198064288124442,0.003597274888306856,0.001320849172770977,0.09706251882016659,0.001733291894197464,0.006875223014503717,0.004220492206513882,0.1148113408125937
tier_10k,2000,0_1438042988061.16_20150728002308-00282-ip-10-236-191-2_894007386_3.csv,0,20,5.0,0.15,2000,393,855,100,False,True,True,100,20,100,0.6,0.5013262599469496,0.58,38.12419492006302,True,3,0.10198064288124442,0.003597274888306856,0.001320849172770977,0.09706251882016659,0.0016735200770199299,0.00338221387937665,0.003040103241801262,0.11007815785706043
tier_10k,2000,0_1438042988061.16_20150728002308-00282-ip-10-236-191-2_894007386_3.csv,0,20,10.0,0.15,2000,393,855,200,False,True,True,200,20,200,0.6,0.34932349323493234,0.5533980582524272,38.129732608795166,True,3,0.10198064288124442,0.003597274888306856,0.001320849172770977,0.09706251882016659,0.0017378348857164383,0.006831587292253971,0.004426380153745413,0.1149781639687717
tier_10k,2000,0_1438042988061.16_20150728002308-00282-ip-10-236-191-2_894007386_3.csv,0,20,15.0,0.15,2000,393,855,300,False,True,True,300,20,300,0.6,0.2868804664723032,0.5333333333333333,38.14056318998337,True,3,0.10198064288124442,0.003597274888306856,0.001320849172770977,0.09706251882016659,0.0018085897900164127,0.009901408106088638,0.004505132790654898,0.1181975738145411
tier_10k,2000,0_1438042988061.16_20150728002308-00282-ip-10-236-191-2_894007386_3.csv,0,20,20.0,0.15,2000,393,855,400,False,True,True,400,20,400,0.6,0.24425022999080037,0.5333333333333333,38.14056318998337,True,3,0.10198064288124442,0.003597274888306856,0.001320849172770977,0.09706251882016659,0.0018470538780093193,0.013470964040607214,0.004621596075594425,0.1219219178892672
tier_10k,2000,0_1438042988061.16_20150728002308-00282-ip-10-236-191-2_894007386_3.csv,0,30,5.0,0.15,2000,393,855,150,False,True,True,150,30,150,0.6,0.40714285714285714,0.5694444444444444,56.807289838790894,True,3,0.10198064288124442,0.003597274888306856,0.001320849172770977,0.09706251882016659,0.0017003947868943214,0.0051139649003744125,0.0033915317617356777,0.11218810686841607
tier_10k,2000,0_1438042988061.16_20150728002308-00282-ip-10-236-191-2_894007386_3.csv,0,30,10.0,0.15,2000,393,855,300,False,True,True,300,30,300,0.6,0.2868804664723032,0.5163398692810458,56.87475574016571,True,3,0.10198064288124442,0.003597274888306856,0.001320849172770977,0.09706251882016659,0.001787843182682991,0.009715551976114511,0.004524074960500002,0.11800991790369153
tier_10k,2000,0_1438042988061.16_20150728002308-00282-ip-10-236-191-2_894007386_3.csv,0,30,15.0,0.15,2000,393,855,450,False,True,True,450,30,450,0.6,0.22352448723315194,0.5163398692810458,56.87475574016571,True,3,0.10198064288124442,0.003597274888306856,0.001320849172770977,0.09706251882016659,0.0018555889837443829,0.014762954320758581,0.0045830560848116875,0.12318399595096707
tier_10k,2000,0_1438042988061.16_20150728002308-00282-ip-10-236-191-2_894007386_3.csv,0,30,20.0,0.15,2000,393,855,600,False,True,True,600,30,600,0.6,0.16468072105102352,0.49673202614379086,56.91382771730423,True,2,0.10198064288124442,0.003597274888306856,0.001320849172770977,0.09706251882016659,0.0014790631830692291,0.01997025590389967,0.00579858710989356,0.12923032324761152
tier_10k,2000,0_1438042988061.16_20150728002308-00282-ip-10-236-191-2_894007386_3.csv,0,40,5.0,0.15,2000,393,855,200,False,True,True,200,40,200,0.6,0.34932349323493234,0.545,75.3428686261177,True,3,0.10198064288124442,0.003597274888306856,0.001320849172770977,0.09706251882016659,0.0017618369311094284,0.0067949723452329636,0.004212975036352873,0.11475216597318649
tier_10k,2000,0_1438042988061.16_20150728002308-00282-ip-10-236-191-2_894007386_3.csv,0,40,10.0,0.15,2000,393,855,400,False,True,True,400,40,400,0.6,0.24425022999080037,0.47641509433962265,75.4810779094696,True,3,0.10198064288124442,0.003597274888306856,0.001320849172770977,0.09706251882016659,0.0018434240482747555,0.012941421009600163,0.0049647120758891106,0.12173200072720647
tier_10k,2000,0_1438042988061.16_20150728002308-00282-ip-10-236-191-2_894007386_3.csv,0,40,15.0,0.15,2000,393,855,600,False,True,True,600,40,600,0.6,0.16468072105102352,0.4597156398104265,75.53843486309052,True,2,0.10198064288124442,0.003597274888306856,0.001320849172770977,0.09706251882016659,0.0014869710430502892,0.019558358006179333,0.005634669214487076,0.1286625014618039
tier_10k,2000,0_1438042988061.16_20150728002308-00282-ip-10-236-191-2_894007386_3.csv,0,40,20.0,0.15,2000,393,855,800,False,True,True,800,40,800,0.6,0.0914179104477612,0.4597156398104265,75.53843486309052,True,2,0.10198064288124442,0.003597274888306856,0.001320849172770977,0.09706251882016659,0.0015754210762679577,0.026745066978037357,0.006624959874898195,0.13692788174375892
tier_10k,2000,0_1438042988061.16_20150728002308-00282-ip-10-236-191-2_894007386_3.csv,0,50,5.0,0.15,2000,393,855,250,False,True,True,250,50,250,0.6,0.31158357771260997,0.5115384615384615,93.77454781532288,True,2,0.10198064288124442,0.003597274888306856,0.001320849172770977,0.09706251882016659,0.0014544902369379997,0.008209367748349905,0.004421941004693508,0.11606825282797217
tier_10k,2000,0_1438042988061.16_20150728002308-00282-ip-10-236-191-2_894007386_3.csv,0,50,10.0,0.15,2000,393,855,500,False,True,True,500,50,500,0.6,0.20256506978498678,0.4448669201520912,94.03577435016632,True,3,0.10198064288124442,0.003597274888306856,0.001320849172770977,0.09706251882016659,0.001917094923555851,0.016355887055397034,0.005164328962564468,0.12541964696720243
tier_10k,2000,0_1438042988061.16_20150728002308-00282-ip-10-236-191-2_894007386_3.csv,0,50,15.0,0.15,2000,393,855,750,False,True,True,750,50,750,0.6,0.11060948081264109,0.4448669201520912,94.03577435016632,True,2,0.10198064288124442,0.003597274888306856,0.001320849172770977,0.09706251882016659,0.0015281629748642445,0.024485367815941572,0.006565547082573175,0.1345614488236606
tier_10k,2000,0_1438042988061.16_20150728002308-00282-ip-10-236-191-2_894007386_3.csv,0,50,20.0,0.15,2000,393,855,1000,True,True,True,855,50,855,0.6,0.050974087384149804,0.4448669201520912,94.03577435016632,False,0,0.10198064288124442,0.003597274888306856,0.001320849172770977,0.09706251882016659,5.7925935834646225e-05,0.030151108745485544,0.007425111718475819,0.1396165038459003
tier_10k,2000,0_1438042988458.74_20150728002308-00249-ip-10-236-191-2_328699461_4.csv,2,10,5.0,0.15,2000,6776,3132,50,False,True,True,50,10,50,0.6,0.9983922829581994,0.9873417721518988,20.698781192302704,True,1,0.36173872696235776,0.006500791758298874,0.004310205113142729,0.35092773009091616,0.0032600751146674156,0.0049443356692790985,0.004163081757724285,0.3741088006645441
tier_10k,2000,0_1438042988458.74_20150728002308-00249-ip-10-236-191-2_328699461_4.csv,2,10,10.0,0.15,2000,6776,3132,100,False,True,True,100,10,100,0.6,0.9986254295532646,0.978021978021978,21.78952193260193,True,1,0.36173872696235776,0.006500791758298874,0.004310205113142729,0.35092773009091616,0.0036265747621655464,0.009394381195306778,0.0034023714251816273,0.3781638662330806
tier_10k,2000,0_1438042988458.74_20150728002308-00249-ip-10-236-191-2_328699461_4.csv,2,10,15.0,0.15,2000,6776,3132,150,False,True,True,150,10,150,0.6,0.998719590268886,0.9733333333333334,21.886147618293762,True,1,0.36173872696235776,0.006500791758298874,0.004310205113142729,0.35092773009091616,0.0034302822314202785,0.01571939792484045,0.004244840703904629,0.3851350820623338
tier_10k,2000,0_1438042988458.74_20150728002308-00249-ip-10-236-191-2_328699461_4.csv,2,10,20.0,0.15,2000,6776,3132,200,False,True,True,200,10,200,0.6,0.9987966305655837,0.9733333333333334,21.886147618293762,True,1,0.36173872696235776,0.006500791758298874,0.004310205113142729,0.35092773009091616,0.003907561302185059,0.019279143307358027,0.004419513046741486,0.38934675278142095
tier_10k,2000,0_1438042988458.74_20150728002308-00249-ip-10-236-191-2_328699461_4.csv,2,20,5.0,0.15,2000,6776,3132,100,False,True,True,100,20,100,0.6,0.9986254295532646,0.9863013698630136,42.19830250740051,True,1,0.36173872696235776,0.006500791758298874,0.004310205113142729,0.35092773009091616,0.003678387962281704,0.00970552209764719,0.0037834681570529938,0.37890787702053785
tier_10k,2000,0_1438042988458.74_20150728002308-00249-ip-10-236-191-2_328699461_4.csv,2,20,10.0,0.15,2000,6776,3132,200,False,True,True,200,20,200,0.6,0.9987966305655837,0.9846153846153847,42.601171016693115,True,1,0.36173872696235776,0.006500791758298874,0.004310205113142729,0.35092773009091616,0.003411340992897749,0.019782620016485453,0.00459745479747653,0.3895318517461419
tier_10k,2000,0_1438042988458.74_20150728002308-00249-ip-10-236-191-2_328699461_4.csv,2,20,15.0,0.15,2000,6776,3132,300,False,True,True,300,20,300,0.6,0.975766755017039,0.8415841584158416,48.16613328456879,True,4,0.36173872696235776,0.006500791758298874,0.004310205113142729,0.35092773009091616,0.00878109224140644,0.027438879013061523,0.004966195207089186,0.4029268496669829
tier_10k,2000,0_1438042988458.74_20150728002308-00249-ip-10-236-191-2_328699461_4.csv,2,20,20.0,0.15,2000,6776,3132,400,False,True,True,400,20,400,0.6,0.9475390509873268,0.7934782608695652,51.90669882297516,True,3,0.36173872696235776,0.006500791758298874,0.004310205113142729,0.35092773009091616,0.00720991799607873,0.036435578018426895,0.00635384488850832,0.4117399132810533
tier_10k,2000,0_1438042988458.74_20150728002308-00249-ip-10-236-191-2_328699461_4.csv,2,30,5.0,0.15,2000,6776,3132,150,False,True,True,150,30,150,0.6,0.998719590268886,0.99,62.66150838136673,True,1,0.36173872696235776,0.006500791758298874,0.004310205113142729,0.35092773009091616,0.003437854815274477,0.014374502003192902,0.003836185671389103,0.383388948161155
tier_10k,2000,0_1438042988458.74_20150728002308-00249-ip-10-236-191-2_328699461_4.csv,2,30,10.0,0.15,2000,6776,3132,300,False,True,True,300,30,300,0.6,0.975766755017039,0.8967391304347826,69.37439531087875,True,4,0.36173872696235776,0.006500791758298874,0.004310205113142729,0.35092773009091616,0.008801788091659546,0.02776818396523595,0.004926738794893026,0.40323737589642406
tier_10k,2000,0_1438042988458.74_20150728002308-00249-ip-10-236-191-2_328699461_4.csv,2,30,15.0,0.15,2000,6776,3132,450,False,True,True,450,30,450,0.6,0.9349915206331261,0.8059701492537313,74.4467858672142,True,4,0.36173872696235776,0.006500791758298874,0.004310205113142729,0.35092773009091616,0.008823635056614876,0.040585804264992476,0.00732311001047492,0.41847315104678273
tier_10k,2000,0_1438042988458.74_20150728002308-00249-ip-10-236-191-2_328699461_4.csv,2,30,20.0,0.15,2000,6776,3132,600,False,True,True,600,30,600,0.6,0.9031319910514541,0.8668639053254438,74.55717360973358,True,3,0.36173872696235776,0.006500791758298874,0.004310205113142729,0.35092773009091616,0.007034118287265301,0.05373308761045337,0.009417000226676464,0.43192478315904737
tier_10k,2000,0_1438042988458.74_20150728002308-00249-ip-10-236-191-2_328699461_4.csv,2,40,5.0,0.15,2000,6776,3132,200,False,True,True,200,40,200,0.6,0.9987966305655837,0.9919678714859438,82.68033540248871,True,1,0.36173872696235776,0.006500791758298874,0.004310205113142729,0.35092773009091616,0.0034584077075123787,0.01889189425855875,0.004441894590854645,0.3885327037423849
tier_10k,2000,0_1438042988458.74_20150728002308-00249-ip-10-236-191-2_328699461_4.csv,2,40,10.0,0.15,2000,6776,3132,400,False,True,True,400,40,400,0.6,0.9475390509873268,0.8848684210526315,95.30993807315826,True,3,0.36173872696235776,0.006500791758298874,0.004310205113142729,0.35092773009091616,0.007174353580921888,0.036308673676103354,0.007320391945540905,0.4125441061332822
tier_10k,2000,0_1438042988458.74_20150728002308-00249-ip-10-236-191-2_328699461_4.csv,2,40,15.0,0.15,2000,6776,3132,600,False,True,True,600,40,600,0.6,0.9031319910514541,0.8619791666666666,96.1154807806015,True,3,0.36173872696235776,0.006500791758298874,0.004310205113142729,0.35092773009091616,0.007138815242797136,0.0542628956027329,0.009679832961410284,0.43282250966876745
tier_10k,2000,0_1438042988458.74_20150728002308-00249-ip-10-236-191-2_328699461_4.csv,2,40,20.0,0.15,2000,6776,3132,800,False,True,True,800,40,800,0.6,0.8560552407932012,0.615,118.99644374847412,True,3,0.36173872696235776,0.006500791758298874,0.004310205113142729,0.35092773009091616,0.008577133994549513,0.07114159595221281,0.014080912340432405,0.4555412419140339
tier_10k,2000,0_1438042988458.74_20150728002308-00249-ip-10-236-191-2_328699461_4.csv,2,50,5.0,0.15,2000,6776,3132,250,False,True,True,250,50,250,0.6,0.9941348973607038,0.9900990099009901,102.80635714530945,True,2,0.36173872696235776,0.006500791758298874,0.004310205113142729,0.35092773009091616,0.005401300732046366,0.024428377859294415,0.005107774864882231,0.3966782158240676
tier_10k,2000,0_1438042988458.74_20150728002308-00249-ip-10-236-191-2_328699461_4.csv,2,50,10.0,0.15,2000,6776,3132,500,False,True,True,500,50,500,0.6,0.9233144621718992,0.8858695652173914,116.9419737458229,True,4,0.36173872696235776,0.006500791758298874,0.004310205113142729,0.35092773009091616,0.008848072029650211,0.04680120199918747,0.00802076980471611,0.42541051004081964
tier_10k,2000,0_1438042988458.74_20150728002308-00249-ip-10-236-191-2_328699461_4.csv,2,50,15.0,0.15,2000,6776,3132,750,False,True,True,750,50,750,0.6,0.8686172195303764,0.769406392694064,141.80358028411865,True,4,0.36173872696235776,0.006500791758298874,0.004310205113142729,0.35092773009091616,0.010244146920740604,0.06545397499576211,0.012204190716147423,0.44964295392856
tier_10k,2000,0_1438042988458.74_20150728002308-00249-ip-10-236-191-2_328699461_4.csv,2,50,20.0,0.15,2000,6776,3132,1000,False,True,True,1000,50,1000,0.6,0.8046062407132244,0.6239669421487604,147.89952617883682,True,3,0.36173872696235776,0.006500791758298874,0.004310205113142729,0.35092773009091616,0.006786746438592672,0.09206945821642876,0.00849085533991456,0.4690874801017344
tier_10k,2000,1_1438042990112.50_20150728002310-00273-ip-10-236-191-2_869240800_0.csv,1,10,5.0,0.15,2000,2,692,50,False,False,False,50,0,50,0.06,0.030303030303030304,,,True,2,0.08283086074516177,0.0030064787715673447,0.001115080900490284,0.07870930107310414,0.0009646071121096611,0.0025428980588912964,0.0012547061778604984,0.08759495243430138
tier_10k,2000,1_1438042990112.50_20150728002310-00273-ip-10-236-191-2_869240800_0.csv,1,10,10.0,0.15,2000,2,692,100,False,False,False,100,0,100,0.06,0.017699115044247787,,,True,2,0.08283086074516177,0.0030064787715673447,0.001115080900490284,0.07870930107310414,0.0009942431934177876,0.005155932158231735,0.0010630302131175995,0.0900454418733716
tier_10k,2000,1_1438042990112.50_20150728002310-00273-ip-10-236-191-2_869240800_0.csv,1,10,15.0,0.15,2000,2,692,150,False,False,False,150,0,150,0.06,0.012121212121212121,,,True,2,0.08283086074516177,0.0030064787715673447,0.001115080900490284,0.07870930107310414,0.0010953000746667385,0.008064176887273788,0.0011863945983350277,0.09317812277004123
tier_10k,2000,1_1438042990112.50_20150728002310-00273-ip-10-236-191-2_869240800_0.csv,1,10,20.0,0.15,2000,2,692,200,False,False,False,200,0,200,0.06,0.008534850640113799,,,True,2,0.08283086074516177,0.0030064787715673447,0.001115080900490284,0.07870930107310414,0.000987113919109106,0.01115908706560731,0.0012183007784187794,0.0961966966278851
tier_10k,2000,1_1438042990112.50_20150728002310-00273-ip-10-236-191-2_869240800_0.csv,1,20,5.0,0.15,2000,2,692,100,False,False,False,100,0,100,0.06,0.017699115044247787,,,True,2,0.08283086074516177,0.0030064787715673447,0.001115080900490284,0.07870930107310414,0.0010552858002483845,0.0056817419826984406,0.000997836235910654,0.09056731360033154
tier_10k,2000,1_1438042990112.50_20150728002310-00273-ip-10-236-191-2_869240800_0.csv,1,20,10.0,0.15,2000,2,692,200,False,False,False,200,0,200,0.06,0.008534850640113799,,,True,2,0.08283086074516177,0.0030064787715673447,0.001115080900490284,0.07870930107310414,0.0011021080426871777,0.010617326013743877,0.0011295462027192116,0.0956812840886414
tier_10k,2000,1_1438042990112.50_20150728002310-00273-ip-10-236-191-2_869240800_0.csv,1,20,15.0,0.15,2000,2,692,300,False,False,False,300,0,300,0.06,0.004758128469468675,,,True,2,0.08283086074516177,0.0030064787715673447,0.001115080900490284,0.07870930107310414,0.0010135010816156864,0.015215799678117037,0.0011417288333177567,0.10020336974412203
tier_10k,2000,1_1438042990112.50_20150728002310-00273-ip-10-236-191-2_869240800_0.csv,1,20,20.0,0.15,2000,2,692,400,False,False,False,400,0,400,0.06,0.0029296875,,,True,2,0.08283086074516177,0.0030064787715673447,0.001115080900490284,0.07870930107310414,0.001058151014149189,0.021248640958219767,0.0013048788532614708,0.1064438447356224
tier_10k,2000,1_1438042990112.50_20150728002310-00273-ip-10-236-191-2_869240800_0.csv,1,30,5.0,0.15,2000,2,692,150,False,False,False,150,0,150,0.06,0.012121212121212121,,,True,2,0.08283086074516177,0.0030064787715673447,0.001115080900490284,0.07870930107310414,0.0010576676577329636,0.008687656838446856,0.001245336141437292,0.09382307482883334
tier_10k,2000,1_1438042990112.50_20150728002310-00273-ip-10-236-191-2_869240800_0.csv,1,30,10.0,0.15,2000,2,692,300,False,False,False,300,0,300,0.06,0.004758128469468675,,,True,2,0.08283086074516177,0.0030064787715673447,0.001115080900490284,0.07870930107310414,0.0010365950874984264,0.015208918135613203,0.0015232008881866932,0.10060107195749879
tier_10k,2000,1_1438042990112.50_20150728002310-00273-ip-10-236-191-2_869240800_0.csv,1,30,15.0,0.15,2000,2,692,450,False,False,False,450,0,450,0.06,0.0023612750885478157,,,True,2,0.08283086074516177,0.0030064787715673447,0.001115080900490284,0.07870930107310414,0.0010659252293407917,0.022636388894170523,0.0015487242490053177,0.10808346560224891
tier_10k,2000,1_1438042990112.50_20150728002310-00273-ip-10-236-191-2_869240800_0.csv,1,30,20.0,0.15,2000,2,692,600,False,False,False,600,0,600,0.06,0.0013377926421404682,,,True,2,0.08283086074516177,0.0030064787715673447,0.001115080900490284,0.07870930107310414,0.0012532840482890606,0.02964662527665496,0.0015836548991501331,0.11531612602993846
tier_10k,2000,1_1438042990112.50_20150728002310-00273-ip-10-236-191-2_869240800_0.csv,1,40,5.0,0.15,2000,2,692,200,False,False,False,200,0,200,0.06,0.008534850640113799,,,True,2,0.08283086074516177,0.0030064787715673447,0.001115080900490284,0.07870930107310414,0.0010976050980389118,0.010835426859557629,0.0012375540100038052,0.09600280877202749
tier_10k,2000,1_1438042990112.50_20150728002310-00273-ip-10-236-191-2_869240800_0.csv,1,40,10.0,0.15,2000,2,692,400,False,False,False,400,0,400,0.06,0.0029296875,,,True,2,0.08283086074516177,0.0030064787715673447,0.001115080900490284,0.07870930107310414,0.001056671142578125,0.01965868705883622,0.0012492691166698933,0.10479683568701148
tier_10k,2000,1_1438042990112.50_20150728002310-00273-ip-10-236-191-2_869240800_0.csv,1,40,15.0,0.15,2000,2,692,600,False,False,False,600,0,600,0.06,0.0013377926421404682,,,True,2,0.08283086074516177,0.0030064787715673447,0.001115080900490284,0.07870930107310414,0.0011038389056921005,0.028740534093230963,0.001683893147855997,0.11436062771826982
tier_10k,2000,1_1438042990112.50_20150728002310-00273-ip-10-236-191-2_869240800_0.csv,1,40,20.0,0.15,2000,2,692,800,True,False,False,692,0,692,0.06,0.0005079580088046055,,,False,0,0.08283086074516177,0.0030064787715673447,0.001115080900490284,0.07870930107310414,3.8827769458293915e-05,0.033215663861483335,0.0022566057741642,0.11834339564666152
tier_10k,2000,1_1438042990112.50_20150728002310-00273-ip-10-236-191-2_869240800_0.csv,1,50,5.0,0.15,2000,2,692,250,False,False,False,250,0,250,0.06,0.006243496357960458,,,True,2,0.08283086074516177,0.0030064787715673447,0.001115080900490284,0.07870930107310414,0.0010910509154200554,0.013013152871280909,0.0012054326944053173,0.09814204182475805
tier_10k,2000,1_1438042990112.50_20150728002310-00273-ip-10-236-191-2_869240800_0.csv,1,50,10.0,0.15,2000,2,692,500,False,False,False,500,0,500,0.06,0.0019404915912031048,,,True,2,0.08283086074516177,0.0030064787715673447,0.001115080900490284,0.07870930107310414,0.0011579561978578568,0.02471864176914096,0.0019408590160310268,0.11064994148910046
tier_10k,2000,1_1438042990112.50_20150728002310-00273-ip-10-236-191-2_869240800_0.csv,1,50,15.0,0.15,2000,2,692,750,True,False,False,692,0,692,0.06,0.0005079580088046055,,,False,0,0.08283086074516177,0.0030064787715673447,0.001115080900490284,0.07870930107310414,4.543084651231766e-05,0.03492258908227086,0.0021081208251416683,0.11990853073075414
tier_10k,2000,1_1438042990112.50_20150728002310-00273-ip-10-236-191-2_869240800_0.csv,1,50,20.0,0.15,2000,2,692,1000,True,False,False,692,0,692,0.06,0.0005079580088046055,,,False,0,0.08283086074516177,0.0030064787715673447,0.001115080900490284,0.07870930107310414,4.4255051761865616e-05,0.03444213839247823,0.002332240343093872,0.11965118395164609
tier_10k,2000,0_1438042988061.16_20150728002308-00096-ip-10-236-191-2_895004754_0.csv,0,10,5.0,0.15,2000,1,659,50,False,True,True,50,10,50,0.6666666666666666,0.038461538461538464,0.16666666666666666,18.288285553455353,True,2,0.07381662540137768,0.002845496404916048,0.0008318619802594185,0.07013926701620221,0.0010147527791559696,0.0024177590385079384,0.0032042101956903934,0.08045539259910583
tier_10k,2000,0_1438042988061.16_20150728002308-00096-ip-10-236-191-2_895004754_0.csv,0,10,10.0,0.15,2000,1,659,100,False,True,True,100,10,100,0.6666666666666666,0.0196078431372549,0.16666666666666666,18.288692831993103,True,2,0.07381662540137768,0.002845496404916048,0.0008318619802594185,0.07013926701620221,0.001067702192813158,0.004497006069868803,0.0026909220032393932,0.08207406755536795
tier_10k,2000,0_1438042988061.16_20150728002308-00096-ip-10-236-191-2_895004754_0.csv,0,10,15.0,0.15,2000,1,659,150,False,True,True,150,10,150,0.6666666666666666,0.013157894736842105,0.16666666666666666,18.302644312381744,True,2,0.07381662540137768,0.002845496404916048,0.0008318619802594185,0.07013926701620221,0.0010587680153548717,0.006789018865674734,0.0029820147901773453,0.08464824128895998
tier_10k,2000,0_1438042988061.16_20150728002308-00096-ip-10-236-191-2_895004754_0.csv,0,10,20.0,0.15,2000,1,659,200,False,True,True,200,10,200,0.6666666666666666,0.009900990099009901,0.16666666666666666,18.352186501026154,True,2,0.07381662540137768,0.002845496404916048,0.0008318619802594185,0.07013926701620221,0.0010644998401403427,0.008945379871875048,0.0036391052417457104,0.08746727975085378
tier_10k,2000,0_1438042988061.16_20150728002308-00096-ip-10-236-191-2_895004754_0.csv,0,20,5.0,0.15,2000,1,659,100,False,False,False,100,0,100,0.6666666666666666,0.0196078431372549,,,True,2,0.07381662540137768,0.002845496404916048,0.0008318619802594185,0.07013926701620221,0.0011258507147431374,0.004675318952649832,0.0008226800709962845,0.08044221717864275
tier_10k,2000,0_1438042988061.16_20150728002308-00096-ip-10-236-191-2_895004754_0.csv,0,20,10.0,0.15,2000,1,659,200,False,False,False,200,0,200,0.6666666666666666,0.009900990099009901,,,True,2,0.07381662540137768,0.002845496404916048,0.0008318619802594185,0.07013926701620221,0.0010528452694416046,0.009072791785001755,0.0011066482402384281,0.08505050651729107
tier_10k,2000,0_1438042988061.16_20150728002308-00096-ip-10-236-191-2_895004754_0.csv,0,20,15.0,0.15,2000,1,659,300,False,False,False,300,0,300,0.6666666666666666,0.006622516556291391,,,True,2,0.07381662540137768,0.002845496404916048,0.0008318619802594185,0.07013926701620221,0.0011031259782612324,0.01351158320903778,0.0009340853430330753,0.0893669561482966
tier_10k,2000,0_1438042988061.16_20150728002308-00096-ip-10-236-191-2_895004754_0.csv,0,20,20.0,0.15,2000,1,659,400,False,False,False,400,0,400,0.6666666666666666,0.004464285714285714,,,True,2,0.07381662540137768,0.002845496404916048,0.0008318619802594185,0.07013926701620221,0.0010026930831372738,0.016894780099391937,0.0014885356649756432,0.09320401260629296
tier_10k,2000,0_1438042988061.16_20150728002308-00096-ip-10-236-191-2_895004754_0.csv,0,30,5.0,0.15,2000,1,659,150,False,False,False,150,0,150,0.6666666666666666,0.013157894736842105,,,True,2,0.07381662540137768,0.002845496404916048,0.0008318619802594185,0.07013926701620221,0.0009441780857741833,0.005940084811300039,0.001018528826534748,0.08172089047729969
tier_10k,2000,0_1438042988061.16_20150728002308-00096-ip-10-236-191-2_895004754_0.csv,0,30,10.0,0.15,2000,1,659,300,False,False,False,300,0,300,0.6666666666666666,0.006622516556291391,,,True,2,0.07381662540137768,0.002845496404916048,0.0008318619802594185,0.07013926701620221,0.0010858732275664806,0.012896117754280567,0.0011151321232318878,0.08891516365110874
tier_10k,2000,0_1438042988061.16_20150728002308-00096-ip-10-236-191-2_895004754_0.csv,0,30,15.0,0.15,2000,1,659,450,False,False,False,450,0,450,0.6666666666666666,0.0038240917782026767,,,True,2,0.07381662540137768,0.002845496404916048,0.0008318619802594185,0.07013926701620221,0.0010191891342401505,0.017749939113855362,0.0015904163010418415,0.09417762141674757
tier_10k,2000,0_1438042988061.16_20150728002308-00096-ip-10-236-191-2_895004754_0.csv,0,30,20.0,0.15,2000,1,659,600,False,False,False,600,0,600,0.6666666666666666,0.0023584905660377358,,,True,2,0.07381662540137768,0.002845496404916048,0.0008318619802594185,0.07013926701620221,0.001071535050868988,0.023037107195705175,0.002078825142234564,0.10000554006546736
tier_10k,2000,0_1438042988061.16_20150728002308-00096-ip-10-236-191-2_895004754_0.csv,0,40,5.0,0.15,2000,1,659,200,False,False,False,200,0,200,0.6666666666666666,0.009900990099009901,,,True,2,0.07381662540137768,0.002845496404916048,0.0008318619802594185,0.07013926701620221,0.001054361928254366,0.008762539830058813,0.00114822993054986,0.08478332031518221
tier_10k,2000,0_1438042988061.16_20150728002308-00096-ip-10-236-191-2_895004754_0.csv,0,40,10.0,0.15,2000,1,659,400,False,False,False,400,0,400,0.6666666666666666,0.004464285714285714,,,True,2,0.07381662540137768,0.002845496404916048,0.0008318619802594185,0.07013926701620221,0.0010076728649437428,0.015639732126146555,0.0015150317922234535,0.09198041772469878
tier_10k,2000,0_1438042988061.16_20150728002308-00096-ip-10-236-191-2_895004754_0.csv,0,40,15.0,0.15,2000,1,659,600,False,False,False,600,0,600,0.6666666666666666,0.0023584905660377358,,,True,2,0.07381662540137768,0.002845496404916048,0.0008318619802594185,0.07013926701620221,0.0010760747827589512,0.023751779925078154,0.0018640970811247826,0.1005101315677166
tier_10k,2000,0_1438042988061.16_20150728002308-00096-ip-10-236-191-2_895004754_0.csv,0,40,20.0,0.15,2000,1,659,800,True,False,False,659,0,659,0.6666666666666666,0.0018596001859600185,,,False,0,0.07381662540137768,0.002845496404916048,0.0008318619802594185,0.07013926701620221,4.45307232439518e-05,0.026378529146313667,0.0017646257765591145,0.1020058155991137
tier_10k,2000,0_1438042988061.16_20150728002308-00096-ip-10-236-191-2_895004754_0.csv,0,50,5.0,0.15,2000,1,659,250,False,False,False,250,0,250,0.6666666666666666,0.007936507936507936,,,True,2,0.07381662540137768,0.002845496404916048,0.0008318619802594185,0.07013926701620221,0.0009936210699379444,0.010337725281715393,0.0010872967541217804,0.08623659331351519
tier_10k,2000,0_1438042988061.16_20150728002308-00096-ip-10-236-191-2_895004754_0.csv,0,50,10.0,0.15,2000,1,659,500,False,False,False,500,0,500,0.6666666666666666,0.0032520325203252032,,,True,2,0.07381662540137768,0.002845496404916048,0.0008318619802594185,0.07013926701620221,0.0010350821539759636,0.019102133344858885,0.0018601082265377045,0.09581537498161197
tier_10k,2000,0_1438042988061.16_20150728002308-00096-ip-10-236-191-2_895004754_0.csv,0,50,15.0,0.15,2000,1,659,750,True,False,False,659,0,659,0.6666666666666666,0.0018596001859600185,,,False,0,0.07381662540137768,0.002845496404916048,0.0008318619802594185,0.07013926701620221,4.377588629722595e-05,0.027285397052764893,0.0018081809394061565,0.10295547405257821
tier_10k,2000,0_1438042988061.16_20150728002308-00096-ip-10-236-191-2_895004754_0.csv,0,50,20.0,0.15,2000,1,659,1000,True,False,False,659,0,659,0.6666666666666666,0.0018596001859600185,,,False,0,0.07381662540137768,0.002845496404916048,0.0008318619802594185,0.07013926701620221,4.3954234570264816e-05,0.02607412775978446,0.0020196670666337013,0.10195601917803288
tier_10k,2000,1_1438042987127.36_20150728002307-00114-ip-10-236-191-2_902351685_191.csv,0,10,5.0,0.15,2000,410,856,50,False,True,True,50,10,50,0.5,0.8421052631578947,0.7948717948717948,18.294734477996826,True,2,0.10006985301151872,0.0036416458897292614,0.001330261118710041,0.09509794600307941,0.0011181700974702835,0.0015723858959972858,0.003826029133051634,0.10658827517181635
tier_10k,2000,1_1438042987127.36_20150728002307-00114-ip-10-236-191-2_902351685_191.csv,0,10,10.0,0.15,2000,410,856,100,False,True,True,100,10,100,0.5,0.6310904872389791,0.5,18.942940771579742,True,2,0.10006985301151872,0.0036416458897292614,0.001330261118710041,0.09509794600307941,0.001312649343162775,0.003358371090143919,0.00296781025826931,0.10771032376214862
tier_10k,2000,1_1438042987127.36_20150728002307-00114-ip-10-236-191-2_902351685_191.csv,0,10,15.0,0.15,2000,410,856,150,False,True,True,150,10,150,0.5,0.5625879043600562,0.4852941176470588,19.142824172973633,True,2,0.10006985301151872,0.0036416458897292614,0.001330261118710041,0.09509794600307941,0.0013053989969193935,0.005000304896384478,0.0032970448955893517,0.10967436898499727
tier_10k,2000,1_1438042987127.36_20150728002307-00114-ip-10-236-191-2_902351685_191.csv,0,10,20.0,0.15,2000,410,856,200,False,True,True,200,10,200,0.5,0.5,0.4507042253521127,19.21106594800949,True,2,0.10006985301151872,0.0036416458897292614,0.001330261118710041,0.09509794600307941,0.0013424139469861984,0.007247297093272209,0.003675175830721855,0.11233644373714924
tier_10k,2000,1_1438042987127.36_20150728002307-00114-ip-10-236-191-2_902351685_191.csv,0,20,5.0,0.15,2000,410,856,100,False,True,True,100,20,100,0.5,0.6310904872389791,0.5163934426229508,37.631425857543945,True,2,0.10006985301151872,0.0036416458897292614,0.001330261118710041,0.09509794600307941,0.0012797187082469463,0.0032758796587586403,0.0027997680008411407,0.10742681566625834
tier_10k,2000,1_1438042987127.36_20150728002307-00114-ip-10-236-191-2_902351685_191.csv,0,20,10.0,0.15,2000,410,856,200,False,True,True,200,20,200,0.5,0.5,0.46616541353383456,38.129755079746246,True,2,0.10006985301151872,0.0036416458897292614,0.001330261118710041,0.09509794600307941,0.0013283970765769482,0.0065970090217888355,0.00401073694229126,0.11200783820822835
tier_10k,2000,1_1438042987127.36_20150728002307-00114-ip-10-236-191-2_902351685_191.csv,0,20,15.0,0.15,2000,410,856,300,False,True,True,300,20,300,0.5,0.42228152101400934,0.45588235294117646,38.12994784116745,True,3,0.10006985301151872,0.0036416458897292614,0.001330261118710041,0.09509794600307941,0.001973325852304697,0.009815274737775326,0.004074307158589363,0.11593453586101532
tier_10k,2000,1_1438042987127.36_20150728002307-00114-ip-10-236-191-2_902351685_191.csv,0,20,20.0,0.15,2000,410,856,400,False,True,True,400,20,400,0.5,0.36506511001347103,0.45255474452554745,38.13879853487015,True,2,0.10006985301151872,0.0036416458897292614,0.001330261118710041,0.09509794600307941,0.0014156908728182316,0.012595860753208399,0.004818689078092575,0.11890167696401477
tier_10k,2000,1_1438042987127.36_20150728002307-00114-ip-10-236-191-2_902351685_191.csv,0,30,5.0,0.15,2000,410,856,150,False,True,True,150,30,150,0.5,0.5625879043600562,0.5,56.69651836156845,True,2,0.10006985301151872,0.0036416458897292614,0.001330261118710041,0.09509794600307941,0.001303217839449644,0.004901457112282515,0.003136103041470051,0.10941231483593583
tier_10k,2000,1_1438042987127.36_20150728002307-00114-ip-10-236-191-2_902351685_191.csv,0,30,10.0,0.15,2000,410,856,300,False,True,True,300,30,300,0.5,0.42228152101400934,0.441747572815534,56.943582236766815,True,3,0.10006985301151872,0.0036416458897292614,0.001330261118710041,0.09509794600307941,0.0017892811447381973,0.009575221687555313,0.004531330894678831,0.11596755404025316
tier_10k,2000,1_1438042987127.36_20150728002307-00114-ip-10-236-191-2_902351685_191.csv,0,30,15.0,0.15,2000,410,856,450,False,True,True,450,30,450,0.5,0.34164989939637824,0.41818181818181815,56.97478526830673,True,3,0.10006985301151872,0.0036416458897292614,0.001330261118710041,0.09509794600307941,0.0018865130841732025,0.014278501737862825,0.004955147858709097,0.1211917931213975
tier_10k,2000,1_1438042987127.36_20150728002307-00114-ip-10-236-191-2_902351685_191.csv,0,30,20.0,0.15,2000,410,856,600,False,True,True,600,30,600,0.5,0.2817725752508361,0.39473684210526316,57.0047767162323,True,2,0.10006985301151872,0.0036416458897292614,0.001330261118710041,0.09509794600307941,0.0015020552091300488,0.01940523972734809,0.005882833153009415,0.1268618511967361
tier_10k,2000,1_1438042987127.36_20150728002307-00114-ip-10-236-191-2_902351685_191.csv,0,40,5.0,0.15,2000,410,856,200,False,True,True,200,40,200,0.5,0.5,0.45384615384615384,75.62354427576065,True,2,0.10006985301151872,0.0036416458897292614,0.001330261118710041,0.09509794600307941,0.0013527129776775837,0.006530638784170151,0.004175764974206686,0.11213078675791621
tier_10k,2000,1_1438042987127.36_20150728002307-00114-ip-10-236-191-2_902351685_191.csv,0,40,10.0,0.15,2000,410,856,400,False,True,True,400,40,400,0.5,0.36506511001347103,0.4244604316546763,75.72608762979507,True,2,0.10006985301151872,0.0036416458897292614,0.001330261118710041,0.09509794600307941,0.001552792266011238,0.012690442614257336,0.005021709017455578,0.11933652125298977
tier_10k,2000,1_1438042987127.36_20150728002307-00114-ip-10-236-191-2_902351685_191.csv,0,40,15.0,0.15,2000,410,856,600,False,True,True,600,40,600,0.5,0.2817725752508361,0.38235294117647056,75.79787278175354,True,2,0.10006985301151872,0.0036416458897292614,0.001330261118710041,0.09509794600307941,0.001496882177889347,0.01985454699024558,0.005958742927759886,0.1273818789049983
tier_10k,2000,1_1438042987127.36_20150728002307-00114-ip-10-236-191-2_902351685_191.csv,0,40,20.0,0.15,2000,410,856,800,False,True,True,800,40,800,0.5,0.16335433834222007,0.38235294117647056,75.79787278175354,True,2,0.10006985301151872,0.0036416458897292614,0.001330261118710041,0.09509794600307941,0.0015993472188711166,0.026790117379277945,0.0064470660872757435,0.13490810617804527
tier_10k,2000,1_1438042987127.36_20150728002307-00114-ip-10-236-191-2_902351685_191.csv,0,50,5.0,0.15,2000,410,856,250,False,True,True,250,50,250,0.5,0.45854063018242125,0.4517133956386293,94.20141172409058,True,2,0.10006985301151872,0.0036416458897292614,0.001330261118710041,0.09509794600307941,0.001343918964266777,0.00802542082965374,0.004182834178209305,0.11362369917333126
tier_10k,2000,1_1438042987127.36_20150728002307-00114-ip-10-236-191-2_902351685_191.csv,0,50,10.0,0.15,2000,410,856,500,False,True,True,500,50,500,0.5,0.323880116016758,0.38242894056847543,94.5221391916275,True,3,0.10006985301151872,0.0036416458897292614,0.001330261118710041,0.09509794600307941,0.001928688958287239,0.015630791895091534,0.005177800077944994,0.12280882988125086
tier_10k,2000,1_1438042987127.36_20150728002307-00114-ip-10-236-191-2_902351685_191.csv,0,50,15.0,0.15,2000,410,856,750,False,True,True,750,50,750,0.5,0.19846878680800942,0.37628865979381443,94.54402631521225,True,2,0.10006985301151872,0.0036416458897292614,0.001330261118710041,0.09509794600307941,0.0015614759176969528,0.024782867170870304,0.006524614989757538,0.13294061506167054
tier_10k,2000,1_1438042987127.36_20150728002307-00114-ip-10-236-191-2_902351685_191.csv,0,50,20.0,0.15,2000,410,856,1000,True,True,True,856,50,856,0.5,0.08607918263090678,0.37628865979381443,94.54402631521225,False,0,0.10006985301151872,0.0036416458897292614,0.001330261118710041,0.09509794600307941,5.642790347337723e-05,0.029976169113069773,0.0068563008680939674,0.13696048129349947
tier_10k,2000,1_1438042987127.36_20150728002307-00182-ip-10-236-191-2_150862475_5.csv,8,10,5.0,0.15,2000,1177,1134,50,False,True,True,50,10,50,0.3333333333333333,0.367816091954023,0.35294117647058826,82.03222930431366,True,2,0.13327083783224225,0.00288411695510149,0.0019067670218646526,0.1284799538552761,0.0015199691988527775,0.024626013822853565,0.003364367876201868,0.16278332378715277
tier_10k,2000,1_1438042987127.36_20150728002307-00182-ip-10-236-191-2_150862475_5.csv,8,10,10.0,0.15,2000,1177,1134,100,False,True,True,100,10,100,0.3333333333333333,0.2748917748917749,0.34210526315789475,84.14508414268494,True,2,0.13327083783224225,0.00288411695510149,0.0019067670218646526,0.1284799538552761,0.001862875185906887,0.04654225520789623,0.003989520948380232,0.1856673718430102
tier_10k,2000,1_1438042987127.36_20150728002307-00182-ip-10-236-191-2_150862475_5.csv,8,10,15.0,0.15,2000,1177,1134,150,False,True,True,150,10,150,0.3333333333333333,0.24859550561797752,0.2926829268292683,84.16615551710129,True,2,0.13327083783224225,0.00288411695510149,0.0019067670218646526,0.1284799538552761,0.0017326949164271355,0.0641406187787652,0.004573096055537462,0.2037191758863628
tier_10k,2000,1_1438042987127.36_20150728002307-00182-ip-10-236-191-2_150862475_5.csv,8,10,20.0,0.15,2000,1177,1134,200,False,True,True,200,10,200,0.3333333333333333,0.23596673596673598,0.2926829268292683,84.16615551710129,True,2,0.13327083783224225,0.00288411695510149,0.0019067670218646526,0.1284799538552761,0.003513603936880827,0.11359234619885683,0.005410811398178339,0.25579052278771996
tier_10k,2000,1_1438042987127.36_20150728002307-00182-ip-10-236-191-2_150862475_5.csv,8,20,5.0,0.15,2000,1177,1134,100,False,True,True,100,20,100,0.3333333333333333,0.2748917748917749,0.3018867924528302,140.78987768292427,True,2,0.13327083783224225,0.00288411695510149,0.0019067670218646526,0.1284799538552761,0.0036538043059408665,0.06278420798480511,0.004308740142732859,0.20402031065896153
tier_10k,2000,1_1438042987127.36_20150728002307-00182-ip-10-236-191-2_150862475_5.csv,8,20,10.0,0.15,2000,1177,1134,200,False,True,True,200,20,200,0.3333333333333333,0.23596673596673598,0.2909090909090909,143.05763962864876,True,2,0.13327083783224225,0.00288411695510149,0.0019067670218646526,0.1284799538552761,0.0037133502773940563,0.11365626193583012,0.00574029516428709,0.25638337060809135
tier_10k,2000,1_1438042987127.36_20150728002307-00182-ip-10-236-191-2_150862475_5.csv,8,20,15.0,0.15,2000,1177,1134,300,False,True,True,300,20,300,0.3333333333333333,0.22366621067031464,0.2882882882882883,143.67247518897057,True,2,0.13327083783224225,0.00288411695510149,0.0019067670218646526,0.1284799538552761,0.0036100177094340324,0.16341200796887279,0.005192744079977274,0.3054881929419935
tier_10k,2000,1_1438042987127.36_20150728002307-00182-ip-10-236-191-2_150862475_5.csv,8,20,20.0,0.15,2000,1177,1134,400,False,True,True,400,20,400,0.3333333333333333,0.21506442021803765,0.2857142857142857,143.9864472746849,True,2,0.13327083783224225,0.00288411695510149,0.0019067670218646526,0.1284799538552761,0.003670397214591503,0.21363490680232644,0.005782011896371841,0.3563607935793698
tier_10k,2000,1_1438042987127.36_20150728002307-00182-ip-10-236-191-2_150862475_5.csv,8,30,5.0,0.15,2000,1177,1134,150,False,True,True,150,30,150,0.3333333333333333,0.24859550561797752,0.27631578947368424,192.26386681199074,True,2,0.13327083783224225,0.00288411695510149,0.0019067670218646526,0.1284799538552761,0.0021519577130675316,0.08777436194941401,0.004439826123416424,0.22763909585773945
tier_10k,2000,1_1438042987127.36_20150728002307-00182-ip-10-236-191-2_150862475_5.csv,8,30,10.0,0.15,2000,1177,1134,300,False,True,True,300,30,300,0.3333333333333333,0.22366621067031464,0.2709677419354839,195.12155762314796,True,2,0.13327083783224225,0.00288411695510149,0.0019067670218646526,0.1284799538552761,0.002189496997743845,0.1642344961874187,0.0049789040349423885,0.3046765089966357
tier_10k,2000,1_1438042987127.36_20150728002307-00182-ip-10-236-191-2_150862475_5.csv,8,30,15.0,0.15,2000,1177,1134,450,False,True,True,450,30,450,0.3333333333333333,0.2088006902502157,0.2625,201.06683483719826,True,2,0.13327083783224225,0.00288411695510149,0.0019067670218646526,0.1284799538552761,0.0024328636936843395,0.23991732811555266,0.0059514460153877735,0.3815748495981097
tier_10k,2000,1_1438042987127.36_20150728002307-00182-ip-10-236-191-2_150862475_5.csv,8,30,20.0,0.15,2000,1177,1134,600,False,True,True,600,30,600,0.3333333333333333,0.18527564549895326,0.1509433962264151,320.8098781108856,True,3,0.13327083783224225,0.00288411695510149,0.0019067670218646526,0.1284799538552761,0.003194820135831833,0.33542443392798305,0.03518601460382342,0.5070786559954286
tier_10k,2000,1_1438042987127.36_20150728002307-00182-ip-10-236-191-2_150862475_5.csv,8,40,5.0,0.15,2000,1177,1134,200,False,True,True,200,40,200,0.3333333333333333,0.23596673596673598,0.25742574257425743,240.67517924308777,True,2,0.13327083783224225,0.00288411695510149,0.0019067670218646526,0.1284799538552761,0.0023418148048222065,0.11284504318609834,0.0048463111743330956,0.253307085018605
tier_10k,2000,1_1438042987127.36_20150728002307-00182-ip-10-236-191-2_150862475_5.csv,8,40,10.0,0.15,2000,1177,1134,400,False,True,True,400,40,400,0.3333333333333333,0.21506442021803765,0.2561576354679803,246.19164696335793,True,2,0.13327083783224225,0.00288411695510149,0.0019067670218646526,0.1284799538552761,0.0023887688294053078,0.21324731316417456,0.0057576680555939674,0.354666908737272
tier_10k,2000,1_1438042987127.36_20150728002307-00182-ip-10-236-191-2_150862475_5.csv,8,40,15.0,0.15,2000,1177,1134,600,False,True,True,600,40,600,0.3333333333333333,0.18527564549895326,0.15267175572519084,413.1808565855026,True,3,0.13327083783224225,0.00288411695510149,0.0019067670218646526,0.1284799538552761,0.0032170601189136505,0.33420041622594,0.017954594921320677,0.48864519875496626
tier_10k,2000,1_1438042987127.36_20150728002307-00182-ip-10-236-191-2_150862475_5.csv,8,40,20.0,0.15,2000,1177,1134,800,False,True,True,800,40,800,0.3333333333333333,0.1405349794238683,0.15037593984962405,415.3699635863304,True,3,0.13327083783224225,0.00288411695510149,0.0019067670218646526,0.1284799538552761,0.0033996952697634697,0.45113325072452426,0.08320606127381325,0.6710124467499554
tier_10k,2000,1_1438042987127.36_20150728002307-00182-ip-10-236-191-2_150862475_5.csv,8,50,5.0,0.15,2000,1177,1134,250,False,True,True,250,50,250,0.3333333333333333,0.22854785478547854,0.24603174603174602,290.4401621520519,True,2,0.13327083783224225,0.00288411695510149,0.0019067670218646526,0.1284799538552761,0.0023312349803745747,0.1395009239204228,0.004971046932041645,0.28007687302306294
tier_10k,2000,1_1438042987127.36_20150728002307-00182-ip-10-236-191-2_150862475_5.csv,8,50,10.0,0.15,2000,1177,1134,500,False,True,True,500,50,500,0.3333333333333333,0.2018348623853211,0.21,386.8313492834568,True,3,0.13327083783224225,0.00288411695510149,0.0019067670218646526,0.1284799538552761,0.003153386991471052,0.2716925567947328,0.006734339985996485,0.41485365061089396
tier_10k,2000,1_1438042987127.36_20150728002307-00182-ip-10-236-191-2_150862475_5.csv,8,50,15.0,0.15,2000,1177,1134,750,False,True,True,750,50,750,0.3333333333333333,0.15239685189601718,0.15060240963855423,504.6557413339615,True,3,0.13327083783224225,0.00288411695510149,0.0019067670218646526,0.1284799538552761,0.0033552278764545918,0.4212490194477141,0.020327613223344088,0.5782054476439953
tier_10k,2000,1_1438042987127.36_20150728002307-00182-ip-10-236-191-2_150862475_5.csv,8,50,20.0,0.15,2000,1177,1134,1000,False,True,True,1000,50,1000,0.3333333333333333,0.09583289597984675,0.15028901734104047,505.13384050130844,True,3,0.13327083783224225,0.00288411695510149,0.0019067670218646526,0.1284799538552761,0.003635014872997999,0.5879660309292376,0.04045475786551833,0.7653293367475271
tier_10k,2000,1_1438042987127.36_20150728002307-00015-ip-10-236-191-2_372255835_10.csv,2,10,5.0,0.15,2000,1,523,50,False,True,True,50,10,50,0.5,0.03773584905660377,0.15384615384615385,33.04957753419876,True,2,0.08732650708407164,0.004243286792188883,0.001332550309598446,0.08175066998228431,0.0010517300106585026,0.006154010072350502,0.004405671264976263,0.09894041391089559
tier_10k,2000,1_1438042987127.36_20150728002307-00015-ip-10-236-191-2_372255835_10.csv,2,10,10.0,0.15,2000,1,523,100,False,True,True,100,10,100,0.5,0.019417475728155338,0.15384615384615385,33.862302243709564,True,2,0.08732650708407164,0.004243286792188883,0.001332550309598446,0.08175066998228431,0.0016609057784080505,0.013830180745571852,0.004406272899359465,0.10722660226747394
tier_10k,2000,1_1438042987127.36_20150728002307-00015-ip-10-236-191-2_372255835_10.csv,2,10,15.0,0.15,2000,1,523,150,False,True,True,150,10,150,0.5,0.012658227848101266,0.15384615384615385,34.26277530193329,True,2,0.08732650708407164,0.004243286792188883,0.001332550309598446,0.08175066998228431,0.0016834549605846405,0.018318103160709143,0.004794511012732983,0.11212522024288774
tier_10k,2000,1_1438042987127.36_20150728002307-00015-ip-10-236-191-2_372255835_10.csv,2,10,20.0,0.15,2000,1,523,200,False,True,True,200,10,200,0.5,0.008583690987124463,0.15384615384615385,34.26277530193329,True,2,0.08732650708407164,0.004243286792188883,0.001332550309598446,0.08175066998228431,0.0017076842486858368,0.02442512894049287,0.005169860552996397,0.11863199714571238
tier_10k,2000,1_1438042987127.36_20150728002307-00015-ip-10-236-191-2_372255835_10.csv,2,20,5.0,0.15,2000,1,523,100,False,False,False,100,0,100,0.5,0.019417475728155338,,,True,2,0.08732650708407164,0.004243286792188883,0.001332550309598446,0.08175066998228431,0.0016435696743428707,0.01262757321819663,0.0013471138663589954,0.10294708237051964
tier_10k,2000,1_1438042987127.36_20150728002307-00015-ip-10-236-191-2_372255835_10.csv,2,20,10.0,0.15,2000,1,523,200,False,False,False,200,0,200,0.5,0.008583690987124463,,,True,2,0.08732650708407164,0.004243286792188883,0.001332550309598446,0.08175066998228431,0.0010424228385090828,0.02261208789423108,0.0014155148528516293,0.11239844234660268
tier_10k,2000,1_1438042987127.36_20150728002307-00015-ip-10-236-191-2_372255835_10.csv,2,20,15.0,0.15,2000,1,523,300,False,False,False,300,0,300,0.5,0.004962779156327543,,,True,2,0.08732650708407164,0.004243286792188883,0.001332550309598446,0.08175066998228431,0.001079510897397995,0.032523442059755325,0.0020001279190182686,0.12293164618313313
tier_10k,2000,1_1438042987127.36_20150728002307-00015-ip-10-236-191-2_372255835_10.csv,2,20,20.0,0.15,2000,1,523,400,False,False,False,400,0,400,0.5,0.003236245954692557,,,True,2,0.08732650708407164,0.004243286792188883,0.001332550309598446,0.08175066998228431,0.0011462662369012833,0.042692750692367554,0.0022101877257227898,0.13337806798517704
tier_10k,2000,1_1438042987127.36_20150728002307-00015-ip-10-236-191-2_372255835_10.csv,2,30,5.0,0.15,2000,1,523,150,False,False,False,150,0,150,0.5,0.012658227848101266,,,True,2,0.08732650708407164,0.004243286792188883,0.001332550309598446,0.08175066998228431,0.0010572350583970547,0.017253917641937733,0.001422049943357706,0.10706171207129955
tier_10k,2000,1_1438042987127.36_20150728002307-00015-ip-10-236-191-2_372255835_10.csv,2,30,10.0,0.15,2000,1,523,300,False,False,False,300,0,300,0.5,0.004962779156327543,,,True,2,0.08732650708407164,0.004243286792188883,0.001332550309598446,0.08175066998228431,0.0011061676777899265,0.03226460237056017,0.002071053721010685,0.1227703969925642
tier_10k,2000,1_1438042987127.36_20150728002307-00015-ip-10-236-191-2_372255835_10.csv,2,30,15.0,0.15,2000,1,523,450,False,False,False,450,0,450,0.5,0.0026917900403768506,,,True,2,0.08732650708407164,0.004243286792188883,0.001332550309598446,0.08175066998228431,0.0011747358366847038,0.04739625193178654,0.0021077520214021206,0.13800725433975458
tier_10k,2000,1_1438042987127.36_20150728002307-00015-ip-10-236-191-2_372255835_10.csv,2,30,20.0,0.15,2000,1,523,600,True,False,False,523,0,523,0.5,0.0017921146953405018,,,False,0,0.08732650708407164,0.004243286792188883,0.001332550309598446,0.08175066998228431,4.304107278585434e-05,0.05400880007073283,0.002310441806912422,0.14369067503139377
tier_10k,2000,1_1438042987127.36_20150728002307-00015-ip-10-236-191-2_372255835_10.csv,2,40,5.0,0.15,2000,1,523,200,False,False,False,200,0,200,0.5,0.008583690987124463,,,True,2,0.08732650708407164,0.004243286792188883,0.001332550309598446,0.08175066998228431,0.0010482599027454853,0.022405717987567186,0.0017213658429682255,0.11250373907387257
tier_10k,2000,1_1438042987127.36_20150728002307-00015-ip-10-236-191-2_372255835_10.csv,2,40,10.0,0.15,2000,1,523,400,False,False,False,400,0,400,0.5,0.003236245954692557,,,True,2,0.08732650708407164,0.004243286792188883,0.001332550309598446,0.08175066998228431,0.0011273580603301525,0.04199138795956969,0.0019616717472672462,0.13240888714790344
tier_10k,2000,1_1438042987127.36_20150728002307-00015-ip-10-236-191-2_372255835_10.csv,2,40,15.0,0.15,2000,1,523,600,True,False,False,523,0,523,0.5,0.0017921146953405018,,,False,0,0.08732650708407164,0.004243286792188883,0.001332550309598446,0.08175066998228431,4.238216206431389e-05,0.05358383897691965,0.0022428520023822784,0.1431974833831191
tier_10k,2000,1_1438042987127.36_20150728002307-00015-ip-10-236-191-2_372255835_10.csv,2,40,20.0,0.15,2000,1,523,800,True,False,False,523,0,523,0.5,0.0017921146953405018,,,False,0,0.08732650708407164,0.004243286792188883,0.001332550309598446,0.08175066998228431,4.2415689677000046e-05,0.05310478713363409,0.0022739539854228497,0.14274946693331003
tier_10k,2000,1_1438042987127.36_20150728002307-00015-ip-10-236-191-2_372255835_10.csv,2,50,5.0,0.15,2000,1,523,250,False,False,False,250,0,250,0.5,0.006493506493506494,,,True,2,0.08732650708407164,0.004243286792188883,0.001332550309598446,0.08175066998228431,0.0010718391276896,0.027571684680879116,0.0016434649005532265,0.11761547531932592
tier_10k,2000,1_1438042987127.36_20150728002307-00015-ip-10-236-191-2_372255835_10.csv,2,50,10.0,0.15,2000,1,523,500,False,False,False,500,0,500,0.5,0.002211166390270868,,,True,2,0.08732650708407164,0.004243286792188883,0.001332550309598446,0.08175066998228431,0.0011818679049611092,0.0538713033311069,0.0019554616883397102,0.14433725597336888
tier_10k,2000,1_1438042987127.36_20150728002307-00015-ip-10-236-191-2_372255835_10.csv,2,50,15.0,0.15,2000,1,523,750,True,False,False,523,0,523,0.5,0.0017921146953405018,,,False,0,0.08732650708407164,0.004243286792188883,0.001332550309598446,0.08175066998228431,4.438869655132294e-05,0.05349720735102892,0.002248465083539486,0.14311833586543798
tier_10k,2000,1_1438042987127.36_20150728002307-00015-ip-10-236-191-2_372255835_10.csv,2,50,20.0,0.15,2000,1,523,1000,True,False,False,523,0,523,0.5,0.0017921146953405018,,,False,0,0.08732650708407164,0.004243286792188883,0.001332550309598446,0.08175066998228431,4.250695928931236e-05,0.05523311020806432,0.0022105760872364044,0.14481461606919765
tier_10k,2000,0_1438042988458.74_20150728002308-00325-ip-10-236-191-2_265100376_0.csv,0,10,5.0,0.15,2000,1,745,50,False,False,False,50,0,50,0.1111111111111111,0.017241379310344827,,,True,2,0.1190297701396048,0.004140894860029221,0.0015281550586223602,0.11336072022095323,0.0014120028354227543,0.0029630442149937153,0.0016274908557534218,0.12503439281135798
tier_10k,2000,0_1438042988458.74_20150728002308-00325-ip-10-236-191-2_265100376_0.csv,0,10,10.0,0.15,2000,1,745,100,False,False,False,100,0,100,0.1111111111111111,0.008928571428571428,,,True,2,0.1190297701396048,0.004140894860029221,0.0015281550586223602,0.11336072022095323,0.0014951527118682861,0.0054626171477139,0.0012940792366862297,0.12728363554924726
tier_10k,2000,0_1438042988458.74_20150728002308-00325-ip-10-236-191-2_265100376_0.csv,0,10,15.0,0.15,2000,1,745,150,False,False,False,150,0,150,0.1111111111111111,0.0053475935828877,,,True,2,0.1190297701396048,0.004140894860029221,0.0015281550586223602,0.11336072022095323,0.00146133778616786,0.007966414093971252,0.0016642659902572632,0.13012356916442513
tier_10k,2000,0_1438042988458.74_20150728002308-00325-ip-10-236-191-2_265100376_0.csv,0,10,20.0,0.15,2000,1,745,200,False,False,False,200,0,200,0.1111111111111111,0.003816793893129771,,,True,2,0.1190297701396048,0.004140894860029221,0.0015281550586223602,0.11336072022095323,0.0014946451410651207,0.010418999008834362,0.0017277072183787823,0.13267302513122559
tier_10k,2000,0_1438042988458.74_20150728002308-00325-ip-10-236-191-2_265100376_0.csv,0,20,5.0,0.15,2000,1,745,100,False,False,False,100,0,100,0.1111111111111111,0.008928571428571428,,,True,2,0.1190297701396048,0.004140894860029221,0.0015281550586223602,0.11336072022095323,0.0014325259253382683,0.005267489235848188,0.0011148080229759216,0.12684647412970662
tier_10k,2000,0_1438042988458.74_20150728002308-00325-ip-10-236-191-2_265100376_0.csv,0,20,10.0,0.15,2000,1,745,200,False,False,False,200,0,200,0.1111111111111111,0.003816793893129771,,,True,2,0.1190297701396048,0.004140894860029221,0.0015281550586223602,0.11336072022095323,0.0014710458926856518,0.010238866787403822,0.0013226778246462345,0.1320642433129251
tier_10k,2000,0_1438042988458.74_20150728002308-00325-ip-10-236-191-2_265100376_0.csv,0,20,15.0,0.15,2000,1,745,300,False,False,False,300,0,300,0.1111111111111111,0.0021253985122210413,,,True,2,0.1190297701396048,0.004140894860029221,0.0015281550586223602,0.11336072022095323,0.0015064841136336327,0.015629233326762915,0.0015243026427924633,0.1376915373839438
tier_10k,2000,0_1438042988458.74_20150728002308-00325-ip-10-236-191-2_265100376_0.csv,0,20,20.0,0.15,2000,1,745,400,False,False,False,400,0,400,0.1111111111111111,0.0013879250520471894,,,True,2,0.1190297701396048,0.004140894860029221,0.0015281550586223602,0.11336072022095323,0.001570811029523611,0.02019227622076869,0.0020949351601302624,0.1428898721933365
tier_10k,2000,0_1438042988458.74_20150728002308-00325-ip-10-236-191-2_265100376_0.csv,0,30,5.0,0.15,2000,1,745,150,False,False,False,150,0,150,0.1111111111111111,0.0053475935828877,,,True,2,0.1190297701396048,0.004140894860029221,0.0015281550586223602,0.11336072022095323,0.0014949142932891846,0.007910694926977158,0.001529039815068245,0.1299665062688291
tier_10k,2000,0_1438042988458.74_20150728002308-00325-ip-10-236-191-2_265100376_0.csv,0,30,10.0,0.15,2000,1,745,300,False,False,False,300,0,300,0.1111111111111111,0.0021253985122210413,,,True,2,0.1190297701396048,0.004140894860029221,0.0015281550586223602,0.11336072022095323,0.0015517650172114372,0.015366447158157825,0.0017059962265193462,0.13765586679801345
tier_10k,2000,0_1438042988458.74_20150728002308-00325-ip-10-236-191-2_265100376_0.csv,0,30,15.0,0.15,2000,1,745,450,False,False,False,450,0,450,0.1111111111111111,0.0011514104778353484,,,True,2,0.1190297701396048,0.004140894860029221,0.0015281550586223602,0.11336072022095323,0.0015903362073004246,0.022547267843037844,0.002178468741476536,0.1453479304909706
tier_10k,2000,0_1438042988458.74_20150728002308-00325-ip-10-236-191-2_265100376_0.csv,0,30,20.0,0.15,2000,1,745,600,False,False,False,600,0,600,0.1111111111111111,0.00071301247771836,,,True,2,0.1190297701396048,0.004140894860029221,0.0015281550586223602,0.11336072022095323,0.0016726311296224594,0.0296517014503479,0.0026180152781307697,0.15297420835122466
tier_10k,2000,0_1438042988458.74_20150728002308-00325-ip-10-236-191-2_265100376_0.csv,0,40,5.0,0.15,2000,1,745,200,False,False,False,200,0,200,0.1111111111111111,0.003816793893129771,,,True,2,0.1190297701396048,0.004140894860029221,0.0015281550586223602,0.11336072022095323,0.0015229112468659878,0.010419214144349098,0.0015701153315603733,0.13254382321611047
tier_10k,2000,0_1438042988458.74_20150728002308-00325-ip-10-236-191-2_265100376_0.csv,0,40,10.0,0.15,2000,1,745,400,False,False,False,400,0,400,0.1111111111111111,0.0013879250520471894,,,True,2,0.1190297701396048,0.004140894860029221,0.0015281550586223602,0.11336072022095323,0.0015825917944312096,0.020167669747024775,0.0019592083990573883,0.1427413742057979
tier_10k,2000,0_1438042988458.74_20150728002308-00325-ip-10-236-191-2_265100376_0.csv,0,40,15.0,0.15,2000,1,745,600,False,False,False,600,0,600,0.1111111111111111,0.00071301247771836,,,True,2,0.1190297701396048,0.004140894860029221,0.0015281550586223602,0.11336072022095323,0.0016570761799812317,0.029264577198773623,0.0021529668010771275,0.15210637031123042
tier_10k,2000,0_1438042988458.74_20150728002308-00325-ip-10-236-191-2_265100376_0.csv,0,40,20.0,0.15,2000,1,745,800,True,False,False,745,0,745,0.1111111111111111,0.0003339455668725998,,,False,0,0.1190297701396048,0.004140894860029221,0.0015281550586223602,0.11336072022095323,6.0747843235731125e-05,0.03724020626395941,0.0026340391486883163,0.1589665962383151
tier_10k,2000,0_1438042988458.74_20150728002308-00325-ip-10-236-191-2_265100376_0.csv,0,50,5.0,0.15,2000,1,745,250,False,False,False,250,0,250,0.1111111111111111,0.0027662517289073307,,,True,2,0.1190297701396048,0.004140894860029221,0.0015281550586223602,0.11336072022095323,0.0015236414037644863,0.012625372968614101,0.0015706541016697884,0.13475132593885064
tier_10k,2000,0_1438042988458.74_20150728002308-00325-ip-10-236-191-2_265100376_0.csv,0,50,10.0,0.15,2000,1,745,500,False,False,False,500,0,500,0.1111111111111111,0.000980392156862745,,,True,2,0.1190297701396048,0.004140894860029221,0.0015281550586223602,0.11336072022095323,0.0016193250194191933,0.024202927015721798,0.0020167138427495956,0.14687069226056337
tier_10k,2000,0_1438042988458.74_20150728002308-00325-ip-10-236-191-2_265100376_0.csv,0,50,15.0,0.15,2000,1,745,750,True,False,False,745,0,745,0.1111111111111111,0.0003339455668725998,,,False,0,0.1190297701396048,0.004140894860029221,0.0015281550586223602,0.11336072022095323,6.003817543387413e-05,0.036077722907066345,0.0027027521282434464,0.15787212923169136
tier_10k,2000,0_1438042988458.74_20150728002308-00325-ip-10-236-191-2_265100376_0.csv,0,50,20.0,0.15,2000,1,745,1000,True,False,False,745,0,745,0.1111111111111111,0.0003339455668725998,,,False,0,0.1190297701396048,0.004140894860029221,0.0015281550586223602,0.11336072022095323,5.989335477352142e-05,0.036512081045657396,0.0027381209656596184,0.1583417379297316
tier_10k,2000,1_1438042987127.36_20150728002307-00000-ip-10-236-191-2_300770320_2.csv,0,10,5.0,0.15,2000,6784,3248,50,False,True,True,50,10,50,0.11538461538461539,0.9833555259653795,0.8722222222222222,34.66844433546066,True,3,0.517775499727577,0.00812140991911292,0.0058039529249072075,0.5038501368835568,0.008832864928990602,0.013058763928711414,0.004773776978254318,0.5444440175779164
tier_10k,2000,1_1438042987127.36_20150728002307-00000-ip-10-236-191-2_300770320_2.csv,0,10,10.0,0.15,2000,6784,3248,100,False,True,True,100,10,100,0.11538461538461539,0.9857224443175329,0.8456375838926175,35.22090834379196,True,3,0.517775499727577,0.00812140991911292,0.0058039529249072075,0.5038501368835568,0.010847705416381359,0.024150850251317024,0.0036053829826414585,0.5563823324628174
tier_10k,2000,1_1438042987127.36_20150728002307-00000-ip-10-236-191-2_300770320_2.csv,0,10,15.0,0.15,2000,6784,3248,150,False,True,True,150,10,150,0.11538461538461539,0.9868490268279853,0.8308823529411765,35.3184694647789,True,2,0.517775499727577,0.00812140991911292,0.0058039529249072075,0.5038501368835568,0.008486009668558836,0.0345820477232337,0.0041312589310109615,0.5649773427285254
tier_10k,2000,1_1438042987127.36_20150728002307-00000-ip-10-236-191-2_300770320_2.csv,0,10,20.0,0.15,2000,6784,3248,200,False,True,True,200,10,200,0.11538461538461539,0.9875683739433118,0.8114754098360656,35.32174503803253,True,2,0.517775499727577,0.00812140991911292,0.0058039529249072075,0.5038501368835568,0.007933638989925385,0.04649366904050112,0.004428582265973091,0.5766340987756848
tier_10k,2000,1_1438042987127.36_20150728002307-00000-ip-10-236-191-2_300770320_2.csv,0,20,5.0,0.15,2000,6784,3248,100,False,True,True,100,20,100,0.11538461538461539,0.9857224443175329,0.9296636085626911,68.43654251098633,True,3,0.517775499727577,0.00812140991911292,0.0058039529249072075,0.5038501368835568,0.010408448986709118,0.023090837989002466,0.00462488504126668,0.555902348831296
tier_10k,2000,1_1438042987127.36_20150728002307-00000-ip-10-236-191-2_300770320_2.csv,0,20,10.0,0.15,2000,6784,3248,200,False,True,True,200,20,200,0.11538461538461539,0.9875683739433118,0.916058394160584,68.81831443309784,True,2,0.517775499727577,0.00812140991911292,0.0058039529249072075,0.5038501368835568,0.007958133239299059,0.04638789175078273,0.004621883854269981,0.5767462165094912
tier_10k,2000,1_1438042987127.36_20150728002307-00000-ip-10-236-191-2_300770320_2.csv,0,20,15.0,0.15,2000,6784,3248,300,False,True,True,300,20,300,0.11538461538461539,0.9872153415900919,0.9305555555555556,69.2810001373291,True,2,0.517775499727577,0.00812140991911292,0.0058039529249072075,0.5038501368835568,0.008477780036628246,0.06873523397371173,0.005950302816927433,0.6009414317086339
tier_10k,2000,1_1438042987127.36_20150728002307-00000-ip-10-236-191-2_300770320_2.csv,0,20,20.0,0.15,2000,6784,3248,400,False,True,True,400,20,400,0.11538461538461539,0.9588500563697858,0.921455938697318,71.23255145549774,True,3,0.517775499727577,0.00812140991911292,0.0058039529249072075,0.5038501368835568,0.011846664827317,0.08996499003842473,0.006326446775346994,0.6259164307266474
tier_10k,2000,1_1438042987127.36_20150728002307-00000-ip-10-236-191-2_300770320_2.csv,0,30,5.0,0.15,2000,6784,3248,150,False,True,True,150,30,150,0.11538461538461539,0.9868490268279853,0.9490022172949002,100.6158390045166,True,2,0.517775499727577,0.00812140991911292,0.0058039529249072075,0.5038501368835568,0.0080015086568892,0.03448220668360591,0.004631693009287119,0.5648935148492455
tier_10k,2000,1_1438042987127.36_20150728002307-00000-ip-10-236-191-2_300770320_2.csv,0,30,10.0,0.15,2000,6784,3248,300,False,True,True,300,30,300,0.11538461538461539,0.9872153415900919,0.9521988527724665,101.80533581972122,True,2,0.517775499727577,0.00812140991911292,0.0058039529249072075,0.5038501368835568,0.009977883659303188,0.06896136701107025,0.005479339975863695,0.6021967777051032
tier_10k,2000,1_1438042987127.36_20150728002307-00000-ip-10-236-191-2_300770320_2.csv,0,30,15.0,0.15,2000,6784,3248,450,False,True,True,450,30,450,0.11538461538461539,0.9473416433477486,0.9316939890710383,105.18952482938766,True,3,0.517775499727577,0.00812140991911292,0.0058039529249072075,0.5038501368835568,0.010434368159621954,0.10215125838294625,0.007969771977514029,0.6383338514715433
tier_10k,2000,1_1438042987127.36_20150728002307-00000-ip-10-236-191-2_300770320_2.csv,0,30,20.0,0.15,2000,6784,3248,600,False,True,True,600,30,600,0.11538461538461539,0.9169457468184863,0.9305740987983978,105.20249164104462,True,3,0.517775499727577,0.00812140991911292,0.0058039529249072075,0.5038501368835568,0.010147005785256624,0.1339094527065754,0.009291399735957384,0.6711266324855387
tier_10k,2000,1_1438042987127.36_20150728002307-00000-ip-10-236-191-2_300770320_2.csv,0,40,5.0,0.15,2000,6784,3248,200,False,True,True,200,40,200,0.11538461538461539,0.9875683739433118,0.9536290322580645,131.72123008966446,True,2,0.517775499727577,0.00812140991911292,0.0058039529249072075,0.5038501368835568,0.010012102779000998,0.04602330503985286,0.0051030912436544895,0.5789168067276478
tier_10k,2000,1_1438042987127.36_20150728002307-00000-ip-10-236-191-2_300770320_2.csv,0,40,10.0,0.15,2000,6784,3248,400,False,True,True,400,40,400,0.11538461538461539,0.9588500563697858,0.9403508771929825,138.47933542728424,True,3,0.517775499727577,0.00812140991911292,0.0058039529249072075,0.5038501368835568,0.01218522060662508,0.08982449537143111,0.006316564045846462,0.6261044545099139
tier_10k,2000,1_1438042987127.36_20150728002307-00000-ip-10-236-191-2_300770320_2.csv,0,40,15.0,0.15,2000,6784,3248,600,False,True,True,600,40,600,0.11538461538461539,0.9169457468184863,0.9351415094339622,138.68690031766891,True,3,0.517775499727577,0.00812140991911292,0.0058039529249072075,0.5038501368835568,0.010829763021320105,0.13182856095954776,0.008360701147466898,0.6687975795939565
tier_10k,2000,1_1438042987127.36_20150728002307-00000-ip-10-236-191-2_300770320_2.csv,0,40,20.0,0.15,2000,6784,3248,800,False,True,True,800,40,800,0.11538461538461539,0.8746905351361646,0.9125151883353585,140.11184531450272,True,3,0.517775499727577,0.00812140991911292,0.0058039529249072075,0.5038501368835568,0.011933641042560339,0.17457028711214662,0.0108902333304286,0.7151726698502898
tier_10k,2000,1_1438042987127.36_20150728002307-00000-ip-10-236-191-2_300770320_2.csv,0,50,5.0,0.15,2000,6784,3248,250,False,True,True,250,50,250,0.11538461538461539,0.9881572714353387,0.9558541266794626,163.0335552096367,True,2,0.517775499727577,0.00812140991911292,0.0058039529249072075,0.5038501368835568,0.009335668291896582,0.0567959020845592,0.005547394044697285,0.5894575058482587
tier_10k,2000,1_1438042987127.36_20150728002307-00000-ip-10-236-191-2_300770320_2.csv,0,50,10.0,0.15,2000,6784,3248,500,False,True,True,500,50,500,0.11538461538461539,0.9365795724465559,0.9445438282647585,170.989988386631,True,3,0.517775499727577,0.00812140991911292,0.0058039529249072075,0.5038501368835568,0.010808089282363653,0.1113522769883275,0.008256843779236078,0.6481959749944508
tier_10k,2000,1_1438042987127.36_20150728002307-00000-ip-10-236-191-2_300770320_2.csv,0,50,15.0,0.15,2000,6784,3248,750,False,True,True,750,50,750,0.11538461538461539,0.8886883273164862,0.9262032085561497,172.37864434719086,True,3,0.517775499727577,0.00812140991911292,0.0058039529249072075,0.5038501368835568,0.012086039874702692,0.14369867416098714,0.00876171002164483,0.6823247107677162
tier_10k,2000,1_1438042987127.36_20150728002307-00000-ip-10-236-191-2_300770320_2.csv,0,50,20.0,0.15,2000,6784,3248,1000,False,True,True,1000,50,1000,0.11538461538461539,0.8220039895657512,0.8804971319311663,175.597001850605,True,3,0.517775499727577,0.00812140991911292,0.0058039529249072075,0.5038501368835568,0.009488450828939676,0.16365031199529767,0.010041388217359781,0.7009581420570612
tier_10k,2000,0_1438042988061.16_20150728002308-00164-ip-10-236-191-2_873456340_3.csv,0,10,5.0,0.15,2000,4295,3112,50,False,True,True,50,10,50,0.8,0.9981949458483754,0.9902912621359223,15.255349814891815,True,1,0.35575170582160354,0.006322931963950396,0.0034991148859262466,0.3459296589717269,0.0036955359391868114,0.003496294841170311,0.003361233975738287,0.3663069996982813
tier_10k,2000,0_1438042988061.16_20150728002308-00164-ip-10-236-191-2_873456340_3.csv,0,10,10.0,0.15,2000,4295,3112,100,False,True,True,100,10,100,0.8,0.9967213114754099,0.9824561403508771,15.491674304008484,True,2,0.35575170582160354,0.006322931963950396,0.0034991148859262466,0.3459296589717269,0.00838454719632864,0.006761321797966957,0.003364665899425745,0.3742644898593426
tier_10k,2000,0_1438042988061.16_20150728002308-00164-ip-10-236-191-2_873456340_3.csv,0,10,15.0,0.15,2000,4295,3112,150,False,True,True,150,10,150,0.8,0.9521276595744681,0.9206349206349206,16.648475229740143,True,3,0.35575170582160354,0.006322931963950396,0.0034991148859262466,0.3459296589717269,0.009624255821108818,0.009663695003837347,0.004058790393173695,0.3791006254032254
tier_10k,2000,0_1438042988061.16_20150728002308-00164-ip-10-236-191-2_873456340_3.csv,0,10,20.0,0.15,2000,4295,3112,200,False,True,True,200,10,200,0.8,0.9164222873900293,0.8641975308641975,16.785921692848206,True,4,0.35575170582160354,0.006322931963950396,0.0034991148859262466,0.3459296589717269,0.011336618103086948,0.012672665994614363,0.00526562100276351,0.38502882793545723
tier_10k,2000,0_1438042988061.16_20150728002308-00164-ip-10-236-191-2_873456340_3.csv,0,20,5.0,0.15,2000,4295,3112,100,False,True,True,100,20,100,0.8,0.9967213114754099,0.991869918699187,30.095472157001495,True,2,0.35575170582160354,0.006322931963950396,0.0034991148859262466,0.3459296589717269,0.007354978937655687,0.006501669995486736,0.0032627549953758717,0.3728732797317207
tier_10k,2000,0_1438042988061.16_20150728002308-00164-ip-10-236-191-2_873456340_3.csv,0,20,10.0,0.15,2000,4295,3112,200,False,True,True,200,20,200,0.8,0.9164222873900293,0.8688524590163934,32.07208627462387,True,4,0.35575170582160354,0.006322931963950396,0.0034991148859262466,0.3459296589717269,0.011483000591397285,0.012928623240441084,0.004557947162538767,0.3847233080305159
tier_10k,2000,0_1438042988061.16_20150728002308-00164-ip-10-236-191-2_873456340_3.csv,0,20,15.0,0.15,2000,4295,3112,300,False,True,True,300,20,300,0.8,0.8641439205955335,0.8524590163934426,32.40248692035675,True,4,0.35575170582160354,0.006322931963950396,0.0034991148859262466,0.3459296589717269,0.011071726679801941,0.01891291793435812,0.006292844191193581,0.392031401861459
tier_10k,2000,0_1438042988061.16_20150728002308-00164-ip-10-236-191-2_873456340_3.csv,0,20,20.0,0.15,2000,4295,3112,400,False,True,True,400,20,400,0.8,0.8087527352297593,0.84,32.453052282333374,True,3,0.35575170582160354,0.006322931963950396,0.0034991148859262466,0.3459296589717269,0.009324795100837946,0.02463871007785201,0.007201305124908686,0.39691887563094497
tier_10k,2000,0_1438042988061.16_20150728002308-00164-ip-10-236-191-2_873456340_3.csv,0,30,5.0,0.15,2000,4295,3112,150,False,True,True,150,30,150,0.8,0.9521276595744681,0.9103448275862069,46.312581300735474,True,3,0.35575170582160354,0.006322931963950396,0.0034991148859262466,0.3459296589717269,0.008162332698702812,0.009409849997609854,0.003997660707682371,0.3773235799744725
tier_10k,2000,0_1438042988061.16_20150728002308-00164-ip-10-236-191-2_873456340_3.csv,0,30,10.0,0.15,2000,4295,3112,300,False,True,True,300,30,300,0.8,0.8641439205955335,0.8356164383561644,47.5033420920372,True,4,0.35575170582160354,0.006322931963950396,0.0034991148859262466,0.3459296589717269,0.011487959884107113,0.01846978021785617,0.005953625310212374,0.39166528498753905
tier_10k,2000,0_1438042988061.16_20150728002308-00164-ip-10-236-191-2_873456340_3.csv,0,30,15.0,0.15,2000,4295,3112,450,False,True,True,450,30,450,0.8,0.7800312012480499,0.7625,48.12285250425339,True,4,0.35575170582160354,0.006322931963950396,0.0034991148859262466,0.3459296589717269,0.010381144005805254,0.02791709080338478,0.008669994305819273,0.40272218780592084
tier_10k,2000,0_1438042988061.16_20150728002308-00164-ip-10-236-191-2_873456340_3.csv,0,30,20.0,0.15,2000,4295,3112,600,False,True,True,600,30,600,0.8,0.7084785133565621,0.5,50.662089228630066,True,3,0.35575170582160354,0.006322931963950396,0.0034991148859262466,0.3459296589717269,0.008449806831777096,0.03713464690372348,0.0068904380314052105,0.40822906605899334
tier_10k,2000,0_1438042988061.16_20150728002308-00164-ip-10-236-191-2_873456340_3.csv,0,40,5.0,0.15,2000,4295,3112,200,False,True,True,200,40,200,0.8,0.9164222873900293,0.8615384615384616,61.51591640710831,True,4,0.35575170582160354,0.006322931963950396,0.0034991148859262466,0.3459296589717269,0.010905159171670675,0.012566103134304285,0.004418639931827784,0.38364393217489123
tier_10k,2000,0_1438042988061.16_20150728002308-00164-ip-10-236-191-2_873456340_3.csv,0,40,10.0,0.15,2000,4295,3112,400,False,True,True,400,40,400,0.8,0.8087527352297593,0.7808988764044944,62.70071482658386,True,3,0.35575170582160354,0.006322931963950396,0.0034991148859262466,0.3459296589717269,0.010167024098336697,0.025396938901394606,0.007154328748583794,0.39847213262692094
tier_10k,2000,0_1438042988061.16_20150728002308-00164-ip-10-236-191-2_873456340_3.csv,0,40,15.0,0.15,2000,4295,3112,600,False,True,True,600,40,600,0.8,0.7084785133565621,0.4253731343283582,66.91558986902237,True,3,0.35575170582160354,0.006322931963950396,0.0034991148859262466,0.3459296589717269,0.008764140773564577,0.03676078887656331,0.006880422122776508,0.4081593048758805
tier_10k,2000,0_1438042988061.16_20150728002308-00164-ip-10-236-191-2_873456340_3.csv,0,40,20.0,0.15,2000,4295,3112,800,False,True,True,800,40,800,0.8,0.6344919194155413,0.23469387755102042,67.84266769886017,True,3,0.35575170582160354,0.006322931963950396,0.0034991148859262466,0.3459296589717269,0.009598659351468086,0.05102711543440819,0.008576794993132353,0.42495669098570943
tier_10k,2000,0_1438042988061.16_20150728002308-00164-ip-10-236-191-2_873456340_3.csv,0,50,5.0,0.15,2000,4295,3112,250,False,True,True,250,50,250,0.8,0.8882978723404256,0.8371040723981901,76.67522597312927,True,4,0.35575170582160354,0.006322931963950396,0.0034991148859262466,0.3459296589717269,0.010555478278547525,0.015984099358320236,0.005644605029374361,0.3879382899031043
tier_10k,2000,0_1438042988061.16_20150728002308-00164-ip-10-236-191-2_873456340_3.csv,0,50,10.0,0.15,2000,4295,3112,500,False,True,True,500,50,500,0.8,0.7554088742207554,0.704225352112676,78.53630465269089,True,3,0.35575170582160354,0.006322931963950396,0.0034991148859262466,0.3459296589717269,0.010016846936196089,0.03111077006906271,0.009599709883332253,0.40648153191432357
tier_10k,2000,0_1438042988061.16_20150728002308-00164-ip-10-236-191-2_873456340_3.csv,0,50,15.0,0.15,2000,4295,3112,750,False,True,True,750,50,750,0.8,0.6528623629719854,0.37012987012987014,84.2427334189415,True,3,0.35575170582160354,0.006322931963950396,0.0034991148859262466,0.3459296589717269,0.007956596091389656,0.04162819730117917,0.008932436816394329,0.4142715507186949
tier_10k,2000,0_1438042988061.16_20150728002308-00164-ip-10-236-191-2_873456340_3.csv,0,50,20.0,0.15,2000,4295,3112,1000,False,True,True,1000,50,1000,0.8,0.5720585641206563,0.17424242424242425,85.1870499253273,True,4,0.35575170582160354,0.006322931963950396,0.0034991148859262466,0.3459296589717269,0.01113189710304141,0.05459403805434704,0.010628899093717337,0.43210896058008075
tier_10k,2000,0_1438042988458.74_20150728002308-00046-ip-10-236-191-2_688841822_2.csv,2,10,5.0,0.15,2000,1,504,50,False,True,True,50,10,50,0.7450980392156863,0.38,0.6333333333333333,39.85572898387909,True,2,0.06214125547558069,0.004905883688479662,0.0007594767957925797,0.05647589499130845,0.0006747799925506115,0.005596978589892387,0.003795177210122347,0.07221023133024573
tier_10k,2000,0_1438042988458.74_20150728002308-00046-ip-10-236-191-2_688841822_2.csv,2,10,10.0,0.15,2000,1,504,100,False,True,True,100,10,100,0.7450980392156863,0.2177650429799427,0.6129032258064516,40.69116687774658,True,2,0.06214125547558069,0.004905883688479662,0.0007594767957925797,0.05647589499130845,0.0012567532248795033,0.014318333938717842,0.003900340758264065,0.08161885477602482
tier_10k,2000,0_1438042988458.74_20150728002308-00046-ip-10-236-191-2_688841822_2.csv,2,10,15.0,0.15,2000,1,504,150,False,True,True,150,10,150,0.7450980392156863,0.13793103448275862,0.59375,40.896571934223175,True,2,0.06214125547558069,0.004905883688479662,0.0007594767957925797,0.05647589499130845,0.0012703821994364262,0.01814382104203105,0.003973621409386396,0.08553124545142055
tier_10k,2000,0_1438042988458.74_20150728002308-00046-ip-10-236-191-2_688841822_2.csv,2,10,20.0,0.15,2000,1,504,200,False,True,True,200,10,200,0.7450980392156863,0.09488139825218476,0.5671641791044776,41.38435673713684,True,2,0.06214125547558069,0.004905883688479662,0.0007594767957925797,0.05647589499130845,0.0013000918552279472,0.024342522025108337,0.0042691901326179504,0.09205520944669843
tier_10k,2000,0_1438042988458.74_20150728002308-00046-ip-10-236-191-2_688841822_2.csv,2,20,5.0,0.15,2000,1,504,100,False,True,True,100,20,100,0.7450980392156863,0.2177650429799427,0.5205479452054794,78.5607402920723,True,2,0.06214125547558069,0.004905883688479662,0.0007594767957925797,0.05647589499130845,0.001243762206286192,0.01368930283933878,0.003477164078503847,0.08055355353280902
tier_10k,2000,0_1438042988458.74_20150728002308-00046-ip-10-236-191-2_688841822_2.csv,2,20,10.0,0.15,2000,1,504,200,False,True,True,200,20,200,0.7450980392156863,0.09488139825218476,0.4470588235294118,80.38337504863739,True,2,0.06214125547558069,0.004905883688479662,0.0007594767957925797,0.05647589499130845,0.0013030171394348145,0.023679519072175026,0.004334033001214266,0.09145995136350393
tier_10k,2000,0_1438042988458.74_20150728002308-00046-ip-10-236-191-2_688841822_2.csv,2,20,15.0,0.15,2000,1,504,300,False,True,True,300,20,300,0.7450980392156863,0.05390070921985816,0.4175824175824176,81.42004400491714,True,2,0.06214125547558069,0.004905883688479662,0.0007594767957925797,0.05647589499130845,0.0013568517751991749,0.03155911387875676,0.004456677008420229,0.09951618127524853
tier_10k,2000,0_1438042988458.74_20150728002308-00046-ip-10-236-191-2_688841822_2.csv,2,20,20.0,0.15,2000,1,504,400,False,True,True,400,20,400,0.7450980392156863,0.03145695364238411,0.3958333333333333,81.53267043828964,True,2,0.06214125547558069,0.004905883688479662,0.0007594767957925797,0.05647589499130845,0.00142682995647192,0.04370998730883002,0.005059449002146721,0.11233970243483782
tier_10k,2000,0_1438042988458.74_20150728002308-00046-ip-10-236-191-2_688841822_2.csv,2,30,5.0,0.15,2000,1,504,150,False,True,True,150,30,150,0.7450980392156863,0.13793103448275862,0.4021164021164021,117.20204746723175,True,2,0.06214125547558069,0.004905883688479662,0.0007594767957925797,0.05647589499130845,0.0012770439498126507,0.018565547186881304,0.003375366795808077,0.08536133216693997
tier_10k,2000,0_1438042988458.74_20150728002308-00046-ip-10-236-191-2_688841822_2.csv,2,30,10.0,0.15,2000,1,504,300,False,True,True,300,30,300,0.7450980392156863,0.05390070921985816,0.3438914027149321,120.01964324712753,True,2,0.06214125547558069,0.004905883688479662,0.0007594767957925797,0.05647589499130845,0.0013494878076016903,0.031743713188916445,0.00460414495319128,0.09984095813706517
tier_10k,2000,0_1438042988458.74_20150728002308-00046-ip-10-236-191-2_688841822_2.csv,2,30,15.0,0.15,2000,1,504,450,False,True,True,450,30,450,0.7450980392156863,0.021933621933621934,0.26573426573426573,120.73022556304932,True,2,0.06214125547558069,0.004905883688479662,0.0007594767957925797,0.05647589499130845,0.0014479211531579494,0.045110308565199375,0.005529041867703199,0.11423088610172272
tier_10k,2000,0_1438042988458.74_20150728002308-00046-ip-10-236-191-2_688841822_2.csv,2,30,20.0,0.15,2000,1,504,600,True,True,True,504,30,504,0.7450980392156863,0.009211004726699794,0.26573426573426573,120.73022556304932,False,0,0.06214125547558069,0.004905883688479662,0.0007594767957925797,0.05647589499130845,5.9264712035655975e-05,0.05072571896016598,0.005862899590283632,0.11879155971109867
tier_10k,2000,0_1438042988458.74_20150728002308-00046-ip-10-236-191-2_688841822_2.csv,2,40,5.0,0.15,2000,1,504,200,False,True,True,200,40,200,0.7450980392156863,0.09488139825218476,0.3064516129032258,156.30508530139923,True,2,0.06214125547558069,0.004905883688479662,0.0007594767957925797,0.05647589499130845,0.0013228817842900753,0.02286297967657447,0.004065368790179491,0.09039465617388487
tier_10k,2000,0_1438042988458.74_20150728002308-00046-ip-10-236-191-2_688841822_2.csv,2,40,10.0,0.15,2000,1,504,400,False,True,True,400,40,400,0.7450980392156863,0.03145695364238411,0.23974763406940064,158.62103521823883,True,2,0.06214125547558069,0.004905883688479662,0.0007594767957925797,0.05647589499130845,0.0014190017245709896,0.040395725052803755,0.006208335980772972,0.11016684118658304
tier_10k,2000,0_1438042988458.74_20150728002308-00046-ip-10-236-191-2_688841822_2.csv,2,40,15.0,0.15,2000,1,504,600,True,True,True,504,40,504,0.7450980392156863,0.009211004726699794,0.1630901287553648,159.18134927749634,False,0,0.06214125547558069,0.004905883688479662,0.0007594767957925797,0.05647589499130845,5.440507084131241e-05,0.05456108693033457,0.00707634212449193,0.12383554643020034
tier_10k,2000,0_1438042988458.74_20150728002308-00046-ip-10-236-191-2_688841822_2.csv,2,40,20.0,0.15,2000,1,504,800,True,True,True,504,40,504,0.7450980392156863,0.009211004726699794,0.1630901287553648,159.18134927749634,False,0,0.06214125547558069,0.004905883688479662,0.0007594767957925797,0.05647589499130845,6.671808660030365e-05,0.05061513278633356,0.0075921607203781605,0.1204178724437952
tier_10k,2000,0_1438042988458.74_20150728002308-00046-ip-10-236-191-2_688841822_2.csv,2,50,5.0,0.15,2000,1,504,250,False,True,True,250,50,250,0.7450980392156863,0.06966086159486709,0.2629757785467128,195.07849991321564,True,2,0.06214125547558069,0.004905883688479662,0.0007594767957925797,0.05647589499130845,0.0015281317755579948,0.02701134281232953,0.004158799070864916,0.09484212147071958
tier_10k,2000,0_1438042988458.74_20150728002308-00046-ip-10-236-191-2_688841822_2.csv,2,50,10.0,0.15,2000,1,504,500,False,True,True,500,50,500,0.7450980392156863,0.011107863197895352,0.152,197.28475189208984,True,2,0.06214125547558069,0.004905883688479662,0.0007594767957925797,0.05647589499130845,0.0015887217596173286,0.050127855967730284,0.007418813183903694,0.12127909064292908
tier_10k,2000,0_1438042988458.74_20150728002308-00046-ip-10-236-191-2_688841822_2.csv,2,50,15.0,0.15,2000,1,504,750,True,True,True,504,50,504,0.7450980392156863,0.009211004726699794,0.152,197.28475189208984,False,0,0.06214125547558069,0.004905883688479662,0.0007594767957925797,0.05647589499130845,5.498295649886131e-05,0.05019706813618541,0.006524687632918358,0.11892019445076585
tier_10k,2000,0_1438042988458.74_20150728002308-00046-ip-10-236-191-2_688841822_2.csv,2,50,20.0,0.15,2000,1,504,1000,True,True,True,504,50,504,0.7450980392156863,0.009211004726699794,0.152,197.28475189208984,False,0,0.06214125547558069,0.004905883688479662,0.0007594767957925797,0.05647589499130845,6.180908530950546e-05,0.05224688118323684,0.00719315093010664,0.12164547434076667
tier_10k,2000,1_1438042990112.50_20150728002310-00103-ip-10-236-191-2_381157664_0.csv,3,10,5.0,0.15,2000,4076,1844,50,False,True,True,50,10,50,0.47058823529411764,0.9932840832773674,0.9771689497716894,20.053731739521027,True,2,0.21259419294074178,0.006331258919090033,0.002843499183654785,0.20341943483799696,0.002402437850832939,0.00818179314956069,0.004182171076536179,0.2273629792034626
tier_10k,2000,1_1438042990112.50_20150728002310-00103-ip-10-236-191-2_381157664_0.csv,3,10,10.0,0.15,2000,4076,1844,100,False,True,True,100,10,100,0.47058823529411764,0.9946236559139785,0.9302325581395349,20.938861310482025,True,1,0.21259419294074178,0.006331258919090033,0.002843499183654785,0.20341943483799696,0.0018414673395454884,0.012889675796031952,0.00354275805875659,0.23087001778185368
tier_10k,2000,1_1438042990112.50_20150728002310-00103-ip-10-236-191-2_381157664_0.csv,3,10,15.0,0.15,2000,4076,1844,150,False,True,True,150,10,150,0.47058823529411764,0.9952153110047847,0.91,21.688587248325348,True,1,0.21259419294074178,0.006331258919090033,0.002843499183654785,0.20341943483799696,0.0029117297381162643,0.022358114831149578,0.0048484900034964085,0.24271474173292518
tier_10k,2000,1_1438042990112.50_20150728002310-00103-ip-10-236-191-2_381157664_0.csv,3,10,20.0,0.15,2000,4076,1844,200,False,True,True,200,10,200,0.47058823529411764,0.9955067398901648,0.9081632653061225,21.723614931106567,True,1,0.21259419294074178,0.006331258919090033,0.002843499183654785,0.20341943483799696,0.0029046740382909775,0.027003617025911808,0.0044937641359865665,0.24699860531836748
tier_10k,2000,1_1438042990112.50_20150728002310-00103-ip-10-236-191-2_381157664_0.csv,3,20,5.0,0.15,2000,4076,1844,100,False,True,True,100,20,100,0.47058823529411764,0.9946236559139785,0.9745042492917847,39.68003314733505,True,1,0.21259419294074178,0.006331258919090033,0.002843499183654785,0.20341943483799696,0.0031363489106297493,0.014728276990354061,0.003655514679849148,0.2341166171245277
tier_10k,2000,1_1438042990112.50_20150728002310-00103-ip-10-236-191-2_381157664_0.csv,3,20,10.0,0.15,2000,4076,1844,200,False,True,True,200,20,200,0.47058823529411764,0.9955067398901648,0.9444444444444444,41.91871789097786,True,1,0.21259419294074178,0.006331258919090033,0.002843499183654785,0.20341943483799696,0.0029468052089214325,0.02829034999012947,0.004601988010108471,0.2484355242922902
tier_10k,2000,1_1438042990112.50_20150728002310-00103-ip-10-236-191-2_381157664_0.csv,3,20,15.0,0.15,2000,4076,1844,300,False,True,True,300,20,300,0.47058823529411764,0.9880611270296084,0.978494623655914,45.51033514738083,True,2,0.21259419294074178,0.006331258919090033,0.002843499183654785,0.20341943483799696,0.004482463002204895,0.040253921411931515,0.006139142904430628,0.26347206300124526
tier_10k,2000,1_1438042990112.50_20150728002310-00103-ip-10-236-191-2_381157664_0.csv,3,20,20.0,0.15,2000,4076,1844,400,False,True,True,400,20,400,0.47058823529411764,0.967025719938448,0.9744094488188977,46.018184661865234,True,3,0.21259419294074178,0.006331258919090033,0.002843499183654785,0.20341943483799696,0.005536653101444244,0.049680788069963455,0.007516620680689812,0.2753304811194539
tier_10k,2000,1_1438042990112.50_20150728002310-00103-ip-10-236-191-2_381157664_0.csv,3,30,5.0,0.15,2000,4076,1844,150,False,True,True,150,30,150,0.47058823529411764,0.9952153110047847,0.9716981132075472,61.26375859975815,True,1,0.21259419294074178,0.006331258919090033,0.002843499183654785,0.20341943483799696,0.0031224959529936314,0.020157476421445608,0.004551938734948635,0.240428504999727
tier_10k,2000,1_1438042990112.50_20150728002310-00103-ip-10-236-191-2_381157664_0.csv,3,30,10.0,0.15,2000,4076,1844,300,False,True,True,300,30,300,0.47058823529411764,0.9880611270296084,0.9826953329837441,66.81698709726334,True,2,0.21259419294074178,0.006331258919090033,0.002843499183654785,0.20341943483799696,0.004614242818206549,0.039821743965148926,0.006687573157250881,0.26372032379731536
tier_10k,2000,1_1438042990112.50_20150728002310-00103-ip-10-236-191-2_381157664_0.csv,3,30,15.0,0.15,2000,4076,1844,450,False,True,True,450,30,450,0.47058823529411764,0.9571068124474348,0.9761904761904762,67.74203479290009,True,4,0.21259419294074178,0.006331258919090033,0.002843499183654785,0.20341943483799696,0.00698836799710989,0.05624896893277764,0.006992184091359377,0.2828264571726322
tier_10k,2000,1_1438042990112.50_20150728002310-00103-ip-10-236-191-2_381157664_0.csv,3,30,20.0,0.15,2000,4076,1844,600,False,True,True,600,30,600,0.47058823529411764,0.9248295658414065,0.9726224783861671,68.06780576705933,True,4,0.21259419294074178,0.006331258919090033,0.002843499183654785,0.20341943483799696,0.005091771949082613,0.07171254931017756,0.010045400820672512,0.29944583075121045
tier_10k,2000,1_1438042990112.50_20150728002310-00103-ip-10-236-191-2_381157664_0.csv,3,40,5.0,0.15,2000,4076,1844,200,False,True,True,200,40,200,0.47058823529411764,0.9955067398901648,0.9766233766233766,80.6144954264164,True,1,0.21259419294074178,0.006331258919090033,0.002843499183654785,0.20341943483799696,0.0019775950349867344,0.025511688087135553,0.004406109917908907,0.2444914081133902
tier_10k,2000,1_1438042990112.50_20150728002310-00103-ip-10-236-191-2_381157664_0.csv,3,40,10.0,0.15,2000,4076,1844,400,False,True,True,400,40,400,0.47058823529411764,0.967025719938448,0.978150406504065,88.90311348438263,True,3,0.21259419294074178,0.006331258919090033,0.002843499183654785,0.20341943483799696,0.0040320660918951035,0.05144274793565273,0.006132039707154036,0.2742029707878828
tier_10k,2000,1_1438042990112.50_20150728002310-00103-ip-10-236-191-2_381157664_0.csv,3,40,15.0,0.15,2000,4076,1844,600,False,True,True,600,40,600,0.47058823529411764,0.9248295658414065,0.9723551302498671,89.49876219034195,True,4,0.21259419294074178,0.006331258919090033,0.002843499183654785,0.20341943483799696,0.004941834136843681,0.07200828427448869,0.009469832293689251,0.2990162940695882
tier_10k,2000,1_1438042990112.50_20150728002310-00103-ip-10-236-191-2_381157664_0.csv,3,40,20.0,0.15,2000,4076,1844,800,False,True,True,800,40,800,0.47058823529411764,0.859148812970469,0.9259962049335864,95.64007133245468,True,4,0.21259419294074178,0.006331258919090033,0.002843499183654785,0.20341943483799696,0.004946880973875523,0.09925036784261465,0.006851754151284695,0.3236449980176985
tier_10k,2000,1_1438042990112.50_20150728002310-00103-ip-10-236-191-2_381157664_0.csv,3,50,5.0,0.15,2000,4076,1844,250,False,True,True,250,50,250,0.47058823529411764,0.9957203994293866,0.9807280513918629,99.66953191161156,True,1,0.21259419294074178,0.006331258919090033,0.002843499183654785,0.20341943483799696,0.0018823929131031036,0.031791724264621735,0.004421814810484648,0.25069188652560115
tier_10k,2000,1_1438042990112.50_20150728002310-00103-ip-10-236-191-2_381157664_0.csv,3,50,10.0,0.15,2000,4076,1844,500,False,True,True,500,50,500,0.47058823529411764,0.9477351916376306,0.9768814559763895,109.64821434020996,True,4,0.21259419294074178,0.006331258919090033,0.002843499183654785,0.20341943483799696,0.004910881165415049,0.059935906901955605,0.008432335685938597,0.2858752249740064
tier_10k,2000,1_1438042990112.50_20150728002310-00103-ip-10-236-191-2_381157664_0.csv,3,50,15.0,0.15,2000,4076,1844,750,False,True,True,750,50,750,0.47058823529411764,0.8774104683195593,0.9309006211180124,117.58434569835663,True,4,0.21259419294074178,0.006331258919090033,0.002843499183654785,0.20341943483799696,0.004858243279159069,0.09164766175672412,0.007081929128617048,0.31618439592421055
tier_10k,2000,1_1438042990112.50_20150728002310-00103-ip-10-236-191-2_381157664_0.csv,3,50,20.0,0.15,2000,4076,1844,1000,False,True,True,1000,50,1000,0.47058823529411764,0.7841911354248075,0.49244712990936557,128.3787338733673,True,4,0.21259419294074178,0.006331258919090033,0.002843499183654785,0.20341943483799696,0.005374754313379526,0.12244523596018553,0.00827187905088067,0.34868805296719074
tier_10k,2000,1_1438042987127.36_20150728002307-00080-ip-10-236-191-2_899463259_102.csv,1,10,5.0,0.15,2000,1,844,50,False,False,False,50,0,50,0.2,0.03389830508474576,,,True,2,0.09884026320651174,0.003324097953736782,0.0011944780126214027,0.09432168724015355,0.001325008925050497,0.0018493328243494034,0.0013605277054011822,0.10337709495797753
tier_10k,2000,1_1438042987127.36_20150728002307-00080-ip-10-236-191-2_899463259_102.csv,1,10,10.0,0.15,2000,1,844,100,False,False,False,100,0,100,0.2,0.016,,,True,2,0.09884026320651174,0.003324097953736782,0.0011944780126214027,0.09432168724015355,0.0012447950430214405,0.0033364221453666687,0.0011828998103737831,0.10460598021745682
tier_10k,2000,1_1438042987127.36_20150728002307-00080-ip-10-236-191-2_899463259_102.csv,1,10,15.0,0.15,2000,1,844,150,False,False,False,150,0,150,0.2,0.009925558312655087,,,True,2,0.09884026320651174,0.003324097953736782,0.0011944780126214027,0.09432168724015355,0.0013384092599153519,0.005481577944010496,0.0010343058966100216,0.10669588716700673
tier_10k,2000,1_1438042987127.36_20150728002307-00080-ip-10-236-191-2_899463259_102.csv,1,10,20.0,0.15,2000,1,844,200,False,False,False,200,0,200,0.2,0.006633499170812604,,,True,2,0.09884026320651174,0.003324097953736782,0.0011944780126214027,0.09432168724015355,0.0013415361754596233,0.00666117575019598,0.0010557700879871845,0.10790017247200012
tier_10k,2000,1_1438042987127.36_20150728002307-00080-ip-10-236-191-2_899463259_102.csv,1,20,5.0,0.15,2000,1,844,100,False,False,False,100,0,100,0.2,0.016,,,True,2,0.09884026320651174,0.003324097953736782,0.0011944780126214027,0.09432168724015355,0.001186233013868332,0.0032443939708173275,0.0008299276232719421,0.10410212026908994
tier_10k,2000,1_1438042987127.36_20150728002307-00080-ip-10-236-191-2_899463259_102.csv,1,20,10.0,0.15,2000,1,844,200,False,False,False,200,0,200,0.2,0.006633499170812604,,,True,2,0.09884026320651174,0.003324097953736782,0.0011944780126214027,0.09432168724015355,0.001337885856628418,0.007227271795272827,0.00091604795306921,0.10832287603989244
tier_10k,2000,1_1438042987127.36_20150728002307-00080-ip-10-236-191-2_899463259_102.csv,1,20,15.0,0.15,2000,1,844,300,False,False,False,300,0,300,0.2,0.003703703703703704,,,True,2,0.09884026320651174,0.003324097953736782,0.0011944780126214027,0.09432168724015355,0.0013131140731275082,0.009948774706572294,0.0018940139561891556,0.11199787817895412
tier_10k,2000,1_1438042987127.36_20150728002307-00080-ip-10-236-191-2_899463259_102.csv,1,20,20.0,0.15,2000,1,844,400,False,False,False,400,0,400,0.2,0.0024316109422492403,,,True,2,0.09884026320651174,0.003324097953736782,0.0011944780126214027,0.09432168724015355,0.0017896979115903378,0.017795543186366558,0.0018531898967921734,0.12028096336871386
tier_10k,2000,1_1438042987127.36_20150728002307-00080-ip-10-236-191-2_899463259_102.csv,1,30,5.0,0.15,2000,1,844,150,False,False,False,150,0,150,0.2,0.009925558312655087,,,True,2,0.09884026320651174,0.003324097953736782,0.0011944780126214027,0.09432168724015355,0.0016327598132193089,0.0066856821067631245,0.001332704909145832,0.10849332762882113
tier_10k,2000,1_1438042987127.36_20150728002307-00080-ip-10-236-191-2_899463259_102.csv,1,30,10.0,0.15,2000,1,844,300,False,False,False,300,0,300,0.2,0.003703703703703704,,,True,2,0.09884026320651174,0.003324097953736782,0.0011944780126214027,0.09432168724015355,0.0016886568628251553,0.013142715208232403,0.0017721080221235752,0.11544563714414835
tier_10k,2000,1_1438042987127.36_20150728002307-00080-ip-10-236-191-2_899463259_102.csv,1,30,15.0,0.15,2000,1,844,450,False,False,False,450,0,450,0.2,0.002048131080389145,,,True,2,0.09884026320651174,0.003324097953736782,0.0011944780126214027,0.09432168724015355,0.0017631668597459793,0.019876626785844564,0.002165362238883972,0.12264747126027942
tier_10k,2000,1_1438042987127.36_20150728002307-00080-ip-10-236-191-2_899463259_102.csv,1,30,20.0,0.15,2000,1,844,600,False,False,False,600,0,600,0.2,0.0012472715933894605,,,True,2,0.09884026320651174,0.003324097953736782,0.0011944780126214027,0.09432168724015355,0.0018306621350347996,0.026392726227641106,0.0025433311238884926,0.12960898224264383
tier_10k,2000,1_1438042987127.36_20150728002307-00080-ip-10-236-191-2_899463259_102.csv,1,40,5.0,0.15,2000,1,844,200,False,False,False,200,0,200,0.2,0.006633499170812604,,,True,2,0.09884026320651174,0.003324097953736782,0.0011944780126214027,0.09432168724015355,0.0016579781658947468,0.008906665723770857,0.0014696982689201832,0.11087647033855319
tier_10k,2000,1_1438042987127.36_20150728002307-00080-ip-10-236-191-2_899463259_102.csv,1,40,10.0,0.15,2000,1,844,400,False,False,False,400,0,400,0.2,0.0024316109422492403,,,True,2,0.09884026320651174,0.003324097953736782,0.0011944780126214027,0.09432168724015355,0.00173919927328825,0.017433274071663618,0.0019017430022358894,0.11991661228239536
tier_10k,2000,1_1438042987127.36_20150728002307-00080-ip-10-236-191-2_899463259_102.csv,1,40,15.0,0.15,2000,1,844,600,False,False,False,600,0,600,0.2,0.0012472715933894605,,,True,2,0.09884026320651174,0.003324097953736782,0.0011944780126214027,0.09432168724015355,0.0018254239112138748,0.026144130155444145,0.00219144718721509,0.129003272857517
tier_10k,2000,1_1438042987127.36_20150728002307-00080-ip-10-236-191-2_899463259_102.csv,1,40,20.0,0.15,2000,1,844,800,False,False,False,800,0,800,0.2,0.0006360311655271108,,,True,2,0.09884026320651174,0.003324097953736782,0.0011944780126214027,0.09432168724015355,0.001939775887876749,0.03606499033048749,0.0025658500380814075,0.13941280962899327
tier_10k,2000,1_1438042987127.36_20150728002307-00080-ip-10-236-191-2_899463259_102.csv,1,50,5.0,0.15,2000,1,844,250,False,False,False,250,0,250,0.2,0.004819277108433735,,,True,2,0.09884026320651174,0.003324097953736782,0.0011944780126214027,0.09432168724015355,0.001684596762061119,0.011150311212986708,0.0017692502588033676,0.1134462570771575
tier_10k,2000,1_1438042987127.36_20150728002307-00080-ip-10-236-191-2_899463259_102.csv,1,50,10.0,0.15,2000,1,844,500,False,False,False,500,0,500,0.2,0.0017308524448290783,,,True,2,0.09884026320651174,0.003324097953736782,0.0011944780126214027,0.09432168724015355,0.0017929277382791042,0.021968055050820112,0.002105722203850746,0.12470900919288397
tier_10k,2000,1_1438042987127.36_20150728002307-00080-ip-10-236-191-2_899463259_102.csv,1,50,15.0,0.15,2000,1,844,750,False,False,False,750,0,750,0.2,0.000787246604999016,,,True,2,0.09884026320651174,0.003324097953736782,0.0011944780126214027,0.09432168724015355,0.0019229091703891754,0.03269522590562701,0.0023535490036010742,0.1358139831572771
tier_10k,2000,1_1438042987127.36_20150728002307-00080-ip-10-236-191-2_899463259_102.csv,1,50,20.0,0.15,2000,1,844,1000,True,False,False,844,0,844,0.2,0.00032302349995962207,,,False,0,0.09884026320651174,0.003324097953736782,0.0011944780126214027,0.09432168724015355,6.83031976222992e-05,0.03772582579404116,0.0030014771036803722,0.13963767746463418
tier_10k,2000,1_1438042987127.36_20150728002307-00140-ip-10-236-191-2_74640728_1.csv,1,10,5.0,0.15,2000,1,599,50,False,False,False,50,0,50,0.07692307692307693,0.016129032258064516,,,True,2,0.09526105225086212,0.00396476686000824,0.0011132792569696903,0.09018300613388419,0.0011325529776513577,0.004272982012480497,0.001759164035320282,0.10242768051102757
tier_10k,2000,1_1438042987127.36_20150728002307-00140-ip-10-236-191-2_74640728_1.csv,1,10,10.0,0.15,2000,1,599,100,False,False,False,100,0,100,0.07692307692307693,0.008928571428571428,,,True,2,0.09526105225086212,0.00396476686000824,0.0011132792569696903,0.09018300613388419,0.0011496390216052532,0.00810964498668909,0.001531038898974657,0.10605321917682886
tier_10k,2000,1_1438042987127.36_20150728002307-00140-ip-10-236-191-2_74640728_1.csv,1,10,15.0,0.15,2000,1,599,150,False,False,False,150,0,150,0.07692307692307693,0.005361930294906166,,,True,2,0.09526105225086212,0.00396476686000824,0.0011132792569696903,0.09018300613388419,0.0012023746967315674,0.011729467194527388,0.0016014729626476765,0.10979641135782003
tier_10k,2000,1_1438042987127.36_20150728002307-00140-ip-10-236-191-2_74640728_1.csv,1,10,20.0,0.15,2000,1,599,200,False,False,False,200,0,200,0.07692307692307693,0.003745318352059925,,,True,2,0.09526105225086212,0.00396476686000824,0.0011132792569696903,0.09018300613388419,0.0011693919077515602,0.015413371380418539,0.0016674678772687912,0.11351334350183606
tier_10k,2000,1_1438042987127.36_20150728002307-00140-ip-10-236-191-2_74640728_1.csv,1,20,5.0,0.15,2000,1,599,100,False,False,False,100,0,100,0.07692307692307693,0.008928571428571428,,,True,2,0.09526105225086212,0.00396476686000824,0.0011132792569696903,0.09018300613388419,0.001126810908317566,0.008059308864176273,0.0014365757815539837,0.10588564304634929
tier_10k,2000,1_1438042987127.36_20150728002307-00140-ip-10-236-191-2_74640728_1.csv,1,20,10.0,0.15,2000,1,599,200,False,False,False,200,0,200,0.07692307692307693,0.003745318352059925,,,True,2,0.09526105225086212,0.00396476686000824,0.0011132792569696903,0.09018300613388419,0.0011638249270617962,0.015317503828555346,0.001640927977859974,0.1133853173814714
tier_10k,2000,1_1438042987127.36_20150728002307-00140-ip-10-236-191-2_74640728_1.csv,1,20,15.0,0.15,2000,1,599,300,False,False,False,300,0,300,0.07692307692307693,0.0020470829068577278,,,True,2,0.09526105225086212,0.00396476686000824,0.0011132792569696903,0.09018300613388419,0.001216605305671692,0.023283828049898148,0.0017795227468013763,0.12154308520257473
tier_10k,2000,1_1438042987127.36_20150728002307-00140-ip-10-236-191-2_74640728_1.csv,1,20,20.0,0.15,2000,1,599,400,False,False,False,400,0,400,0.07692307692307693,0.0012953367875647669,,,True,2,0.09526105225086212,0.00396476686000824,0.0011132792569696903,0.09018300613388419,0.0012569297105073929,0.030416327994316816,0.002176916226744652,0.12911358242854476
tier_10k,2000,1_1438042987127.36_20150728002307-00140-ip-10-236-191-2_74640728_1.csv,1,30,5.0,0.15,2000,1,599,150,False,False,False,150,0,150,0.07692307692307693,0.005361930294906166,,,True,2,0.09526105225086212,0.00396476686000824,0.0011132792569696903,0.09018300613388419,0.0012006140314042568,0.011576753109693527,0.0015439302660524845,0.10958417924121022
tier_10k,2000,1_1438042987127.36_20150728002307-00140-ip-10-236-191-2_74640728_1.csv,1,30,10.0,0.15,2000,1,599,300,False,False,False,300,0,300,0.07692307692307693,0.0020470829068577278,,,True,2,0.09526105225086212,0.00396476686000824,0.0011132792569696903,0.09018300613388419,0.0012361370027065277,0.02296717604622245,0.001689758151769638,0.1211560545489192
tier_10k,2000,1_1438042987127.36_20150728002307-00140-ip-10-236-191-2_74640728_1.csv,1,30,15.0,0.15,2000,1,599,450,False,False,False,450,0,450,0.07692307692307693,0.001053740779768177,,,True,2,0.09526105225086212,0.00396476686000824,0.0011132792569696903,0.09018300613388419,0.001280877273529768,0.033887702971696854,0.0018934467807412148,0.13232507510110736
tier_10k,2000,1_1438042987127.36_20150728002307-00140-ip-10-236-191-2_74640728_1.csv,1,30,20.0,0.15,2000,1,599,600,True,False,False,599,0,599,0.07692307692307693,0.00035555555555555557,,,False,0,0.09526105225086212,0.00396476686000824,0.0011132792569696903,0.09018300613388419,4.663737490773201e-05,0.04416738636791706,0.0021768156439065933,0.14165381900966167
tier_10k,2000,1_1438042987127.36_20150728002307-00140-ip-10-236-191-2_74640728_1.csv,1,40,5.0,0.15,2000,1,599,200,False,False,False,200,0,200,0.07692307692307693,0.003745318352059925,,,True,2,0.09526105225086212,0.00396476686000824,0.0011132792569696903,0.09018300613388419,0.001172605436295271,0.015282079111784697,0.0015076827257871628,0.11322530405595899
tier_10k,2000,1_1438042987127.36_20150728002307-00140-ip-10-236-191-2_74640728_1.csv,1,40,10.0,0.15,2000,1,599,400,False,False,False,400,0,400,0.07692307692307693,0.0012953367875647669,,,True,2,0.09526105225086212,0.00396476686000824,0.0011132792569696903,0.09018300613388419,0.0012495238333940506,0.02988498192280531,0.0018288800492882729,0.12822628021240234
tier_10k,2000,1_1438042987127.36_20150728002307-00140-ip-10-236-191-2_74640728_1.csv,1,40,15.0,0.15,2000,1,599,600,True,False,False,599,0,599,0.07692307692307693,0.00035555555555555557,,,False,0,0.09526105225086212,0.00396476686000824,0.0011132792569696903,0.09018300613388419,4.8304907977581024e-05,0.044093646109104156,0.002389567904174328,0.14179439330473542
tier_10k,2000,1_1438042987127.36_20150728002307-00140-ip-10-236-191-2_74640728_1.csv,1,40,20.0,0.15,2000,1,599,800,True,False,False,599,0,599,0.07692307692307693,0.00035555555555555557,,,False,0,0.09526105225086212,0.00396476686000824,0.0011132792569696903,0.09018300613388419,4.859361797571182e-05,0.04389574192464352,0.0022295089438557625,0.14143672306090593
tier_10k,2000,1_1438042987127.36_20150728002307-00140-ip-10-236-191-2_74640728_1.csv,1,50,5.0,0.15,2000,1,599,250,False,False,False,250,0,250,0.07692307692307693,0.0027247956403269754,,,True,2,0.09526105225086212,0.00396476686000824,0.0011132792569696903,0.09018300613388419,0.001208046916872263,0.01972570363432169,0.0015716161578893661,0.11776845529675484
tier_10k,2000,1_1438042987127.36_20150728002307-00140-ip-10-236-191-2_74640728_1.csv,1,50,10.0,0.15,2000,1,599,500,False,False,False,500,0,500,0.07692307692307693,0.0008514261387824606,,,True,2,0.09526105225086212,0.00396476686000824,0.0011132792569696903,0.09018300613388419,0.0013241409324109554,0.0367758315987885,0.0021473648957908154,0.13551035290583968
tier_10k,2000,1_1438042987127.36_20150728002307-00140-ip-10-236-191-2_74640728_1.csv,1,50,15.0,0.15,2000,1,599,750,True,False,False,599,0,599,0.07692307692307693,0.00035555555555555557,,,False,0,0.09526105225086212,0.00396476686000824,0.0011132792569696903,0.09018300613388419,4.831375554203987e-05,0.0440696831792593,0.0027248328551650047,0.14210576191544533
tier_10k,2000,1_1438042987127.36_20150728002307-00140-ip-10-236-191-2_74640728_1.csv,1,50,20.0,0.15,2000,1,599,1000,True,False,False,599,0,599,0.07692307692307693,0.00035555555555555557,,,False,0,0.09526105225086212,0.00396476686000824,0.0011132792569696903,0.09018300613388419,4.864577203989029e-05,0.043745344039052725,0.0025018793530762196,0.14155874913558364
tier_10k,2000,1_1438042990112.50_20150728002310-00154-ip-10-236-191-2_303864106_21.csv,3,10,5.0,0.15,2000,66,172,50,False,True,True,50,10,50,0.2,0.11280487804878049,0.16030534351145037,120.40618759393692,True,5,0.03052853560075164,0.0026992433704435825,0.0008253278210759163,0.02700396440923214,0.0005563949234783649,0.053997344337403774,0.0065537141636013985,0.09163817530497909
tier_10k,2000,1_1438042990112.50_20150728002310-00154-ip-10-236-191-2_303864106_21.csv,3,10,10.0,0.15,2000,66,172,100,False,True,True,100,10,100,0.2,0.06728538283062645,0.1590909090909091,121.69556856155396,True,4,0.03052853560075164,0.0026992433704435825,0.0008253278210759163,0.02700396440923214,0.0008964110165834427,0.10469893319532275,0.00577341765165329,0.141899895388633
tier_10k,2000,1_1438042990112.50_20150728002310-00154-ip-10-236-191-2_303864106_21.csv,3,10,15.0,0.15,2000,66,172,150,False,True,True,150,10,150,0.2,0.035422343324250684,0.1590909090909091,121.69556856155396,True,2,0.03052853560075164,0.0026992433704435825,0.0008253278210759163,0.02700396440923214,0.0005705901421606541,0.16114057879894972,0.008196104783564806,0.20043889340013266
tier_10k,2000,1_1438042990112.50_20150728002310-00154-ip-10-236-191-2_303864106_21.csv,3,10,20.0,0.15,2000,66,172,200,True,True,True,172,10,172,0.2,0.018571428571428572,0.1590909090909091,121.69556856155396,False,0,0.03052853560075164,0.0026992433704435825,0.0008253278210759163,0.02700396440923214,3.3735763281583786e-05,0.1808861647732556,0.006781083066016436,0.2182326875627041
tier_10k,2000,1_1438042990112.50_20150728002310-00154-ip-10-236-191-2_303864106_21.csv,3,20,5.0,0.15,2000,66,172,100,False,True,True,100,20,100,0.2,0.06728538283062645,0.15028901734104047,230.73831683397293,True,4,0.03052853560075164,0.0026992433704435825,0.0008253278210759163,0.02700396440923214,0.0008911867626011372,0.10459367791190743,0.012724766042083502,0.14874103153124452
tier_10k,2000,1_1438042990112.50_20150728002310-00154-ip-10-236-191-2_303864106_21.csv,3,20,10.0,0.15,2000,66,172,200,True,True,True,172,20,172,0.2,0.018571428571428572,0.15028901734104047,230.73831683397293,False,0,0.03052853560075164,0.0026992433704435825,0.0008253278210759163,0.02700396440923214,1.6914214938879013e-05,0.1756762028671801,0.013546885922551155,0.2197705856524408
tier_10k,2000,1_1438042990112.50_20150728002310-00154-ip-10-236-191-2_303864106_21.csv,3,20,15.0,0.15,2000,66,172,300,True,True,True,172,20,172,0.2,0.018571428571428572,0.15028901734104047,230.73831683397293,False,0,0.03052853560075164,0.0026992433704435825,0.0008253278210759163,0.02700396440923214,1.8895138055086136e-05,0.17764392727985978,0.012391677126288414,0.2205853834748268
tier_10k,2000,1_1438042990112.50_20150728002310-00154-ip-10-236-191-2_303864106_21.csv,3,20,20.0,0.15,2000,66,172,400,True,True,True,172,20,172,0.2,0.018571428571428572,0.15028901734104047,230.73831683397293,False,0,0.03052853560075164,0.0026992433704435825,0.0008253278210759163,0.02700396440923214,1.936405897140503e-05,0.17615352664142847,0.012834949884563684,0.21953904768452048
tier_10k,2000,1_1438042990112.50_20150728002310-00154-ip-10-236-191-2_303864106_21.csv,3,30,5.0,0.15,2000,66,172,150,False,True,True,150,30,150,0.2,0.035422343324250684,0.1504424778761062,323.888231664896,True,2,0.03052853560075164,0.0026992433704435825,0.0008253278210759163,0.02700396440923214,0.00045221298933029175,0.1559116430580616,0.0436008470132947,0.23049581237137318
tier_10k,2000,1_1438042990112.50_20150728002310-00154-ip-10-236-191-2_303864106_21.csv,3,30,10.0,0.15,2000,66,172,300,True,True,True,172,30,172,0.2,0.018571428571428572,0.1504424778761062,323.888231664896,False,0,0.03052853560075164,0.0026992433704435825,0.0008253278210759163,0.02700396440923214,1.9396189600229263e-05,0.1386330253444612,0.034061029087752104,0.2032441720366478
tier_10k,2000,1_1438042990112.50_20150728002310-00154-ip-10-236-191-2_303864106_21.csv,3,30,15.0,0.15,2000,66,172,450,True,True,True,172,30,172,0.2,0.018571428571428572,0.1504424778761062,323.888231664896,False,0,0.03052853560075164,0.0026992433704435825,0.0008253278210759163,0.02700396440923214,1.5680212527513504e-05,0.1264142687432468,0.03674118686467409,0.1937016719020903
tier_10k,2000,1_1438042990112.50_20150728002310-00154-ip-10-236-191-2_303864106_21.csv,3,30,20.0,0.15,2000,66,172,600,True,True,True,172,30,172,0.2,0.018571428571428572,0.1504424778761062,323.888231664896,False,0,0.03052853560075164,0.0026992433704435825,0.0008253278210759163,0.02700396440923214,1.8634367734193802e-05,0.12849018489941955,0.03521082270890474,0.19425059668719769
tier_10k,2000,1_1438042990112.50_20150728002310-00154-ip-10-236-191-2_303864106_21.csv,3,40,5.0,0.15,2000,66,172,200,True,False,False,172,0,172,0.2,0.018571428571428572,,,False,0,0.03052853560075164,0.0026992433704435825,0.0008253278210759163,0.02700396440923214,1.833215355873108e-05,0.13246737094596028,0.0014150920324027538,0.1644311104901135
tier_10k,2000,1_1438042990112.50_20150728002310-00154-ip-10-236-191-2_303864106_21.csv,3,40,10.0,0.15,2000,66,172,400,True,False,False,172,0,172,0.2,0.018571428571428572,,,False,0,0.03052853560075164,0.0026992433704435825,0.0008253278210759163,0.02700396440923214,1.77738256752491e-05,0.12715050531551242,0.001614654902368784,0.15931286662817
tier_10k,2000,1_1438042990112.50_20150728002310-00154-ip-10-236-191-2_303864106_21.csv,3,40,15.0,0.15,2000,66,172,600,True,False,False,172,0,172,0.2,0.018571428571428572,,,False,0,0.03052853560075164,0.0026992433704435825,0.0008253278210759163,0.02700396440923214,1.880992203950882e-05,0.1285802493803203,0.0015152208507061005,0.16064440459012985
tier_10k,2000,1_1438042990112.50_20150728002310-00154-ip-10-236-191-2_303864106_21.csv,3,40,20.0,0.15,2000,66,172,800,True,False,False,172,0,172,0.2,0.018571428571428572,,,False,0,0.03052853560075164,0.0026992433704435825,0.0008253278210759163,0.02700396440923214,1.9238796085119247e-05,0.127404170576483,0.00156062887981534,0.15951425721868873
tier_10k,2000,1_1438042990112.50_20150728002310-00154-ip-10-236-191-2_303864106_21.csv,3,50,5.0,0.15,2000,66,172,250,True,False,False,172,0,172,0.2,0.018571428571428572,,,False,0,0.03052853560075164,0.0026992433704435825,0.0008253278210759163,0.02700396440923214,1.6767065972089767e-05,0.1277706897817552,0.0018896949477493763,0.16020742477849126
tier_10k,2000,1_1438042990112.50_20150728002310-00154-ip-10-236-191-2_303864106_21.csv,3,50,10.0,0.15,2000,66,172,500,True,False,False,172,0,172,0.2,0.018571428571428572,,,False,0,0.03052853560075164,0.0026992433704435825,0.0008253278210759163,0.02700396440923214,2.022506669163704e-05,0.12708787200972438,0.0021341340616345406,0.1597725199535489
tier_10k,2000,1_1438042990112.50_20150728002310-00154-ip-10-236-191-2_303864106_21.csv,3,50,15.0,0.15,2000,66,172,750,True,False,False,172,0,172,0.2,0.018571428571428572,,,False,0,0.03052853560075164,0.0026992433704435825,0.0008253278210759163,0.02700396440923214,2.2242777049541473e-05,0.12898341473191977,0.0015550367534160614,0.16109118284657598
tier_10k,2000,1_1438042990112.50_20150728002310-00154-ip-10-236-191-2_303864106_21.csv,3,50,20.0,0.15,2000,66,172,1000,True,False,False,172,0,172,0.2,0.018571428571428572,,,False,0,0.03052853560075164,0.0026992433704435825,0.0008253278210759163,0.02700396440923214,1.8928200006484985e-05,0.12740363599732518,0.0015810560435056686,0.15953391045331955
tier_10k,2000,0_1438042988458.74_20150728002308-00264-ip-10-236-191-2_704598375_3.csv,0,10,5.0,0.15,2000,2,571,50,False,True,True,50,10,50,1.0,0.057692307692307696,0.25,35.48975932598114,True,3,0.07153527392074466,0.003601161763072014,0.001054828055202961,0.06687928410246968,0.0009985151700675488,0.003960208967328072,0.004177345894277096,0.08067322708666325
tier_10k,2000,0_1438042988458.74_20150728002308-00264-ip-10-236-191-2_704598375_3.csv,0,10,10.0,0.15,2000,2,571,100,False,True,True,100,10,100,1.0,0.029914529914529916,0.25,35.90311670303345,True,2,0.07153527392074466,0.003601161763072014,0.001054828055202961,0.06687928410246968,0.0009328359737992287,0.008605401031672955,0.003656629007309675,0.08473192760720849
tier_10k,2000,0_1438042988458.74_20150728002308-00264-ip-10-236-191-2_704598375_3.csv,0,10,15.0,0.15,2000,2,571,150,False,True,True,150,10,150,1.0,0.020958083832335328,0.25,36.232989490032196,True,2,0.07153527392074466,0.003601161763072014,0.001054828055202961,0.06687928410246968,0.001500922255218029,0.015015684068202972,0.005079057067632675,0.09313312731683254
tier_10k,2000,0_1438042988458.74_20150728002308-00264-ip-10-236-191-2_704598375_3.csv,0,10,20.0,0.15,2000,2,571,200,False,True,True,200,10,200,1.0,0.016129032258064516,0.25,36.31814658641815,True,2,0.07153527392074466,0.003601161763072014,0.001054828055202961,0.06687928410246968,0.001497012097388506,0.0177581999450922,0.004532505292445421,0.09532524179667234
tier_10k,2000,0_1438042988458.74_20150728002308-00264-ip-10-236-191-2_704598375_3.csv,0,20,5.0,0.15,2000,2,571,100,False,False,False,100,0,100,1.0,0.029914529914529916,,,True,2,0.07153527392074466,0.003601161763072014,0.001054828055202961,0.06687928410246968,0.0015832292847335339,0.011253994889557362,0.0009671901352703571,0.08534171059727669
tier_10k,2000,0_1438042988458.74_20150728002308-00264-ip-10-236-191-2_704598375_3.csv,0,20,10.0,0.15,2000,2,571,200,False,False,False,200,0,200,1.0,0.016129032258064516,,,True,2,0.07153527392074466,0.003601161763072014,0.001054828055202961,0.06687928410246968,0.0008266759105026722,0.014624444767832756,0.001405700109899044,0.0883936295285821
tier_10k,2000,0_1438042988458.74_20150728002308-00264-ip-10-236-191-2_704598375_3.csv,0,20,15.0,0.15,2000,2,571,300,False,False,False,300,0,300,1.0,0.0106544901065449,,,True,2,0.07153527392074466,0.003601161763072014,0.001054828055202961,0.06687928410246968,0.0009425589814782143,0.0230710138566792,0.0012222956866025925,0.09677272289991379
tier_10k,2000,0_1438042988458.74_20150728002308-00264-ip-10-236-191-2_704598375_3.csv,0,20,20.0,0.15,2000,2,571,400,False,False,False,400,0,400,1.0,0.007194244604316547,,,True,2,0.07153527392074466,0.003601161763072014,0.001054828055202961,0.06687928410246968,0.0009881537407636642,0.029931108001619577,0.0016803466714918613,0.10413658199831843
tier_10k,2000,0_1438042988458.74_20150728002308-00264-ip-10-236-191-2_704598375_3.csv,0,30,5.0,0.15,2000,2,571,150,False,False,False,150,0,150,1.0,0.020958083832335328,,,True,2,0.07153527392074466,0.003601161763072014,0.001054828055202961,0.06687928410246968,0.0009088469669222832,0.012069834861904383,0.001607480924576521,0.08612306136637926
tier_10k,2000,0_1438042988458.74_20150728002308-00264-ip-10-236-191-2_704598375_3.csv,0,30,10.0,0.15,2000,2,571,300,False,False,False,300,0,300,1.0,0.0106544901065449,,,True,2,0.07153527392074466,0.003601161763072014,0.001054828055202961,0.06687928410246968,0.0009545162320137024,0.022352504078298807,0.0014426559209823608,0.09628649428486824
tier_10k,2000,0_1438042988458.74_20150728002308-00264-ip-10-236-191-2_704598375_3.csv,0,30,15.0,0.15,2000,2,571,450,False,False,False,450,0,450,1.0,0.005967604433077579,,,True,2,0.07153527392074466,0.003601161763072014,0.001054828055202961,0.06687928410246968,0.0010146410204470158,0.03280798299238086,0.0017035901546478271,0.10706315888091922
tier_10k,2000,0_1438042988458.74_20150728002308-00264-ip-10-236-191-2_704598375_3.csv,0,30,20.0,0.15,2000,2,571,600,True,False,False,571,0,571,1.0,0.0035514967021816335,,,False,0,0.07153527392074466,0.003601161763072014,0.001054828055202961,0.06687928410246968,3.837607800960541e-05,0.041934972163289785,0.00203908933326602,0.11554943397641182
tier_10k,2000,0_1438042988458.74_20150728002308-00264-ip-10-236-191-2_704598375_3.csv,0,40,5.0,0.15,2000,2,571,200,False,False,False,200,0,200,1.0,0.016129032258064516,,,True,2,0.07153527392074466,0.003601161763072014,0.001054828055202961,0.06687928410246968,0.0009096371941268444,0.014835543930530548,0.0015119821764528751,0.08879392314702272
tier_10k,2000,0_1438042988458.74_20150728002308-00264-ip-10-236-191-2_704598375_3.csv,0,40,10.0,0.15,2000,2,571,400,False,False,False,400,0,400,1.0,0.007194244604316547,,,True,2,0.07153527392074466,0.003601161763072014,0.001054828055202961,0.06687928410246968,0.0009238892234861851,0.029234015848487616,0.001883413176983595,0.10357836401090026
tier_10k,2000,0_1438042988458.74_20150728002308-00264-ip-10-236-191-2_704598375_3.csv,0,40,15.0,0.15,2000,2,571,600,True,False,False,571,0,571,1.0,0.0035514967021816335,,,False,0,0.07153527392074466,0.003601161763072014,0.001054828055202961,0.06687928410246968,0.00011879997327923775,0.04060187190771103,0.0022325930185616016,0.11449020681902766
tier_10k,2000,0_1438042988458.74_20150728002308-00264-ip-10-236-191-2_704598375_3.csv,0,40,20.0,0.15,2000,2,571,800,True,False,False,571,0,571,1.0,0.0035514967021816335,,,False,0,0.07153527392074466,0.003601161763072014,0.001054828055202961,0.06687928410246968,3.8561876863241196e-05,0.039641226176172495,0.002043877262622118,0.11326037487015128
tier_10k,2000,0_1438042988458.74_20150728002308-00264-ip-10-236-191-2_704598375_3.csv,0,50,5.0,0.15,2000,2,571,250,False,False,False,250,0,250,1.0,0.013108614232209739,,,True,2,0.07153527392074466,0.003601161763072014,0.001054828055202961,0.06687928410246968,0.0009152479469776154,0.01900674309581518,0.0015258630737662315,0.09298474015668035
tier_10k,2000,0_1438042988458.74_20150728002308-00264-ip-10-236-191-2_704598375_3.csv,0,50,10.0,0.15,2000,2,571,500,False,False,False,500,0,500,1.0,0.004957507082152974,,,True,2,0.07153527392074466,0.003601161763072014,0.001054828055202961,0.06687928410246968,0.0010241460986435413,0.03440373484045267,0.0017413776367902756,0.10870621399953961
tier_10k,2000,0_1438042988458.74_20150728002308-00264-ip-10-236-191-2_704598375_3.csv,0,50,15.0,0.15,2000,2,571,750,True,False,False,571,0,571,1.0,0.0035514967021816335,,,False,0,0.07153527392074466,0.003601161763072014,0.001054828055202961,0.06687928410246968,3.7637073546648026e-05,0.039623914286494255,0.001957325730472803,0.11315554101020098
tier_10k,2000,0_1438042988458.74_20150728002308-00264-ip-10-236-191-2_704598375_3.csv,0,50,20.0,0.15,2000,2,571,1000,True,False,False,571,0,571,1.0,0.0035514967021816335,,,False,0,0.07153527392074466,0.003601161763072014,0.001054828055202961,0.06687928410246968,3.49339097738266e-05,0.03903216868638992,0.0020027710124850273,0.1126066162250936
tier_10k,2000,0_1438042988061.16_20150728002308-00310-ip-10-236-191-2_342423429_0.csv,0,10,5.0,0.15,2000,3,640,50,False,False,False,50,0,50,0.2,0.03546099290780142,,,True,2,0.07689934968948364,0.0030525424517691135,0.0008399700745940208,0.07300683716312051,0.0009873397648334503,0.002547929994761944,0.0012174216099083424,0.08165386877954006
tier_10k,2000,0_1438042988061.16_20150728002308-00310-ip-10-236-191-2_342423429_0.csv,0,10,10.0,0.15,2000,3,640,100,False,False,False,100,0,100,0.2,0.02074688796680498,,,True,2,0.07689934968948364,0.0030525424517691135,0.0008399700745940208,0.07300683716312051,0.00103017408400774,0.004893274046480656,0.0009917919524013996,0.08381598256528378
tier_10k,2000,0_1438042988061.16_20150728002308-00310-ip-10-236-191-2_342423429_0.csv,0,10,15.0,0.15,2000,3,640,150,False,False,False,150,0,150,0.2,0.01466275659824047,,,True,2,0.07689934968948364,0.0030525424517691135,0.0008399700745940208,0.07300683716312051,0.0010434817522764206,0.00678877392783761,0.0009701759554445744,0.08570317458361387
tier_10k,2000,0_1438042988061.16_20150728002308-00310-ip-10-236-191-2_342423429_0.csv,0,10,20.0,0.15,2000,3,640,200,False,False,False,200,0,200,0.2,0.011337868480725623,,,True,2,0.07689934968948364,0.0030525424517691135,0.0008399700745940208,0.07300683716312051,0.0009298608638346195,0.00952652096748352,0.0014855978079140186,0.08884267788380384
tier_10k,2000,0_1438042988061.16_20150728002308-00310-ip-10-236-191-2_342423429_0.csv,0,20,5.0,0.15,2000,3,640,100,False,False,False,100,0,100,0.2,0.02074688796680498,,,True,2,0.07689934968948364,0.0030525424517691135,0.0008399700745940208,0.07300683716312051,0.0009333258494734764,0.004380338825285435,0.0009699841029942036,0.08318451885133982
tier_10k,2000,0_1438042988061.16_20150728002308-00310-ip-10-236-191-2_342423429_0.csv,0,20,10.0,0.15,2000,3,640,200,False,False,False,200,0,200,0.2,0.011337868480725623,,,True,2,0.07689934968948364,0.0030525424517691135,0.0008399700745940208,0.07300683716312051,0.0010293330997228622,0.009442423935979605,0.001584704965353012,0.08895730786025524
tier_10k,2000,0_1438042988061.16_20150728002308-00310-ip-10-236-191-2_342423429_0.csv,0,20,15.0,0.15,2000,3,640,300,False,False,False,300,0,300,0.2,0.0078003120124804995,,,True,2,0.07689934968948364,0.0030525424517691135,0.0008399700745940208,0.07300683716312051,0.0009630261920392513,0.01275379117578268,0.0015627606771886349,0.09218046767637134
tier_10k,2000,0_1438042988061.16_20150728002308-00310-ip-10-236-191-2_342423429_0.csv,0,20,20.0,0.15,2000,3,640,400,False,False,False,400,0,400,0.2,0.005341880341880342,,,True,2,0.07689934968948364,0.0030525424517691135,0.0008399700745940208,0.07300683716312051,0.0011061681434512138,0.017152847722172737,0.001457737758755684,0.09661770472303033
tier_10k,2000,0_1438042988061.16_20150728002308-00310-ip-10-236-191-2_342423429_0.csv,0,30,5.0,0.15,2000,3,640,150,False,False,False,150,0,150,0.2,0.01466275659824047,,,True,2,0.07689934968948364,0.0030525424517691135,0.0008399700745940208,0.07300683716312051,0.0009424537420272827,0.006685728207230568,0.0013058441691100597,0.0858349185436964
tier_10k,2000,0_1438042988061.16_20150728002308-00310-ip-10-236-191-2_342423429_0.csv,0,30,10.0,0.15,2000,3,640,300,False,False,False,300,0,300,0.2,0.0078003120124804995,,,True,2,0.07689934968948364,0.0030525424517691135,0.0008399700745940208,0.07300683716312051,0.0010603321716189384,0.013599061407148838,0.001276303082704544,0.09283640841022134
tier_10k,2000,0_1438042988061.16_20150728002308-00310-ip-10-236-191-2_342423429_0.csv,0,30,15.0,0.15,2000,3,640,450,False,False,False,450,0,450,0.2,0.004524886877828055,,,True,2,0.07689934968948364,0.0030525424517691135,0.0008399700745940208,0.07300683716312051,0.0009994087740778923,0.01797511614859104,0.0017777462489902973,0.09765322599560022
tier_10k,2000,0_1438042988061.16_20150728002308-00310-ip-10-236-191-2_342423429_0.csv,0,30,20.0,0.15,2000,3,640,600,False,False,False,600,0,600,0.2,0.0027654867256637168,,,True,2,0.07689934968948364,0.0030525424517691135,0.0008399700745940208,0.07300683716312051,0.001177468802779913,0.024122488219290972,0.001979414839297533,0.10418037138879299
tier_10k,2000,0_1438042988061.16_20150728002308-00310-ip-10-236-191-2_342423429_0.csv,0,40,5.0,0.15,2000,3,640,200,False,False,False,200,0,200,0.2,0.011337868480725623,,,True,2,0.07689934968948364,0.0030525424517691135,0.0008399700745940208,0.07300683716312051,0.0010311487130820751,0.009659867268055677,0.0012882021255791187,0.08888025442138314
tier_10k,2000,0_1438042988061.16_20150728002308-00310-ip-10-236-191-2_342423429_0.csv,0,40,10.0,0.15,2000,3,640,400,False,False,False,400,0,400,0.2,0.005341880341880342,,,True,2,0.07689934968948364,0.0030525424517691135,0.0008399700745940208,0.07300683716312051,0.0010804971680045128,0.016609068028628826,0.0017494317144155502,0.09633998479694128
tier_10k,2000,0_1438042988061.16_20150728002308-00310-ip-10-236-191-2_342423429_0.csv,0,40,15.0,0.15,2000,3,640,600,False,False,False,600,0,600,0.2,0.0027654867256637168,,,True,2,0.07689934968948364,0.0030525424517691135,0.0008399700745940208,0.07300683716312051,0.0011662519536912441,0.0238043493591249,0.0018618609756231308,0.1037333975546062
tier_10k,2000,0_1438042988061.16_20150728002308-00310-ip-10-236-191-2_342423429_0.csv,0,40,20.0,0.15,2000,3,640,800,True,False,False,640,0,640,0.2,0.0024084778420038534,,,False,0,0.07689934968948364,0.0030525424517691135,0.0008399700745940208,0.07300683716312051,3.956211730837822e-05,0.024474970996379852,0.0020727398805320263,0.10348809277638793
tier_10k,2000,0_1438042988061.16_20150728002308-00310-ip-10-236-191-2_342423429_0.csv,0,50,5.0,0.15,2000,3,640,250,False,False,False,250,0,250,0.2,0.009242144177449169,,,True,2,0.07689934968948364,0.0030525424517691135,0.0008399700745940208,0.07300683716312051,0.001052927691489458,0.011350187007337809,0.0014923871494829655,0.09079643292352557
tier_10k,2000,0_1438042988061.16_20150728002308-00310-ip-10-236-191-2_342423429_0.csv,0,50,10.0,0.15,2000,3,640,500,False,False,False,500,0,500,0.2,0.00382262996941896,,,True,2,0.07689934968948364,0.0030525424517691135,0.0008399700745940208,0.07300683716312051,0.0011314949952065945,0.020000906195491552,0.0017652623355388641,0.0997986369766295
tier_10k,2000,0_1438042988061.16_20150728002308-00310-ip-10-236-191-2_342423429_0.csv,0,50,15.0,0.15,2000,3,640,750,True,False,False,640,0,640,0.2,0.0024084778420038534,,,False,0,0.07689934968948364,0.0030525424517691135,0.0008399700745940208,0.07300683716312051,3.922684118151665e-05,0.024533920921385288,0.0021315221674740314,0.10360552184283733
tier_10k,2000,0_1438042988061.16_20150728002308-00310-ip-10-236-191-2_342423429_0.csv,0,50,20.0,0.15,2000,3,640,1000,True,False,False,640,0,640,0.2,0.0024084778420038534,,,False,0,0.07689934968948364,0.0030525424517691135,0.0008399700745940208,0.07300683716312051,4.382198676466942e-05,0.025568419136106968,0.0019344352185726166,0.10444752592593431
tier_10k,2000,1_1438042988061.16_20150728002308-00116-ip-10-236-191-2_764081199_5.csv,3,10,5.0,0.15,2000,7,576,50,False,True,True,50,10,50,0.16666666666666666,0.0979020979020979,0.15,33.866386353969574,True,3,0.07405927730724216,0.0036775791086256504,0.0008185030892491341,0.06956319510936737,0.0009575290605425835,0.00425333296880126,0.004175964277237654,0.08344831457361579
tier_10k,2000,1_1438042988061.16_20150728002308-00116-ip-10-236-191-2_764081199_5.csv,3,10,10.0,0.15,2000,7,576,100,False,True,True,100,10,100,0.16666666666666666,0.060291060291060294,0.15,33.91407161951065,True,3,0.07405927730724216,0.0036775791086256504,0.0008185030892491341,0.06956319510936737,0.001897932030260563,0.01144794700667262,0.003457436803728342,0.09086482925340533
tier_10k,2000,1_1438042988061.16_20150728002308-00116-ip-10-236-191-2_764081199_5.csv,3,10,15.0,0.15,2000,7,576,150,False,True,True,150,10,150,0.16666666666666666,0.04059539918809202,0.15,33.91407161951065,True,2,0.07405927730724216,0.0036775791086256504,0.0008185030892491341,0.06956319510936737,0.001462781336158514,0.01584249036386609,0.004352565389126539,0.09571923548355699
tier_10k,2000,1_1438042988061.16_20150728002308-00116-ip-10-236-191-2_764081199_5.csv,3,10,20.0,0.15,2000,7,576,200,False,True,True,200,10,200,0.16666666666666666,0.029440628066732092,0.15,33.91407161951065,True,2,0.07405927730724216,0.0036775791086256504,0.0008185030892491341,0.06956319510936737,0.0014965338632464409,0.018632539082318544,0.004532248247414827,0.09872285509482026
tier_10k,2000,1_1438042988061.16_20150728002308-00116-ip-10-236-191-2_764081199_5.csv,3,20,5.0,0.15,2000,7,576,100,False,False,False,100,0,100,0.16666666666666666,0.060291060291060294,,,True,3,0.07405927730724216,0.0036775791086256504,0.0008185030892491341,0.06956319510936737,0.0018823877908289433,0.01166565902531147,0.0012090918608009815,0.08881829027086496
tier_10k,2000,1_1438042988061.16_20150728002308-00116-ip-10-236-191-2_764081199_5.csv,3,20,10.0,0.15,2000,7,576,200,False,False,False,200,0,200,0.16666666666666666,0.029440628066732092,,,True,2,0.07405927730724216,0.0036775791086256504,0.0008185030892491341,0.06956319510936737,0.0008276482112705708,0.016039532143622637,0.0015024980530142784,0.09243040718138218
tier_10k,2000,1_1438042988061.16_20150728002308-00116-ip-10-236-191-2_764081199_5.csv,3,20,15.0,0.15,2000,7,576,300,False,False,False,300,0,300,0.16666666666666666,0.016882386043894203,,,True,2,0.07405927730724216,0.0036775791086256504,0.0008185030892491341,0.06956319510936737,0.0010976502671837807,0.025299128610640764,0.001502505037933588,0.10196021106094122
tier_10k,2000,1_1438042988061.16_20150728002308-00116-ip-10-236-191-2_764081199_5.csv,3,20,20.0,0.15,2000,7,576,400,False,False,False,400,0,400,0.16666666666666666,0.010442046641141664,,,True,2,0.07405927730724216,0.0036775791086256504,0.0008185030892491341,0.06956319510936737,0.0009093461558222771,0.0340105127543211,0.0019570142030715942,0.1109377802349627
tier_10k,2000,1_1438042988061.16_20150728002308-00116-ip-10-236-191-2_764081199_5.csv,3,30,5.0,0.15,2000,7,576,150,False,False,False,150,0,150,0.16666666666666666,0.04059539918809202,,,True,2,0.07405927730724216,0.0036775791086256504,0.0008185030892491341,0.06956319510936737,0.0007900521159172058,0.012776582036167383,0.0013014459982514381,0.08892885455861688
tier_10k,2000,1_1438042988061.16_20150728002308-00116-ip-10-236-191-2_764081199_5.csv,3,30,10.0,0.15,2000,7,576,300,False,False,False,300,0,300,0.16666666666666666,0.016882386043894203,,,True,2,0.07405927730724216,0.0036775791086256504,0.0008185030892491341,0.06956319510936737,0.0008427239954471588,0.02427622675895691,0.0015286989510059357,0.10070845205336809
tier_10k,2000,1_1438042988061.16_20150728002308-00116-ip-10-236-191-2_764081199_5.csv,3,30,15.0,0.15,2000,7,576,450,False,False,False,450,0,450,0.16666666666666666,0.008149959250203748,,,True,2,0.07405927730724216,0.0036775791086256504,0.0008185030892491341,0.06956319510936737,0.0010008811950683594,0.03733321093022823,0.0017970697954297066,0.11419204343110323
tier_10k,2000,1_1438042988061.16_20150728002308-00116-ip-10-236-191-2_764081199_5.csv,3,30,20.0,0.15,2000,7,576,600,True,False,False,576,0,576,0.16666666666666666,0.002245508982035928,,,False,0,0.07405927730724216,0.0036775791086256504,0.0008185030892491341,0.06956319510936737,3.849063068628311e-05,0.0493229441344738,0.0018996023572981358,0.12532183341681957
tier_10k,2000,1_1438042988061.16_20150728002308-00116-ip-10-236-191-2_764081199_5.csv,3,40,5.0,0.15,2000,7,576,200,False,False,False,200,0,200,0.16666666666666666,0.029440628066732092,,,True,2,0.07405927730724216,0.0036775791086256504,0.0008185030892491341,0.06956319510936737,0.0008325059898197651,0.01686325389891863,0.0011042761616408825,0.0928608886897564
tier_10k,2000,1_1438042988061.16_20150728002308-00116-ip-10-236-191-2_764081199_5.csv,3,40,10.0,0.15,2000,7,576,400,False,False,False,400,0,400,0.16666666666666666,0.010442046641141664,,,True,2,0.07405927730724216,0.0036775791086256504,0.0008185030892491341,0.06956319510936737,0.0009935940615832806,0.034018210135400295,0.0016185748390853405,0.1106913504190743
tier_10k,2000,1_1438042988061.16_20150728002308-00116-ip-10-236-191-2_764081199_5.csv,3,40,15.0,0.15,2000,7,576,600,True,False,False,576,0,576,0.16666666666666666,0.002245508982035928,,,False,0,0.07405927730724216,0.0036775791086256504,0.0008185030892491341,0.06956319510936737,4.0487851947546005e-05,0.04884673794731498,0.002077906858175993,0.1250259866937995
tier_10k,2000,1_1438042988061.16_20150728002308-00116-ip-10-236-191-2_764081199_5.csv,3,40,20.0,0.15,2000,7,576,800,True,False,False,576,0,576,0.16666666666666666,0.002245508982035928,,,False,0,0.07405927730724216,0.0036775791086256504,0.0008185030892491341,0.06956319510936737,3.969157114624977e-05,0.04935049870982766,0.002159667667001486,0.1256107403896749
tier_10k,2000,1_1438042988061.16_20150728002308-00116-ip-10-236-191-2_764081199_5.csv,3,50,5.0,0.15,2000,7,576,250,False,False,False,250,0,250,0.16666666666666666,0.022271714922048998,,,True,2,0.07405927730724216,0.0036775791086256504,0.0008185030892491341,0.06956319510936737,0.0009399787522852421,0.020012555178254843,0.0014473190531134605,0.09646070143207908
tier_10k,2000,1_1438042988061.16_20150728002308-00116-ip-10-236-191-2_764081199_5.csv,3,50,10.0,0.15,2000,7,576,500,False,False,False,500,0,500,0.16666666666666666,0.006169031462060457,,,True,2,0.07405927730724216,0.0036775791086256504,0.0008185030892491341,0.06956319510936737,0.0010467646643519402,0.04094427777454257,0.0018101218156516552,0.11786209419369698
tier_10k,2000,1_1438042988061.16_20150728002308-00116-ip-10-236-191-2_764081199_5.csv,3,50,15.0,0.15,2000,7,576,750,True,False,False,576,0,576,0.16666666666666666,0.002245508982035928,,,False,0,0.07405927730724216,0.0036775791086256504,0.0008185030892491341,0.06956319510936737,3.946386277675629e-05,0.04818167490884662,0.001981074921786785,0.12426309008151293
tier_10k,2000,1_1438042988061.16_20150728002308-00116-ip-10-236-191-2_764081199_5.csv,3,50,20.0,0.15,2000,7,576,1000,True,False,False,576,0,576,0.16666666666666666,0.002245508982035928,,,False,0,0.07405927730724216,0.0036775791086256504,0.0008185030892491341,0.06956319510936737,3.572320565581322e-05,0.04802719922736287,0.0018400861881673336,0.12396371643990278
tier_10k,2000,0_1438042988458.74_20150728002308-00095-ip-10-236-191-2_520943855_0.csv,4,10,5.0,0.15,2000,7,433,50,False,False,False,50,0,50,0.2,0.03184713375796178,,,True,4,0.055591726675629616,0.0032447418197989464,0.0007454077713191509,0.05160157708451152,0.0008662301115691662,0.00636893417686224,0.0016728718765079975,0.0645016715861857
tier_10k,2000,0_1438042988458.74_20150728002308-00095-ip-10-236-191-2_520943855_0.csv,4,10,10.0,0.15,2000,7,433,100,False,False,False,100,0,100,0.2,0.016,,,True,2,0.055591726675629616,0.0032447418197989464,0.0007454077713191509,0.05160157708451152,0.0006042891182005405,0.012888165656477213,0.0013363887555897236,0.07042199466377497
tier_10k,2000,0_1438042988458.74_20150728002308-00095-ip-10-236-191-2_520943855_0.csv,4,10,15.0,0.15,2000,7,433,150,False,False,False,150,0,150,0.2,0.010666666666666666,,,True,2,0.055591726675629616,0.0032447418197989464,0.0007454077713191509,0.05160157708451152,0.0006172270514070988,0.0202550170943141,0.0013173227198421955,0.07778279483318329
tier_10k,2000,0_1438042988458.74_20150728002308-00095-ip-10-236-191-2_520943855_0.csv,4,10,20.0,0.15,2000,7,433,200,False,False,False,200,0,200,0.2,0.007905138339920948,,,True,2,0.055591726675629616,0.0032447418197989464,0.0007454077713191509,0.05160157708451152,0.0006890059448778629,0.026707427110522985,0.0015278272330760956,0.0845176437869668
tier_10k,2000,0_1438042988458.74_20150728002308-00095-ip-10-236-191-2_520943855_0.csv,4,20,5.0,0.15,2000,7,433,100,False,False,False,100,0,100,0.2,0.016,,,True,2,0.055591726675629616,0.0032447418197989464,0.0007454077713191509,0.05160157708451152,0.0006559821777045727,0.013770222198218107,0.001076914370059967,0.07109648967161775
tier_10k,2000,0_1438042988458.74_20150728002308-00095-ip-10-236-191-2_520943855_0.csv,4,20,10.0,0.15,2000,7,433,200,False,False,False,200,0,200,0.2,0.007905138339920948,,,True,2,0.055591726675629616,0.0032447418197989464,0.0007454077713191509,0.05160157708451152,0.0006256410852074623,0.026376783847808838,0.0014708861708641052,0.08406678168103099
tier_10k,2000,0_1438042988458.74_20150728002308-00095-ip-10-236-191-2_520943855_0.csv,4,20,15.0,0.15,2000,7,433,300,False,False,False,300,0,300,0.2,0.004250797024442083,,,True,2,0.055591726675629616,0.0032447418197989464,0.0007454077713191509,0.05160157708451152,0.0006660600192844868,0.03812614502385259,0.0016421247273683548,0.09602770628407598
tier_10k,2000,0_1438042988458.74_20150728002308-00095-ip-10-236-191-2_520943855_0.csv,4,20,20.0,0.15,2000,7,433,400,False,False,False,400,0,400,0.2,0.0019636720667648502,,,True,2,0.055591726675629616,0.0032447418197989464,0.0007454077713191509,0.05160157708451152,0.0007241470739245415,0.05128326406702399,0.0020449752919375896,0.10964583093300462
tier_10k,2000,0_1438042988458.74_20150728002308-00095-ip-10-236-191-2_520943855_0.csv,4,30,5.0,0.15,2000,7,433,150,False,False,False,150,0,150,0.2,0.010666666666666666,,,True,2,0.055591726675629616,0.0032447418197989464,0.0007454077713191509,0.05160157708451152,0.0007153251208364964,0.020591945853084326,0.001454788725823164,0.0783555917441845
tier_10k,2000,0_1438042988458.74_20150728002308-00095-ip-10-236-191-2_520943855_0.csv,4,30,10.0,0.15,2000,7,433,300,False,False,False,300,0,300,0.2,0.004250797024442083,,,True,2,0.055591726675629616,0.0032447418197989464,0.0007454077713191509,0.05160157708451152,0.0006869100034236908,0.03886614087969065,0.0014872197061777115,0.09663342824205756
tier_10k,2000,0_1438042988458.74_20150728002308-00095-ip-10-236-191-2_520943855_0.csv,4,30,15.0,0.15,2000,7,433,450,True,False,False,433,0,433,0.2,0.0009841308894082913,,,False,0,0.055591726675629616,0.0032447418197989464,0.0007454077713191509,0.05160157708451152,2.81529501080513e-05,0.054597367998212576,0.001910131424665451,0.1121287364512682
tier_10k,2000,0_1438042988458.74_20150728002308-00095-ip-10-236-191-2_520943855_0.csv,4,30,20.0,0.15,2000,7,433,600,True,False,False,433,0,433,0.2,0.0009841308894082913,,,False,0,0.055591726675629616,0.0032447418197989464,0.0007454077713191509,0.05160157708451152,2.7939677238464355e-05,0.0537075842730701,0.0018033194355666637,0.11113197356462479
tier_10k,2000,0_1438042988458.74_20150728002308-00095-ip-10-236-191-2_520943855_0.csv,4,40,5.0,0.15,2000,7,433,200,False,False,False,200,0,200,0.2,0.007905138339920948,,,True,2,0.055591726675629616,0.0032447418197989464,0.0007454077713191509,0.05160157708451152,0.0006616720929741859,0.025290580932050943,0.0014241109602153301,0.08296972885727882
tier_10k,2000,0_1438042988458.74_20150728002308-00095-ip-10-236-191-2_520943855_0.csv,4,40,10.0,0.15,2000,7,433,400,False,False,False,400,0,400,0.2,0.0019636720667648502,,,True,2,0.055591726675629616,0.0032447418197989464,0.0007454077713191509,0.05160157708451152,0.0007877321913838387,0.05210366798564792,0.0017353338189423084,0.11022019851952791
tier_10k,2000,0_1438042988458.74_20150728002308-00095-ip-10-236-191-2_520943855_0.csv,4,40,15.0,0.15,2000,7,433,600,True,False,False,433,0,433,0.2,0.0009841308894082913,,,False,0,0.055591726675629616,0.0032447418197989464,0.0007454077713191509,0.05160157708451152,2.9169023036956787e-05,0.053452178835868835,0.0018175877630710602,0.11089217569679022
tier_10k,2000,0_1438042988458.74_20150728002308-00095-ip-10-236-191-2_520943855_0.csv,4,40,20.0,0.15,2000,7,433,800,True,False,False,433,0,433,0.2,0.0009841308894082913,,,False,0,0.055591726675629616,0.0032447418197989464,0.0007454077713191509,0.05160157708451152,3.0450988560914993e-05,0.053736509289592505,0.0018534702248871326,0.1112137446179986
tier_10k,2000,0_1438042988458.74_20150728002308-00095-ip-10-236-191-2_520943855_0.csv,4,50,5.0,0.15,2000,7,433,250,False,False,False,250,0,250,0.2,0.005847953216374269,,,True,2,0.055591726675629616,0.0032447418197989464,0.0007454077713191509,0.05160157708451152,0.0007361341267824173,0.032728869933634996,0.0014722896739840508,0.09053050447255373
tier_10k,2000,0_1438042988458.74_20150728002308-00095-ip-10-236-191-2_520943855_0.csv,4,50,10.0,0.15,2000,7,433,500,True,False,False,433,0,433,0.2,0.0009841308894082913,,,False,0,0.055591726675629616,0.0032447418197989464,0.0007454077713191509,0.05160157708451152,2.7072615921497345e-05,0.05315595772117376,0.0018389038741588593,0.11061523342505097
tier_10k,2000,0_1438042988458.74_20150728002308-00095-ip-10-236-191-2_520943855_0.csv,4,50,15.0,0.15,2000,7,433,750,True,False,False,433,0,433,0.2,0.0009841308894082913,,,False,0,0.055591726675629616,0.0032447418197989464,0.0007454077713191509,0.05160157708451152,2.9767397791147232e-05,0.054766262881457806,0.0017263870686292648,0.11211570631712675
tier_10k,2000,0_1438042988458.74_20150728002308-00095-ip-10-236-191-2_520943855_0.csv,4,50,20.0,0.15,2000,7,433,1000,True,False,False,433,0,433,0.2,0.0009841308894082913,,,False,0,0.055591726675629616,0.0032447418197989464,0.0007454077713191509,0.05160157708451152,2.7470756322145462e-05,0.05384694505482912,0.002396177966147661,0.11186382779851556
tier_10k,2000,0_1438042988061.16_20150728002308-00322-ip-10-236-191-2_739065442_3.csv,0,10,5.0,0.15,2000,85,667,50,False,True,True,50,10,50,0.25,0.21338912133891214,0.21568627450980393,22.359214663505554,True,1,0.109881941229105,0.00430934177711606,0.00147702032700181,0.10409557912498713,0.0008469377644360065,0.0059181698597967625,0.005159582011401653,0.1218091081827879
tier_10k,2000,0_1438042988061.16_20150728002308-00322-ip-10-236-191-2_739065442_3.csv,0,10,10.0,0.15,2000,85,667,100,False,True,True,100,10,100,0.25,0.15168539325842698,0.15151515151515152,23.381475746631622,True,4,0.109881941229105,0.00430934177711606,0.00147702032700181,0.10409557912498713,0.003457364160567522,0.010494316928088665,0.005182160995900631,0.12901879148557782
tier_10k,2000,0_1438042988061.16_20150728002308-00322-ip-10-236-191-2_739065442_3.csv,0,10,15.0,0.15,2000,85,667,150,False,True,True,150,10,150,0.25,0.11921708185053381,0.15151515151515152,23.400322437286377,True,4,0.109881941229105,0.00430934177711606,0.00147702032700181,0.10409557912498713,0.0034639080986380577,0.0159314782358706,0.006298982072621584,0.13557913340628147
tier_10k,2000,0_1438042988061.16_20150728002308-00322-ip-10-236-191-2_739065442_3.csv,0,10,20.0,0.15,2000,85,667,200,False,True,True,200,10,200,0.25,0.09379310344827586,0.15384615384615385,23.49833858013153,True,4,0.109881941229105,0.00430934177711606,0.00147702032700181,0.10409557912498713,0.0035103149712085724,0.01934082107618451,0.055860979948192835,0.18859679624438286
tier_10k,2000,0_1438042988061.16_20150728002308-00322-ip-10-236-191-2_739065442_3.csv,0,20,5.0,0.15,2000,85,667,100,False,True,True,100,20,100,0.25,0.15168539325842698,0.15151515151515152,45.355982184410095,True,4,0.109881941229105,0.00430934177711606,0.00147702032700181,0.10409557912498713,0.0021723201498389244,0.009878612123429775,0.005654589738696814,0.12759025115519762
tier_10k,2000,0_1438042988061.16_20150728002308-00322-ip-10-236-191-2_739065442_3.csv,0,20,10.0,0.15,2000,85,667,200,False,True,True,200,20,200,0.25,0.09379310344827586,0.1506849315068493,45.58096772432327,True,4,0.109881941229105,0.00430934177711606,0.00147702032700181,0.10409557912498713,0.003589318133890629,0.019615964964032173,0.01682415371760726,0.14991396013647318
tier_10k,2000,0_1438042988061.16_20150728002308-00322-ip-10-236-191-2_739065442_3.csv,0,20,15.0,0.15,2000,85,667,300,False,True,True,300,20,300,0.25,0.05950413223140496,0.15,45.71179139614105,True,4,0.109881941229105,0.00430934177711606,0.00147702032700181,0.10409557912498713,0.002171092201024294,0.025431578047573566,0.01781060779467225,0.15529746003448963
tier_10k,2000,0_1438042988061.16_20150728002308-00322-ip-10-236-191-2_739065442_3.csv,0,20,20.0,0.15,2000,85,667,400,False,True,True,400,20,400,0.25,0.04239533651298357,0.15,45.90178442001343,True,3,0.109881941229105,0.00430934177711606,0.00147702032700181,0.10409557912498713,0.0030001201666891575,0.03349705087020993,0.021906482987105846,0.16828821739181876
tier_10k,2000,0_1438042988061.16_20150728002308-00322-ip-10-236-191-2_739065442_3.csv,0,30,5.0,0.15,2000,85,667,150,False,True,True,150,30,150,0.25,0.11921708185053381,0.15151515151515152,67.19215399026871,True,4,0.109881941229105,0.00430934177711606,0.00147702032700181,0.10409557912498713,0.0021095327101647854,0.0136653040535748,0.007385405711829662,0.13304432993754745
tier_10k,2000,0_1438042988061.16_20150728002308-00322-ip-10-236-191-2_739065442_3.csv,0,30,10.0,0.15,2000,85,667,300,False,True,True,300,30,300,0.25,0.05950413223140496,0.1504424778761062,67.57000190019608,True,4,0.109881941229105,0.00430934177711606,0.00147702032700181,0.10409557912498713,0.003617627080529928,0.026490256190299988,0.015105572994798422,0.15509813418611884
tier_10k,2000,0_1438042988061.16_20150728002308-00322-ip-10-236-191-2_739065442_3.csv,0,30,15.0,0.15,2000,85,667,450,False,True,True,450,30,450,0.25,0.03646748681898067,0.1504424778761062,67.74965023994446,True,3,0.109881941229105,0.00430934177711606,0.00147702032700181,0.10409557912498713,0.0018654977902770042,0.036429489962756634,0.13421392999589443,0.2823931211605668
tier_10k,2000,0_1438042988061.16_20150728002308-00322-ip-10-236-191-2_739065442_3.csv,0,30,20.0,0.15,2000,85,667,600,False,True,True,600,30,600,0.25,0.02094111850209411,0.1504424778761062,67.74965023994446,True,2,0.109881941229105,0.00430934177711606,0.00147702032700181,0.10409557912498713,0.0019253743812441826,0.04303941410034895,0.1315356930717826,0.28638501605018973
tier_10k,2000,0_1438042988061.16_20150728002308-00322-ip-10-236-191-2_739065442_3.csv,0,40,5.0,0.15,2000,85,667,200,False,True,True,200,40,200,0.25,0.09379310344827586,0.15,89.08960163593292,True,4,0.109881941229105,0.00430934177711606,0.00147702032700181,0.10409557912498713,0.001918870024383068,0.014027561992406845,0.010086169932037592,0.13591726310551167
tier_10k,2000,0_1438042988061.16_20150728002308-00322-ip-10-236-191-2_739065442_3.csv,0,40,10.0,0.15,2000,85,667,400,False,True,True,400,40,400,0.25,0.04239533651298357,0.1503267973856209,89.35552686452866,True,3,0.109881941229105,0.00430934177711606,0.00147702032700181,0.10409557912498713,0.0015950016677379608,0.025134573690593243,0.007649038918316364,0.14426483307033777
tier_10k,2000,0_1438042988061.16_20150728002308-00322-ip-10-236-191-2_739065442_3.csv,0,40,15.0,0.15,2000,85,667,600,False,True,True,600,40,600,0.25,0.02094111850209411,0.1503267973856209,89.35552686452866,True,2,0.109881941229105,0.00430934177711606,0.00147702032700181,0.10409557912498713,0.002045682165771723,0.03724938631057739,0.011958844028413296,0.16113852942362428
tier_10k,2000,0_1438042988061.16_20150728002308-00322-ip-10-236-191-2_739065442_3.csv,0,40,20.0,0.15,2000,85,667,800,True,True,True,667,40,667,0.25,0.009359171988548777,0.1503267973856209,89.35552686452866,False,0,0.109881941229105,0.00430934177711606,0.00147702032700181,0.10409557912498713,8.976412937045097e-05,0.054536824114620686,0.011635833885520697,0.17614760110154748
tier_10k,2000,0_1438042988061.16_20150728002308-00322-ip-10-236-191-2_739065442_3.csv,0,50,5.0,0.15,2000,85,667,250,False,True,True,250,50,250,0.25,0.07368421052631578,0.15,110.31942421197891,True,4,0.109881941229105,0.00430934177711606,0.00147702032700181,0.10409557912498713,0.0037338966503739357,0.02182214381173253,0.007690798956900835,0.1431317231617868
tier_10k,2000,0_1438042988061.16_20150728002308-00322-ip-10-236-191-2_739065442_3.csv,0,50,10.0,0.15,2000,85,667,500,False,True,True,500,50,500,0.25,0.03120411160058737,0.15053763440860216,110.5111785531044,True,2,0.109881941229105,0.00430934177711606,0.00147702032700181,0.10409557912498713,0.0022434047423303127,0.04129272000864148,0.020796129945665598,0.17421706905588508
tier_10k,2000,0_1438042988061.16_20150728002308-00322-ip-10-236-191-2_739065442_3.csv,0,50,15.0,0.15,2000,85,667,750,True,True,True,667,50,667,0.25,0.009359171988548777,0.15053763440860216,110.5111785531044,False,0,0.109881941229105,0.00430934177711606,0.00147702032700181,0.10409557912498713,5.35380095243454e-05,0.05278139282017946,0.043172070756554604,0.20589109184220433
tier_10k,2000,0_1438042988061.16_20150728002308-00322-ip-10-236-191-2_739065442_3.csv,0,50,20.0,0.15,2000,85,667,1000,True,True,True,667,50,667,0.25,0.009359171988548777,0.15053763440860216,110.5111785531044,False,0,0.109881941229105,0.00430934177711606,0.00147702032700181,0.10409557912498713,5.788309499621391e-05,0.0530841127038002,0.04282802529633045,0.20585417142137885
tier_10k,2000,1_1438042987127.36_20150728002307-00145-ip-10-236-191-2_499439925_0.csv,2,10,5.0,0.15,2000,3,294,50,False,False,False,50,0,50,0.09523809523809523,0.013201320132013201,,,True,2,0.05262571992352605,0.0033890381455421448,0.0009080078452825546,0.04832867393270135,0.0005554207600653172,0.013913663104176521,0.0012975102290511131,0.06839438574388623
tier_10k,2000,1_1438042987127.36_20150728002307-00145-ip-10-236-191-2_499439925_0.csv,2,10,10.0,0.15,2000,3,294,100,False,False,False,100,0,100,0.09523809523809523,0.006633499170812604,,,True,2,0.05262571992352605,0.0033890381455421448,0.0009080078452825546,0.04832867393270135,0.0005615958943963051,0.025872373022139072,0.0011033709160983562,0.08016473613679409
tier_10k,2000,1_1438042987127.36_20150728002307-00145-ip-10-236-191-2_499439925_0.csv,2,10,15.0,0.15,2000,3,294,150,False,False,False,150,0,150,0.09523809523809523,0.004132231404958678,,,True,2,0.05262571992352605,0.0033890381455421448,0.0009080078452825546,0.04832867393270135,0.000574842095375061,0.039280878845602274,0.001431560143828392,0.09391486598178744
tier_10k,2000,1_1438042987127.36_20150728002307-00145-ip-10-236-191-2_499439925_0.csv,2,10,20.0,0.15,2000,3,294,200,False,False,False,200,0,200,0.09523809523809523,0.002688172043010753,,,True,2,0.05262571992352605,0.0033890381455421448,0.0009080078452825546,0.04832867393270135,0.0005848882719874382,0.04979671910405159,0.001547022257000208,0.10455639101564884
tier_10k,2000,1_1438042987127.36_20150728002307-00145-ip-10-236-191-2_499439925_0.csv,2,20,5.0,0.15,2000,3,294,100,False,False,False,100,0,100,0.09523809523809523,0.006633499170812604,,,True,2,0.05262571992352605,0.0033890381455421448,0.0009080078452825546,0.04832867393270135,0.0005428041331470013,0.02537959488108754,0.0013070511631667614,0.07985689723864198
tier_10k,2000,1_1438042987127.36_20150728002307-00145-ip-10-236-191-2_499439925_0.csv,2,20,10.0,0.15,2000,3,294,200,False,False,False,200,0,200,0.09523809523809523,0.002688172043010753,,,True,2,0.05262571992352605,0.0033890381455421448,0.0009080078452825546,0.04832867393270135,0.0005906308069825172,0.05009851697832346,0.0013119080103933811,0.10462861601263285
tier_10k,2000,1_1438042987127.36_20150728002307-00145-ip-10-236-191-2_499439925_0.csv,2,20,15.0,0.15,2000,3,294,300,True,False,False,294,0,294,0.09523809523809523,0.0008058017727639,,,False,0,0.05262571992352605,0.0033890381455421448,0.0009080078452825546,0.04832867393270135,2.6265159249305725e-05,0.07104205107316375,0.0014467802830040455,0.1251426851376891
tier_10k,2000,1_1438042987127.36_20150728002307-00145-ip-10-236-191-2_499439925_0.csv,2,20,20.0,0.15,2000,3,294,400,True,False,False,294,0,294,0.09523809523809523,0.0008058017727639,,,False,0,0.05262571992352605,0.0033890381455421448,0.0009080078452825546,0.04832867393270135,2.5585293769836426e-05,0.07127791410312057,0.002204005140811205,0.12613543821498752
tier_10k,2000,1_1438042987127.36_20150728002307-00145-ip-10-236-191-2_499439925_0.csv,2,30,5.0,0.15,2000,3,294,150,False,False,False,150,0,150,0.09523809523809523,0.004132231404958678,,,True,2,0.05262571992352605,0.0033890381455421448,0.0009080078452825546,0.04832867393270135,0.0006095860153436661,0.039281446021050215,0.0016888678073883057,0.09420781722292304
tier_10k,2000,1_1438042987127.36_20150728002307-00145-ip-10-236-191-2_499439925_0.csv,2,30,10.0,0.15,2000,3,294,300,True,False,False,294,0,294,0.09523809523809523,0.0008058017727639,,,False,0,0.05262571992352605,0.0033890381455421448,0.0009080078452825546,0.04832867393270135,2.8352253139019012e-05,0.07103083888068795,0.0021356050856411457,0.12582282489165664
tier_10k,2000,1_1438042987127.36_20150728002307-00145-ip-10-236-191-2_499439925_0.csv,2,30,15.0,0.15,2000,3,294,450,True,False,False,294,0,294,0.09523809523809523,0.0008058017727639,,,False,0,0.05262571992352605,0.0033890381455421448,0.0009080078452825546,0.04832867393270135,2.8139911592006683e-05,0.07098159519955516,0.0018631257116794586,0.125500347930938
tier_10k,2000,1_1438042987127.36_20150728002307-00145-ip-10-236-191-2_499439925_0.csv,2,30,20.0,0.15,2000,3,294,600,True,False,False,294,0,294,0.09523809523809523,0.0008058017727639,,,False,0,0.05262571992352605,0.0033890381455421448,0.0009080078452825546,0.04832867393270135,2.818973734974861e-05,0.07047432521358132,0.001699548214673996,0.12482972769066691
tier_10k,2000,1_1438042987127.36_20150728002307-00145-ip-10-236-191-2_499439925_0.csv,2,40,5.0,0.15,2000,3,294,200,False,False,False,200,0,200,0.09523809523809523,0.002688172043010753,,,True,2,0.05262571992352605,0.0033890381455421448,0.0009080078452825546,0.04832867393270135,0.0006287964060902596,0.0500909760594368,0.0020423713140189648,0.10538977105170488
tier_10k,2000,1_1438042987127.36_20150728002307-00145-ip-10-236-191-2_499439925_0.csv,2,40,10.0,0.15,2000,3,294,400,True,False,False,294,0,294,0.09523809523809523,0.0008058017727639,,,False,0,0.05262571992352605,0.0033890381455421448,0.0009080078452825546,0.04832867393270135,2.691289409995079e-05,0.07046378497034311,0.0017037619836628437,0.12482216395437717
tier_10k,2000,1_1438042987127.36_20150728002307-00145-ip-10-236-191-2_499439925_0.csv,2,40,15.0,0.15,2000,3,294,600,True,False,False,294,0,294,0.09523809523809523,0.0008058017727639,,,False,0,0.05262571992352605,0.0033890381455421448,0.0009080078452825546,0.04832867393270135,2.6700086891651154e-05,0.07050697272643447,0.0016765869222581387,0.1248378255404532
tier_10k,2000,1_1438042987127.36_20150728002307-00145-ip-10-236-191-2_499439925_0.csv,2,40,20.0,0.15,2000,3,294,800,True,False,False,294,0,294,0.09523809523809523,0.0008058017727639,,,False,0,0.05262571992352605,0.0033890381455421448,0.0009080078452825546,0.04832867393270135,2.6546884328126907e-05,0.07040008623152971,0.0017441678792238235,0.12479842081665993
tier_10k,2000,1_1438042987127.36_20150728002307-00145-ip-10-236-191-2_499439925_0.csv,2,50,5.0,0.15,2000,3,294,250,False,False,False,250,0,250,0.09523809523809523,0.001610305958132045,,,True,2,0.05262571992352605,0.0033890381455421448,0.0009080078452825546,0.04832867393270135,0.0006598359905183315,0.060755699407309294,0.00150734419003129,0.11555060604587197
tier_10k,2000,1_1438042987127.36_20150728002307-00145-ip-10-236-191-2_499439925_0.csv,2,50,10.0,0.15,2000,3,294,500,True,False,False,294,0,294,0.09523809523809523,0.0008058017727639,,,False,0,0.05262571992352605,0.0033890381455421448,0.0009080078452825546,0.04832867393270135,2.6201829314231873e-05,0.0704423631541431,0.001999447587877512,0.12509577115997672
tier_10k,2000,1_1438042987127.36_20150728002307-00145-ip-10-236-191-2_499439925_0.csv,2,50,15.0,0.15,2000,3,294,750,True,False,False,294,0,294,0.09523809523809523,0.0008058017727639,,,False,0,0.05262571992352605,0.0033890381455421448,0.0009080078452825546,0.04832867393270135,2.7066096663475037e-05,0.07086191326379776,0.0019298731349408627,0.12544652307406068
tier_10k,2000,1_1438042987127.36_20150728002307-00145-ip-10-236-191-2_499439925_0.csv,2,50,20.0,0.15,2000,3,294,1000,True,False,False,294,0,294,0.09523809523809523,0.0008058017727639,,,False,0,0.05262571992352605,0.0033890381455421448,0.0009080078452825546,0.04832867393270135,3.10949981212616e-05,0.0708712488412857,0.0021584490314126015,0.1256885537877679
tier_10k,2000,1_1438042990112.50_20150728002310-00013-ip-10-236-191-2_321346784_4.csv,1,10,5.0,0.15,2000,14,496,50,False,True,True,50,10,50,0.3333333333333333,0.05405405405405406,0.1935483870967742,28.227439641952515,True,2,0.0803698431700468,0.003261346835643053,0.001349042635411024,0.07575945369899273,0.0009145322255790234,0.004973500035703182,0.004287605173885822,0.09054785640910268
tier_10k,2000,1_1438042990112.50_20150728002310-00013-ip-10-236-191-2_321346784_4.csv,1,10,10.0,0.15,2000,14,496,100,False,True,True,100,10,100,0.3333333333333333,0.023166023166023165,0.17647058823529413,29.285684168338776,True,2,0.0803698431700468,0.003261346835643053,0.001349042635411024,0.07575945369899273,0.0009591998532414436,0.009619352873414755,0.0039684041403234005,0.09491916932165623
tier_10k,2000,1_1438042990112.50_20150728002310-00013-ip-10-236-191-2_321346784_4.csv,1,10,15.0,0.15,2000,14,496,150,False,True,True,150,10,150,0.3333333333333333,0.01312910284463895,0.16216216216216217,29.703278481960297,True,2,0.0803698431700468,0.003261346835643053,0.001349042635411024,0.07575945369899273,0.0009756237268447876,0.014214454684406519,0.004698331002146006,0.10026034247130156
tier_10k,2000,1_1438042990112.50_20150728002310-00013-ip-10-236-191-2_321346784_4.csv,1,10,20.0,0.15,2000,14,496,200,False,True,True,200,10,200,0.3333333333333333,0.008771929824561403,0.15789473684210525,29.717706322669983,True,2,0.0803698431700468,0.003261346835643053,0.001349042635411024,0.07575945369899273,0.0010054600425064564,0.018782915081828833,0.004386476241052151,0.10454679746180773
tier_10k,2000,1_1438042990112.50_20150728002310-00013-ip-10-236-191-2_321346784_4.csv,1,20,5.0,0.15,2000,14,496,100,False,False,False,100,0,100,0.3333333333333333,0.023166023166023165,,,True,2,0.0803698431700468,0.003261346835643053,0.001349042635411024,0.07575945369899273,0.0009478558786213398,0.00954816211014986,0.0014011748135089874,0.09226903785020113
tier_10k,2000,1_1438042990112.50_20150728002310-00013-ip-10-236-191-2_321346784_4.csv,1,20,10.0,0.15,2000,14,496,200,False,False,False,200,0,200,0.3333333333333333,0.008771929824561403,,,True,2,0.0803698431700468,0.003261346835643053,0.001349042635411024,0.07575945369899273,0.0009913998655974865,0.018713055178523064,0.0014999201521277428,0.10157601209357381
tier_10k,2000,1_1438042990112.50_20150728002310-00013-ip-10-236-191-2_321346784_4.csv,1,20,15.0,0.15,2000,14,496,300,False,False,False,300,0,300,0.3333333333333333,0.005067567567567568,,,True,2,0.0803698431700468,0.003261346835643053,0.001349042635411024,0.07575945369899273,0.0010233521461486816,0.02999022090807557,0.0014789486303925514,0.11286429641768336
tier_10k,2000,1_1438042990112.50_20150728002310-00013-ip-10-236-191-2_321346784_4.csv,1,20,20.0,0.15,2000,14,496,400,False,False,False,400,0,400,0.3333333333333333,0.0035629453681710215,,,True,2,0.0803698431700468,0.003261346835643053,0.001349042635411024,0.07575945369899273,0.0010551521554589272,0.04212567117065191,0.0018930518999695778,0.12544586742296815
tier_10k,2000,1_1438042990112.50_20150728002310-00013-ip-10-236-191-2_321346784_4.csv,1,30,5.0,0.15,2000,14,496,150,False,False,False,150,0,150,0.3333333333333333,0.01312910284463895,,,True,2,0.0803698431700468,0.003261346835643053,0.001349042635411024,0.07575945369899273,0.0009695710614323616,0.013454276137053967,0.0015618880279362202,0.09635765524581075
tier_10k,2000,1_1438042990112.50_20150728002310-00013-ip-10-236-191-2_321346784_4.csv,1,30,10.0,0.15,2000,14,496,300,False,False,False,300,0,300,0.3333333333333333,0.005067567567567568,,,True,2,0.0803698431700468,0.003261346835643053,0.001349042635411024,0.07575945369899273,0.0010140761733055115,0.029873467981815338,0.001666863914579153,0.11292637092992663
tier_10k,2000,1_1438042990112.50_20150728002310-00013-ip-10-236-191-2_321346784_4.csv,1,30,15.0,0.15,2000,14,496,450,False,False,False,450,0,450,0.3333333333333333,0.0031023784901758012,,,True,2,0.0803698431700468,0.003261346835643053,0.001349042635411024,0.07575945369899273,0.001064955722540617,0.04780110064893961,0.002229024190455675,0.13146691536530852
tier_10k,2000,1_1438042990112.50_20150728002310-00013-ip-10-236-191-2_321346784_4.csv,1,30,20.0,0.15,2000,14,496,600,True,False,False,496,0,496,0.3333333333333333,0.002607561929595828,,,False,0,0.0803698431700468,0.003261346835643053,0.001349042635411024,0.07575945369899273,4.174886271357536e-05,0.051519826985895634,0.0020617246627807617,0.13399517349898815
tier_10k,2000,1_1438042990112.50_20150728002310-00013-ip-10-236-191-2_321346784_4.csv,1,40,5.0,0.15,2000,14,496,200,False,False,False,200,0,200,0.3333333333333333,0.008771929824561403,,,True,2,0.0803698431700468,0.003261346835643053,0.001349042635411024,0.07575945369899273,0.0010193628259003162,0.018784163054078817,0.0015030410140752792,0.1016783332452178
tier_10k,2000,1_1438042990112.50_20150728002310-00013-ip-10-236-191-2_321346784_4.csv,1,40,10.0,0.15,2000,14,496,400,False,False,False,400,0,400,0.3333333333333333,0.0035629453681710215,,,True,2,0.0803698431700468,0.003261346835643053,0.001349042635411024,0.07575945369899273,0.0010553491301834583,0.0418030652217567,0.0018949508666992188,0.12512535601854324
tier_10k,2000,1_1438042990112.50_20150728002310-00013-ip-10-236-191-2_321346784_4.csv,1,40,15.0,0.15,2000,14,496,600,True,False,False,496,0,496,0.3333333333333333,0.002607561929595828,,,False,0,0.0803698431700468,0.003261346835643053,0.001349042635411024,0.07575945369899273,4.350068047642708e-05,0.05144717823714018,0.001998548861593008,0.13386104488745332
tier_10k,2000,1_1438042990112.50_20150728002310-00013-ip-10-236-191-2_321346784_4.csv,1,40,20.0,0.15,2000,14,496,800,True,False,False,496,0,496,0.3333333333333333,0.002607561929595828,,,False,0,0.0803698431700468,0.003261346835643053,0.001349042635411024,0.07575945369899273,4.113838076591492e-05,0.051569731906056404,0.002282450906932354,0.13426509825512767
tier_10k,2000,1_1438042990112.50_20150728002310-00013-ip-10-236-191-2_321346784_4.csv,1,50,5.0,0.15,2000,14,496,250,False,False,False,250,0,250,0.3333333333333333,0.006423982869379015,,,True,2,0.0803698431700468,0.003261346835643053,0.001349042635411024,0.07575945369899273,0.0010645030997693539,0.0244373707100749,0.0017509669996798038,0.10762473614886403
tier_10k,2000,1_1438042990112.50_20150728002310-00013-ip-10-236-191-2_321346784_4.csv,1,50,10.0,0.15,2000,14,496,500,True,False,False,496,0,496,0.3333333333333333,0.002607561929595828,,,False,0,0.0803698431700468,0.003261346835643053,0.001349042635411024,0.07575945369899273,4.2838044464588165e-05,0.05149397812783718,0.0022644768469035625,0.13417326845228672
tier_10k,2000,1_1438042990112.50_20150728002310-00013-ip-10-236-191-2_321346784_4.csv,1,50,15.0,0.15,2000,14,496,750,True,False,False,496,0,496,0.3333333333333333,0.002607561929595828,,,False,0,0.0803698431700468,0.003261346835643053,0.001349042635411024,0.07575945369899273,4.522176459431648e-05,0.05176135525107384,0.0021634679287672043,0.1343419747427106
tier_10k,2000,1_1438042990112.50_20150728002310-00013-ip-10-236-191-2_321346784_4.csv,1,50,20.0,0.15,2000,14,496,1000,True,False,False,496,0,496,0.3333333333333333,0.002607561929595828,,,False,0,0.0803698431700468,0.003261346835643053,0.001349042635411024,0.07575945369899273,4.456378519535065e-05,0.05142964795231819,0.002311970107257366,0.13415798405185342
tier_10k,2000,0_1438042988061.16_20150728002308-00143-ip-10-236-191-2_392191488_0.csv,0,10,5.0,0.15,2000,23,736,50,False,True,True,50,10,50,0.06060606060606061,0.12025316455696203,0.16071428571428573,25.013520777225494,True,3,0.12035514926537871,0.003866448998451233,0.001474154181778431,0.11501454608514905,0.0017852210439741611,0.006538684945553541,0.0056336852721869946,0.13431509118527174
tier_10k,2000,0_1438042988061.16_20150728002308-00143-ip-10-236-191-2_392191488_0.csv,0,10,10.0,0.15,2000,23,736,100,False,True,True,100,10,100,0.06060606060606061,0.06756756756756757,0.15517241379310345,25.373797476291656,True,4,0.12035514926537871,0.003866448998451233,0.001474154181778431,0.11501454608514905,0.0023237369023263454,0.010547354351729155,0.005312107969075441,0.13854047330096364
tier_10k,2000,0_1438042988061.16_20150728002308-00143-ip-10-236-191-2_392191488_0.csv,0,10,15.0,0.15,2000,23,736,150,False,True,True,150,10,150,0.06060606060606061,0.04627766599597585,0.15,25.437875986099243,True,3,0.12035514926537871,0.003866448998451233,0.001474154181778431,0.11501454608514905,0.001857253722846508,0.0156014459207654,0.005708433222025633,0.14352445537224412
tier_10k,2000,0_1438042988061.16_20150728002308-00143-ip-10-236-191-2_392191488_0.csv,0,10,20.0,0.15,2000,23,736,200,False,True,True,200,10,200,0.06060606060606061,0.033647375504710635,0.15,25.437875986099243,True,3,0.12035514926537871,0.003866448998451233,0.001474154181778431,0.11501454608514905,0.0018741278909146786,0.01975568477064371,0.006442524027079344,0.14842947898432612
tier_10k,2000,0_1438042988061.16_20150728002308-00143-ip-10-236-191-2_392191488_0.csv,0,20,5.0,0.15,2000,23,736,100,False,True,True,100,20,100,0.06060606060606061,0.06756756756756757,0.15,51.266493052244186,True,4,0.12035514926537871,0.003866448998451233,0.001474154181778431,0.11501454608514905,0.002243670169264078,0.010484659112989902,0.0052961488254368305,0.13838188908994198
tier_10k,2000,0_1438042988061.16_20150728002308-00143-ip-10-236-191-2_392191488_0.csv,0,20,10.0,0.15,2000,23,736,200,False,True,True,200,20,200,0.06060606060606061,0.033647375504710635,0.15,51.335035353899,True,3,0.12035514926537871,0.003866448998451233,0.001474154181778431,0.11501454608514905,0.0018887207843363285,0.019608193077147007,0.005792411044239998,0.14764666324481368
tier_10k,2000,0_1438042988061.16_20150728002308-00143-ip-10-236-191-2_392191488_0.csv,0,20,15.0,0.15,2000,23,736,300,False,True,True,300,20,300,0.06060606060606061,0.020346646571213264,0.15,51.335035353899,True,2,0.12035514926537871,0.003866448998451233,0.001474154181778431,0.11501454608514905,0.0014747651293873787,0.02840030612424016,0.006709781941026449,0.15694215847179294
tier_10k,2000,0_1438042988061.16_20150728002308-00143-ip-10-236-191-2_392191488_0.csv,0,20,20.0,0.15,2000,23,736,400,False,True,True,400,20,400,0.06060606060606061,0.013726487036095577,0.15,51.335035353899,True,2,0.12035514926537871,0.003866448998451233,0.001474154181778431,0.11501454608514905,0.001511487178504467,0.03628936782479286,0.008277370128780603,0.1664355923421681
tier_10k,2000,0_1438042988061.16_20150728002308-00143-ip-10-236-191-2_392191488_0.csv,0,30,5.0,0.15,2000,23,736,150,False,True,True,150,30,150,0.06060606060606061,0.04627766599597585,0.15,76.69179686903954,True,3,0.12035514926537871,0.003866448998451233,0.001474154181778431,0.11501454608514905,0.0018408037722110748,0.016102648805826902,0.005955669097602367,0.14425636595115066
tier_10k,2000,0_1438042988061.16_20150728002308-00143-ip-10-236-191-2_392191488_0.csv,0,30,10.0,0.15,2000,23,736,300,False,True,True,300,30,300,0.06060606060606061,0.020346646571213264,0.15,76.69179686903954,True,2,0.12035514926537871,0.003866448998451233,0.001474154181778431,0.11501454608514905,0.0014762110076844692,0.028367728926241398,0.00756648788228631,0.15776787046343088
tier_10k,2000,0_1438042988061.16_20150728002308-00143-ip-10-236-191-2_392191488_0.csv,0,30,15.0,0.15,2000,23,736,450,False,True,True,450,30,450,0.06060606060606061,0.011406844106463879,0.15,76.69179686903954,True,2,0.12035514926537871,0.003866448998451233,0.001474154181778431,0.11501454608514905,0.001555879134684801,0.03822697885334492,0.007883728016167879,0.1680237972177565
tier_10k,2000,0_1438042988061.16_20150728002308-00143-ip-10-236-191-2_392191488_0.csv,0,30,20.0,0.15,2000,23,736,600,False,True,True,600,30,600,0.06060606060606061,0.006875477463712758,0.15,76.69179686903954,True,2,0.12035514926537871,0.003866448998451233,0.001474154181778431,0.11501454608514905,0.0013229940086603165,0.037602749187499285,0.014395529869943857,0.1736782155930996
tier_10k,2000,0_1438042988061.16_20150728002308-00143-ip-10-236-191-2_392191488_0.csv,0,40,5.0,0.15,2000,23,736,200,False,False,False,200,0,200,0.06060606060606061,0.033647375504710635,,,True,3,0.12035514926537871,0.003866448998451233,0.001474154181778431,0.11501454608514905,0.0015359669923782349,0.015538054052740335,0.0013824710622429848,0.13881330704316497
tier_10k,2000,0_1438042988061.16_20150728002308-00143-ip-10-236-191-2_392191488_0.csv,0,40,10.0,0.15,2000,23,736,400,False,False,False,400,0,400,0.06060606060606061,0.013726487036095577,,,True,2,0.12035514926537871,0.003866448998451233,0.001474154181778431,0.11501454608514905,0.001230583991855383,0.02702639391645789,0.0014022630639374256,0.15001609129831195
tier_10k,2000,0_1438042988061.16_20150728002308-00143-ip-10-236-191-2_392191488_0.csv,0,40,15.0,0.15,2000,23,736,600,False,False,False,600,0,600,0.06060606060606061,0.006875477463712758,,,True,2,0.12035514926537871,0.003866448998451233,0.001474154181778431,0.11501454608514905,0.0011851601302623749,0.03845232166349888,0.001878140028566122,0.16187232825905085
tier_10k,2000,0_1438042988061.16_20150728002308-00143-ip-10-236-191-2_392191488_0.csv,0,40,20.0,0.15,2000,23,736,800,True,False,False,736,0,736,0.06060606060606061,0.0024407882842162358,,,False,0,0.12035514926537871,0.003866448998451233,0.001474154181778431,0.11501454608514905,4.9746595323085785e-05,0.04647670779377222,0.0025056381709873676,0.16938877711072564
tier_10k,2000,0_1438042988061.16_20150728002308-00143-ip-10-236-191-2_392191488_0.csv,0,50,5.0,0.15,2000,23,736,250,False,False,False,250,0,250,0.06060606060606061,0.02551984877126654,,,True,2,0.12035514926537871,0.003866448998451233,0.001474154181778431,0.11501454608514905,0.0011482080444693565,0.01742474501952529,0.0016268417239189148,0.14055653614923358
tier_10k,2000,0_1438042988061.16_20150728002308-00143-ip-10-236-191-2_392191488_0.csv,0,50,10.0,0.15,2000,23,736,500,False,False,False,500,0,500,0.06060606060606061,0.009601706970128023,,,True,2,0.12035514926537871,0.003866448998451233,0.001474154181778431,0.11501454608514905,0.0013332739472389221,0.0328817218542099,0.0019512102007865906,0.15652318252250552
tier_10k,2000,0_1438042988061.16_20150728002308-00143-ip-10-236-191-2_392191488_0.csv,0,50,15.0,0.15,2000,23,736,750,True,False,False,736,0,736,0.06060606060606061,0.0024407882842162358,,,False,0,0.12035514926537871,0.003866448998451233,0.001474154181778431,0.11501454608514905,4.702294245362282e-05,0.04505342710763216,0.0026158327236771584,0.16807306231930852
tier_10k,2000,0_1438042988061.16_20150728002308-00143-ip-10-236-191-2_392191488_0.csv,0,50,20.0,0.15,2000,23,736,1000,True,False,False,736,0,736,0.06060606060606061,0.0024407882842162358,,,False,0,0.12035514926537871,0.003866448998451233,0.001474154181778431,0.11501454608514905,5.167117342352867e-05,0.049484401009976864,0.0024951458908617496,0.17238835524767637
tier_10k,2000,1_1438042987127.36_20150728002307-00040-ip-10-236-191-2_17801588_1.csv,2,10,5.0,0.15,2000,12,580,50,False,True,True,50,10,50,1.0,0.12605042016806722,0.18181818181818182,26.674266397953033,True,4,0.06741374172270298,0.0030523501336574554,0.0009126057848334312,0.0634487858042121,0.0013170703314244747,0.003229430876672268,0.003818415105342865,0.0757805765606463
tier_10k,2000,1_1438042987127.36_20150728002307-00040-ip-10-236-191-2_17801588_1.csv,2,10,10.0,0.15,2000,12,580,100,False,True,True,100,10,100,1.0,0.0728744939271255,0.18181818181818182,26.81409525871277,True,3,0.06741374172270298,0.0030523501336574554,0.0009126057848334312,0.0634487858042121,0.0011989879421889782,0.0070604849606752396,0.0031076939776539803,0.07878275774419308
tier_10k,2000,1_1438042987127.36_20150728002307-00040-ip-10-236-191-2_17801588_1.csv,2,10,15.0,0.15,2000,12,580,150,False,True,True,150,10,150,1.0,0.05191256830601093,0.18181818181818182,26.924649357795715,True,3,0.06741374172270298,0.0030523501336574554,0.0009126057848334312,0.0634487858042121,0.0020170151256024837,0.012614030856639147,0.003912549931555986,0.08595947176218033
tier_10k,2000,1_1438042987127.36_20150728002307-00040-ip-10-236-191-2_17801588_1.csv,2,10,20.0,0.15,2000,12,580,200,False,True,True,200,10,200,1.0,0.04107142857142857,0.18181818181818182,27.02986878156662,True,3,0.06741374172270298,0.0030523501336574554,0.0009126057848334312,0.0634487858042121,0.0020504379644989967,0.014901577029377222,0.004611874930560589,0.08897980069741607
tier_10k,2000,1_1438042987127.36_20150728002307-00040-ip-10-236-191-2_17801588_1.csv,2,20,5.0,0.15,2000,12,580,100,False,True,True,100,20,100,1.0,0.0728744939271255,0.2,51.921678245067596,True,3,0.06741374172270298,0.0030523501336574554,0.0009126057848334312,0.0634487858042121,0.0021462799049913883,0.009431954938918352,0.004716991912573576,0.08371123764663935
tier_10k,2000,1_1438042987127.36_20150728002307-00040-ip-10-236-191-2_17801588_1.csv,2,20,10.0,0.15,2000,12,580,200,False,True,True,200,20,200,1.0,0.04107142857142857,0.2,52.38188123703003,True,3,0.06741374172270298,0.0030523501336574554,0.0009126057848334312,0.0634487858042121,0.002018111292272806,0.014023975003510714,0.005717149935662746,0.08917508693411946
tier_10k,2000,1_1438042987127.36_20150728002307-00040-ip-10-236-191-2_17801588_1.csv,2,20,15.0,0.15,2000,12,580,300,False,True,True,300,20,300,1.0,0.030263157894736843,0.2,52.576546132564545,True,3,0.06741374172270298,0.0030523501336574554,0.0009126057848334312,0.0634487858042121,0.0022182720713317394,0.02006729692220688,0.006683671846985817,0.09638538071885705
tier_10k,2000,1_1438042987127.36_20150728002307-00040-ip-10-236-191-2_17801588_1.csv,2,20,20.0,0.15,2000,12,580,400,False,True,True,400,20,400,1.0,0.02245088868101029,0.18,52.93445175886154,True,2,0.06741374172270298,0.0030523501336574554,0.0009126057848334312,0.0634487858042121,0.001633279025554657,0.02502236096188426,0.009126621764153242,0.10319816041737795
tier_10k,2000,1_1438042987127.36_20150728002307-00040-ip-10-236-191-2_17801588_1.csv,2,30,5.0,0.15,2000,12,580,150,False,True,True,150,30,150,1.0,0.05191256830601093,0.15151515151515152,77.93947178125381,True,3,0.06741374172270298,0.0030523501336574554,0.0009126057848334312,0.0634487858042121,0.0019932170398533344,0.010101232677698135,0.005159538239240646,0.08467001328244805
tier_10k,2000,1_1438042987127.36_20150728002307-00040-ip-10-236-191-2_17801588_1.csv,2,30,10.0,0.15,2000,12,580,300,False,True,True,300,30,300,1.0,0.030263157894736843,0.15151515151515152,78.55334174633026,True,3,0.06741374172270298,0.0030523501336574554,0.0009126057848334312,0.0634487858042121,0.0021002190187573433,0.019905699882656336,0.007040644064545631,0.09646263998001814
tier_10k,2000,1_1438042987127.36_20150728002307-00040-ip-10-236-191-2_17801588_1.csv,2,30,15.0,0.15,2000,12,580,450,False,True,True,450,30,450,1.0,0.01937046004842615,0.1506849315068493,78.63634544610977,True,2,0.06741374172270298,0.0030523501336574554,0.0009126057848334312,0.0634487858042121,0.00167387118563056,0.028281715232878923,0.028236425016075373,0.12560800136998296
tier_10k,2000,1_1438042987127.36_20150728002307-00040-ip-10-236-191-2_17801588_1.csv,2,30,20.0,0.15,2000,12,580,600,True,True,True,580,30,580,1.0,0.01171303074670571,0.1506849315068493,78.63634544610977,False,0,0.06741374172270298,0.0030523501336574554,0.0009126057848334312,0.0634487858042121,3.929669037461281e-05,0.033151847310364246,0.021845735609531403,0.12245254591107368
tier_10k,2000,1_1438042987127.36_20150728002307-00040-ip-10-236-191-2_17801588_1.csv,2,40,5.0,0.15,2000,12,580,200,False,True,True,200,40,200,1.0,0.04107142857142857,0.15151515151515152,100.3043881058693,True,3,0.06741374172270298,0.0030523501336574554,0.0009126057848334312,0.0634487858042121,0.002064082771539688,0.01298902789130807,0.005558177828788757,0.08802729658782482
tier_10k,2000,1_1438042987127.36_20150728002307-00040-ip-10-236-191-2_17801588_1.csv,2,40,10.0,0.15,2000,12,580,400,False,True,True,400,40,400,1.0,0.02245088868101029,0.15,100.86567860841751,True,2,0.06741374172270298,0.0030523501336574554,0.0009126057848334312,0.0634487858042121,0.001631254330277443,0.02485315315425396,0.010564928874373436,0.10446528950706124
tier_10k,2000,1_1438042987127.36_20150728002307-00040-ip-10-236-191-2_17801588_1.csv,2,40,15.0,0.15,2000,12,580,600,True,True,True,580,40,580,1.0,0.01171303074670571,0.15,100.86567860841751,False,0,0.06741374172270298,0.0030523501336574554,0.0009126057848334312,0.0634487858042121,6.216811016201973e-05,0.036842886824160814,0.012012349907308817,0.11633325042203069
tier_10k,2000,1_1438042987127.36_20150728002307-00040-ip-10-236-191-2_17801588_1.csv,2,40,20.0,0.15,2000,12,580,800,True,True,True,580,40,580,1.0,0.01171303074670571,0.15,100.86567860841751,False,0,0.06741374172270298,0.0030523501336574554,0.0009126057848334312,0.0634487858042121,3.677699714899063e-05,0.033007618971168995,0.01243789354339242,0.11289782775565982
tier_10k,2000,1_1438042987127.36_20150728002307-00040-ip-10-236-191-2_17801588_1.csv,2,50,5.0,0.15,2000,12,580,250,False,False,False,250,0,250,1.0,0.03484848484848485,,,True,3,0.06741374172270298,0.0030523501336574554,0.0009126057848334312,0.0634487858042121,0.0021038809791207314,0.018412373028695583,0.0012791110202670097,0.08921105554327369
tier_10k,2000,1_1438042987127.36_20150728002307-00040-ip-10-236-191-2_17801588_1.csv,2,50,10.0,0.15,2000,12,580,500,False,False,False,500,0,500,1.0,0.0165860400829302,,,True,2,0.06741374172270298,0.0030523501336574554,0.0009126057848334312,0.0634487858042121,0.0010667210444808006,0.02832876704633236,0.0014468948356807232,0.09825764549896121
tier_10k,2000,1_1438042987127.36_20150728002307-00040-ip-10-236-191-2_17801588_1.csv,2,50,15.0,0.15,2000,12,580,750,True,False,False,580,0,580,1.0,0.01171303074670571,,,False,0,0.06741374172270298,0.0030523501336574554,0.0009126057848334312,0.0634487858042121,3.5874079912900925e-05,0.032225064001977444,0.0018136887811124325,0.10148981492966413
tier_10k,2000,1_1438042987127.36_20150728002307-00040-ip-10-236-191-2_17801588_1.csv,2,50,20.0,0.15,2000,12,580,1000,True,False,False,580,0,580,1.0,0.01171303074670571,,,False,0,0.06741374172270298,0.0030523501336574554,0.0009126057848334312,0.0634487858042121,3.7425197660923004e-05,0.034327330999076366,0.0023909066803753376,0.10417080856859684
tier_10k,2000,1_1438042987127.36_20150728002307-00050-ip-10-236-191-2_732552166_0.csv,0,10,5.0,0.15,2000,1,719,50,False,True,True,50,10,50,1.0,0.0392156862745098,0.18181818181818182,18.066728353500366,True,2,0.08167965896427631,0.003013302106410265,0.00118186604231596,0.07748449081555009,0.0010449779219925404,0.002213620115071535,0.0034828917123377323,0.0884234132245183
tier_10k,2000,1_1438042987127.36_20150728002307-00050-ip-10-236-191-2_732552166_0.csv,0,10,10.0,0.15,2000,1,719,100,False,True,True,100,10,100,1.0,0.019801980198019802,0.18181818181818182,18.38135987520218,True,2,0.08167965896427631,0.003013302106410265,0.00118186604231596,0.07748449081555009,0.00195282232016325,0.007696396671235561,0.0037745432928204536,0.09510572394356132
tier_10k,2000,1_1438042987127.36_20150728002307-00050-ip-10-236-191-2_732552166_0.csv,0,10,15.0,0.15,2000,1,719,150,False,True,True,150,10,150,1.0,0.013245033112582781,0.18181818181818182,18.546359300613403,True,2,0.08167965896427631,0.003013302106410265,0.00118186604231596,0.07748449081555009,0.0019136462360620499,0.009154835250228643,0.003842684905976057,0.09659288823604584
tier_10k,2000,1_1438042987127.36_20150728002307-00050-ip-10-236-191-2_732552166_0.csv,0,10,20.0,0.15,2000,1,719,200,False,True,True,200,10,200,1.0,0.009950248756218905,0.18181818181818182,18.654648661613464,True,2,0.08167965896427631,0.003013302106410265,0.00118186604231596,0.07748449081555009,0.0019297976978123188,0.011216338258236647,0.0044257501140236855,0.0992538477294147
tier_10k,2000,1_1438042987127.36_20150728002307-00050-ip-10-236-191-2_732552166_0.csv,0,20,5.0,0.15,2000,1,719,100,False,False,False,100,0,100,1.0,0.019801980198019802,,,True,2,0.08167965896427631,0.003013302106410265,0.00118186604231596,0.07748449081555009,0.0018651126883924007,0.006791622843593359,0.00108293816447258,0.09142114175483584
tier_10k,2000,1_1438042987127.36_20150728002307-00050-ip-10-236-191-2_732552166_0.csv,0,20,10.0,0.15,2000,1,719,200,False,False,False,200,0,200,1.0,0.009950248756218905,,,True,2,0.08167965896427631,0.003013302106410265,0.00118186604231596,0.07748449081555009,0.0010364893823862076,0.007896014954894781,0.0013326131738722324,0.09194622421637177
tier_10k,2000,1_1438042987127.36_20150728002307-00050-ip-10-236-191-2_732552166_0.csv,0,20,15.0,0.15,2000,1,719,300,False,False,False,300,0,300,1.0,0.006644518272425249,,,True,2,0.08167965896427631,0.003013302106410265,0.00118186604231596,0.07748449081555009,0.0010777469724416733,0.012663142755627632,0.0014540399424731731,0.09687607828527689
tier_10k,2000,1_1438042987127.36_20150728002307-00050-ip-10-236-191-2_732552166_0.csv,0,20,20.0,0.15,2000,1,719,400,False,False,False,400,0,400,1.0,0.0047169811320754715,,,True,2,0.08167965896427631,0.003013302106410265,0.00118186604231596,0.07748449081555009,0.001233602873980999,0.016245704144239426,0.0015456629917025566,0.10070627182722092
tier_10k,2000,1_1438042987127.36_20150728002307-00050-ip-10-236-191-2_732552166_0.csv,0,30,5.0,0.15,2000,1,719,150,False,False,False,150,0,150,1.0,0.013245033112582781,,,True,2,0.08167965896427631,0.003013302106410265,0.00118186604231596,0.07748449081555009,0.0011615129187703133,0.006644895300269127,0.001150897704064846,0.09063861006870866
tier_10k,2000,1_1438042987127.36_20150728002307-00050-ip-10-236-191-2_732552166_0.csv,0,30,10.0,0.15,2000,1,719,300,False,False,False,300,0,300,1.0,0.006644518272425249,,,True,2,0.08167965896427631,0.003013302106410265,0.00118186604231596,0.07748449081555009,0.001197007019072771,0.012385732028633356,0.0015378179959952831,0.09680163208395243
tier_10k,2000,1_1438042987127.36_20150728002307-00050-ip-10-236-191-2_732552166_0.csv,0,30,15.0,0.15,2000,1,719,450,False,False,False,450,0,450,1.0,0.004008016032064128,,,True,2,0.08167965896427631,0.003013302106410265,0.00118186604231596,0.07748449081555009,0.0011229543015360832,0.017318049911409616,0.0015707570128142834,0.1016929061152041
tier_10k,2000,1_1438042987127.36_20150728002307-00050-ip-10-236-191-2_732552166_0.csv,0,30,20.0,0.15,2000,1,719,600,False,False,False,600,0,600,1.0,0.0026263952724885093,,,True,2,0.08167965896427631,0.003013302106410265,0.00118186604231596,0.07748449081555009,0.0012397966347634792,0.023144436068832874,0.0018801582045853138,0.10794562613591552
tier_10k,2000,1_1438042987127.36_20150728002307-00050-ip-10-236-191-2_732552166_0.csv,0,40,5.0,0.15,2000,1,719,200,False,False,False,200,0,200,1.0,0.009950248756218905,,,True,2,0.08167965896427631,0.003013302106410265,0.00118186604231596,0.07748449081555009,0.0011726790107786655,0.008636787999421358,0.001209096983075142,0.09269972005859017
tier_10k,2000,1_1438042987127.36_20150728002307-00050-ip-10-236-191-2_732552166_0.csv,0,40,10.0,0.15,2000,1,719,400,False,False,False,400,0,400,1.0,0.0047169811320754715,,,True,2,0.08167965896427631,0.003013302106410265,0.00118186604231596,0.07748449081555009,0.0011032512411475182,0.01565316505730152,0.0015710871666669846,0.10000867722555995
tier_10k,2000,1_1438042987127.36_20150728002307-00050-ip-10-236-191-2_732552166_0.csv,0,40,15.0,0.15,2000,1,719,600,False,False,False,600,0,600,1.0,0.0026263952724885093,,,True,2,0.08167965896427631,0.003013302106410265,0.00118186604231596,0.07748449081555009,0.0011572199873626232,0.022252310067415237,0.0017441748641431332,0.10683482885360718
tier_10k,2000,1_1438042987127.36_20150728002307-00050-ip-10-236-191-2_732552166_0.csv,0,40,20.0,0.15,2000,1,719,800,True,False,False,719,0,719,1.0,0.0017873100983020554,,,False,0,0.08167965896427631,0.003013302106410265,0.00118186604231596,0.07748449081555009,4.325713962316513e-05,0.026794457342475653,0.0021995771676301956,0.1107183899730444
tier_10k,2000,1_1438042987127.36_20150728002307-00050-ip-10-236-191-2_732552166_0.csv,0,50,5.0,0.15,2000,1,719,250,False,False,False,250,0,250,1.0,0.00796812749003984,,,True,2,0.08167965896427631,0.003013302106410265,0.00118186604231596,0.07748449081555009,0.0010920302011072636,0.009796672966331244,0.001237379852682352,0.09380730660632253
tier_10k,2000,1_1438042987127.36_20150728002307-00050-ip-10-236-191-2_732552166_0.csv,0,50,10.0,0.15,2000,1,719,500,False,False,False,500,0,500,1.0,0.003484320557491289,,,True,2,0.08167965896427631,0.003013302106410265,0.00118186604231596,0.07748449081555009,0.0011305143125355244,0.019102185033261776,0.001623168122023344,0.1035371352918446
tier_10k,2000,1_1438042987127.36_20150728002307-00050-ip-10-236-191-2_732552166_0.csv,0,50,15.0,0.15,2000,1,719,750,True,False,False,719,0,719,1.0,0.0017873100983020554,,,False,0,0.08167965896427631,0.003013302106410265,0.00118186604231596,0.07748449081555009,5.655921995639801e-05,0.027458179276436567,0.0020407969132065773,0.11123697366565466
tier_10k,2000,1_1438042987127.36_20150728002307-00050-ip-10-236-191-2_732552166_0.csv,0,50,20.0,0.15,2000,1,719,1000,True,False,False,719,0,719,1.0,0.0017873100983020554,,,False,0,0.08167965896427631,0.003013302106410265,0.00118186604231596,0.07748449081555009,4.3416861444711685e-05,0.025872693862766027,0.001902529038488865,0.10949971387162805
tier_10k,2000,1_1438042987127.36_20150728002307-00263-ip-10-236-191-2_379683688_1.csv,0,10,5.0,0.15,2000,8,601,50,False,False,False,50,0,50,0.16666666666666666,0.031746031746031744,,,True,2,0.07291999366134405,0.003230124246329069,0.0008237953297793865,0.0688660740852356,0.0007950668223202229,0.002835127990692854,0.0012592547573149204,0.0778112206608057
tier_10k,2000,1_1438042987127.36_20150728002307-00263-ip-10-236-191-2_379683688_1.csv,0,10,10.0,0.15,2000,8,601,100,False,False,False,100,0,100,0.16666666666666666,0.0149812734082397,,,True,2,0.07291999366134405,0.003230124246329069,0.0008237953297793865,0.0688660740852356,0.0008329236879944801,0.0056731002405285835,0.0011892621405422688,0.08061672700569034
tier_10k,2000,1_1438042987127.36_20150728002307-00263-ip-10-236-191-2_379683688_1.csv,0,10,15.0,0.15,2000,8,601,150,False,False,False,150,0,150,0.16666666666666666,0.0091324200913242,,,True,2,0.07291999366134405,0.003230124246329069,0.0008237953297793865,0.0688660740852356,0.0009252326563000679,0.008558927103877068,0.0012331381440162659,0.08363876957446337
tier_10k,2000,1_1438042987127.36_20150728002307-00263-ip-10-236-191-2_379683688_1.csv,0,10,20.0,0.15,2000,8,601,200,False,False,False,200,0,200,0.16666666666666666,0.006024096385542169,,,True,2,0.07291999366134405,0.003230124246329069,0.0008237953297793865,0.0688660740852356,0.0008491296321153641,0.01110377861186862,0.0013787108473479748,0.08625314245000482
tier_10k,2000,1_1438042987127.36_20150728002307-00263-ip-10-236-191-2_379683688_1.csv,0,20,5.0,0.15,2000,8,601,100,False,False,False,100,0,100,0.16666666666666666,0.0149812734082397,,,True,2,0.07291999366134405,0.003230124246329069,0.0008237953297793865,0.0688660740852356,0.0009098472073674202,0.006171574350446463,0.0009788409806787968,0.08098178775981069
tier_10k,2000,1_1438042987127.36_20150728002307-00263-ip-10-236-191-2_379683688_1.csv,0,20,10.0,0.15,2000,8,601,200,False,False,False,200,0,200,0.16666666666666666,0.006024096385542169,,,True,2,0.07291999366134405,0.003230124246329069,0.0008237953297793865,0.0688660740852356,0.000953370239585638,0.011078789830207825,0.0012987307272851467,0.08625231869518757
tier_10k,2000,1_1438042987127.36_20150728002307-00263-ip-10-236-191-2_379683688_1.csv,0,20,15.0,0.15,2000,8,601,300,False,False,False,300,0,300,0.16666666666666666,0.0033222591362126247,,,True,2,0.07291999366134405,0.003230124246329069,0.0008237953297793865,0.0688660740852356,0.0009975787252187729,0.017336123622953892,0.0015517198480665684,0.09280694741755724
tier_10k,2000,1_1438042987127.36_20150728002307-00263-ip-10-236-191-2_379683688_1.csv,0,20,20.0,0.15,2000,8,601,400,False,False,False,400,0,400,0.16666666666666666,0.002007024586051179,,,True,2,0.07291999366134405,0.003230124246329069,0.0008237953297793865,0.0688660740852356,0.0009302012622356415,0.021238105837255716,0.0015354081988334656,0.09662522654980421
tier_10k,2000,1_1438042987127.36_20150728002307-00263-ip-10-236-191-2_379683688_1.csv,0,30,5.0,0.15,2000,8,601,150,False,False,False,150,0,150,0.16666666666666666,0.0091324200913242,,,True,2,0.07291999366134405,0.003230124246329069,0.0008237953297793865,0.0688660740852356,0.000835163053125143,0.008329994045197964,0.0011569811031222343,0.08324363455176353
tier_10k,2000,1_1438042987127.36_20150728002307-00263-ip-10-236-191-2_379683688_1.csv,0,30,10.0,0.15,2000,8,601,300,False,False,False,300,0,300,0.16666666666666666,0.0033222591362126247,,,True,2,0.07291999366134405,0.003230124246329069,0.0008237953297793865,0.0688660740852356,0.0008790795691311359,0.01622429070994258,0.0013371170498430729,0.09136201767250896
tier_10k,2000,1_1438042987127.36_20150728002307-00263-ip-10-236-191-2_379683688_1.csv,0,30,15.0,0.15,2000,8,601,450,False,False,False,450,0,450,0.16666666666666666,0.00156128024980484,,,True,2,0.07291999366134405,0.003230124246329069,0.0008237953297793865,0.0688660740852356,0.0009527010843157768,0.024111890234053135,0.0016533979214727879,0.0996394488029182
tier_10k,2000,1_1438042987127.36_20150728002307-00263-ip-10-236-191-2_379683688_1.csv,0,30,20.0,0.15,2000,8,601,600,False,False,False,600,0,600,0.16666666666666666,0.00042471862391165854,,,True,2,0.07291999366134405,0.003230124246329069,0.0008237953297793865,0.0688660740852356,0.0010023252107203007,0.03340467996895313,0.0018023531883955002,0.10913086403161287
tier_10k,2000,1_1438042987127.36_20150728002307-00263-ip-10-236-191-2_379683688_1.csv,0,40,5.0,0.15,2000,8,601,200,False,False,False,200,0,200,0.16666666666666666,0.006024096385542169,,,True,2,0.07291999366134405,0.003230124246329069,0.0008237953297793865,0.0688660740852356,0.0008627469651401043,0.011034927796572447,0.001568556297570467,0.08638760540634394
tier_10k,2000,1_1438042987127.36_20150728002307-00263-ip-10-236-191-2_379683688_1.csv,0,40,10.0,0.15,2000,8,601,400,False,False,False,400,0,400,0.16666666666666666,0.002007024586051179,,,True,2,0.07291999366134405,0.003230124246329069,0.0008237953297793865,0.0688660740852356,0.000922702718526125,0.02221487322822213,0.0016773543320596218,0.09773654164746404
tier_10k,2000,1_1438042987127.36_20150728002307-00263-ip-10-236-191-2_379683688_1.csv,0,40,15.0,0.15,2000,8,601,600,False,False,False,600,0,600,0.16666666666666666,0.00042471862391165854,,,True,2,0.07291999366134405,0.003230124246329069,0.0008237953297793865,0.0688660740852356,0.0011280537582933903,0.0356003837659955,0.002460131887346506,0.1121105458587408
tier_10k,2000,1_1438042987127.36_20150728002307-00263-ip-10-236-191-2_379683688_1.csv,0,40,20.0,0.15,2000,8,601,800,True,False,False,601,0,601,0.16666666666666666,0.00040749796251018743,,,False,0,0.07291999366134405,0.003230124246329069,0.0008237953297793865,0.0688660740852356,4.407297819852829e-05,0.034213102888315916,0.002202217001467943,0.1093810424208641
tier_10k,2000,1_1438042987127.36_20150728002307-00263-ip-10-236-191-2_379683688_1.csv,0,50,5.0,0.15,2000,8,601,250,False,False,False,250,0,250,0.16666666666666666,0.00437636761487965,,,True,2,0.07291999366134405,0.003230124246329069,0.0008237953297793865,0.0688660740852356,0.0010564867407083511,0.014522810000926256,0.0014088130556046963,0.0899098957888782
tier_10k,2000,1_1438042987127.36_20150728002307-00263-ip-10-236-191-2_379683688_1.csv,0,50,10.0,0.15,2000,8,601,500,False,False,False,500,0,500,0.16666666666666666,0.0011730205278592375,,,True,2,0.07291999366134405,0.003230124246329069,0.0008237953297793865,0.0688660740852356,0.0010344330221414566,0.027139199897646904,0.0017546839080750942,0.1028500716201961
tier_10k,2000,1_1438042987127.36_20150728002307-00263-ip-10-236-191-2_379683688_1.csv,0,50,15.0,0.15,2000,8,601,750,True,False,False,601,0,601,0.16666666666666666,0.00040749796251018743,,,False,0,0.07291999366134405,0.003230124246329069,0.0008237953297793865,0.0688660740852356,3.800308331847191e-05,0.03341882396489382,0.002359997946768999,0.10873823845759034
tier_10k,2000,1_1438042987127.36_20150728002307-00263-ip-10-236-191-2_379683688_1.csv,0,50,20.0,0.15,2000,8,601,1000,True,False,False,601,0,601,0.16666666666666666,0.00040749796251018743,,,False,0,0.07291999366134405,0.003230124246329069,0.0008237953297793865,0.0688660740852356,3.859167918562889e-05,0.033691393211483955,0.0021965927444398403,0.10884800739586353
tier_10k,2000,1_1438042990112.50_20150728002310-00139-ip-10-236-191-2_473436377_9.csv,1,10,5.0,0.15,2000,138,538,50,False,True,True,50,10,50,0.6666666666666666,0.9313304721030042,0.8837209302325582,36.46713012456894,True,2,0.06717718346044421,0.003241236787289381,0.0008259238675236702,0.06311002280563116,0.0006825211457908154,0.00391455227509141,0.003648916259407997,0.07542507350444794
tier_10k,2000,1_1438042990112.50_20150728002310-00139-ip-10-236-191-2_473436377_9.csv,1,10,10.0,0.15,2000,138,538,100,False,True,True,100,10,100,0.6666666666666666,0.6338797814207651,0.7654320987654321,37.797673881053925,True,3,0.06717718346044421,0.003241236787289381,0.0008259238675236702,0.06311002280563116,0.0010583540424704552,0.008699349127709866,0.0030068689957261086,0.07994358334690332
tier_10k,2000,1_1438042990112.50_20150728002310-00139-ip-10-236-191-2_473436377_9.csv,1,10,15.0,0.15,2000,138,538,150,False,True,True,150,10,150,0.6666666666666666,0.4267399267399267,0.6666666666666666,37.905054688453674,True,3,0.06717718346044421,0.003241236787289381,0.0008259238675236702,0.06311002280563116,0.0017865230329334736,0.015526690986007452,0.0039092497900128365,0.08840180980041623
tier_10k,2000,1_1438042990112.50_20150728002310-00139-ip-10-236-191-2_473436377_9.csv,1,10,20.0,0.15,2000,138,538,200,False,True,True,200,10,200,0.6666666666666666,0.31233243967828417,0.6323529411764706,37.9156152009964,True,3,0.06717718346044421,0.003241236787289381,0.0008259238675236702,0.06311002280563116,0.0018276479095220566,0.018591130152344704,0.0036215968430042267,0.09121971065178514
tier_10k,2000,1_1438042990112.50_20150728002310-00139-ip-10-236-191-2_473436377_9.csv,1,20,5.0,0.15,2000,138,538,100,False,True,True,100,20,100,0.6666666666666666,0.6338797814207651,0.8333333333333334,71.57804268598557,True,3,0.06717718346044421,0.003241236787289381,0.0008259238675236702,0.06311002280563116,0.001746996771544218,0.011478045023977757,0.0035895640030503273,0.08399394247680902
tier_10k,2000,1_1438042990112.50_20150728002310-00139-ip-10-236-191-2_473436377_9.csv,1,20,10.0,0.15,2000,138,538,200,False,True,True,200,20,200,0.6666666666666666,0.31233243967828417,0.6590909090909091,72.53646355867386,True,3,0.06717718346044421,0.003241236787289381,0.0008259238675236702,0.06311002280563116,0.0018158680759370327,0.018183439038693905,0.0037755691446363926,0.09095424739643931
tier_10k,2000,1_1438042990112.50_20150728002310-00139-ip-10-236-191-2_473436377_9.csv,1,20,15.0,0.15,2000,138,538,300,False,True,True,300,20,300,0.6666666666666666,0.190359477124183,0.39316239316239315,74.22984582185745,True,3,0.06717718346044421,0.003241236787289381,0.0008259238675236702,0.06311002280563116,0.0018867440521717072,0.026335975155234337,0.00462361378595233,0.10002566780894995
tier_10k,2000,1_1438042990112.50_20150728002310-00139-ip-10-236-191-2_473436377_9.csv,1,20,20.0,0.15,2000,138,538,400,False,True,True,400,20,400,0.6666666666666666,0.12128966223132037,0.26119402985074625,75.39446711540222,True,2,0.06717718346044421,0.003241236787289381,0.0008259238675236702,0.06311002280563116,0.0015173391439020634,0.03374430490657687,0.004986658226698637,0.1074278256855905
tier_10k,2000,1_1438042990112.50_20150728002310-00139-ip-10-236-191-2_473436377_9.csv,1,30,5.0,0.15,2000,138,538,150,False,True,True,150,30,150,0.6666666666666666,0.4267399267399267,0.7218934911242604,105.23779422044754,True,3,0.06717718346044421,0.003241236787289381,0.0008259238675236702,0.06311002280563116,0.0019394289702177048,0.014689004980027676,0.0036490201018750668,0.08745675534009933
tier_10k,2000,1_1438042990112.50_20150728002310-00139-ip-10-236-191-2_473436377_9.csv,1,30,10.0,0.15,2000,138,538,300,False,True,True,300,30,300,0.6666666666666666,0.190359477124183,0.47802197802197804,108.74406558275223,True,3,0.06717718346044421,0.003241236787289381,0.0008259238675236702,0.06311002280563116,0.0019002887420356274,0.026174949947744608,0.004629866685718298,0.0998844662681222
tier_10k,2000,1_1438042990112.50_20150728002310-00139-ip-10-236-191-2_473436377_9.csv,1,30,15.0,0.15,2000,138,538,450,False,True,True,450,30,450,0.6666666666666666,0.09495192307692307,0.22660098522167488,111.65161287784576,True,2,0.06717718346044421,0.003241236787289381,0.0008259238675236702,0.06311002280563116,0.0015223841182887554,0.037801282946020365,0.005070541985332966,0.11157384933903813
tier_10k,2000,1_1438042990112.50_20150728002310-00139-ip-10-236-191-2_473436377_9.csv,1,30,20.0,0.15,2000,138,538,600,True,True,True,538,30,538,0.6666666666666666,0.030164184803360063,0.21800947867298578,111.77242332696915,False,0,0.06717718346044421,0.003241236787289381,0.0008259238675236702,0.06311002280563116,6.563402712345123e-05,0.04548442317172885,0.005763874854892492,0.11849344661459327
tier_10k,2000,1_1438042990112.50_20150728002310-00139-ip-10-236-191-2_473436377_9.csv,1,40,5.0,0.15,2000,138,538,200,False,True,True,200,40,200,0.6666666666666666,0.31233243967828417,0.6206896551724138,138.66260939836502,True,3,0.06717718346044421,0.003241236787289381,0.0008259238675236702,0.06311002280563116,0.002001376822590828,0.0181459728628397,0.003940927796065807,0.09127515414729714
tier_10k,2000,1_1438042990112.50_20150728002310-00139-ip-10-236-191-2_473436377_9.csv,1,40,10.0,0.15,2000,138,538,400,False,True,True,400,40,400,0.6666666666666666,0.12128966223132037,0.27692307692307694,146.09267210960388,True,2,0.06717718346044421,0.003241236787289381,0.0008259238675236702,0.06311002280563116,0.0014887182042002678,0.033199178986251354,0.005090486723929644,0.10695778531953692
tier_10k,2000,1_1438042990112.50_20150728002310-00139-ip-10-236-191-2_473436377_9.csv,1,40,15.0,0.15,2000,138,538,600,True,True,True,538,40,538,0.6666666666666666,0.030164184803360063,0.2246376811594203,147.05983275175095,False,0,0.06717718346044421,0.003241236787289381,0.0008259238675236702,0.06311002280563116,6.295507773756981e-05,0.04644860792905092,0.006164181046187878,0.11985521158203483
tier_10k,2000,1_1438042990112.50_20150728002310-00139-ip-10-236-191-2_473436377_9.csv,1,40,20.0,0.15,2000,138,538,800,True,True,True,538,40,538,0.6666666666666666,0.030164184803360063,0.2246376811594203,147.05983275175095,False,0,0.06717718346044421,0.003241236787289381,0.0008259238675236702,0.06311002280563116,6.399117410182953e-05,0.045106143690645695,0.005962725728750229,0.1183123541995883
tier_10k,2000,1_1438042990112.50_20150728002310-00139-ip-10-236-191-2_473436377_9.csv,1,50,5.0,0.15,2000,138,538,250,False,True,True,250,50,250,0.6666666666666666,0.2394655704008222,0.5080645161290323,172.9460974931717,True,3,0.06717718346044421,0.003241236787289381,0.0008259238675236702,0.06311002280563116,0.002070633228868246,0.02240611892193556,0.0037435228005051613,0.09539976855739951
tier_10k,2000,1_1438042990112.50_20150728002310-00139-ip-10-236-191-2_473436377_9.csv,1,50,10.0,0.15,2000,138,538,500,False,True,True,500,50,500,0.6666666666666666,0.06478950246036086,0.25970149253731345,181.37065410614014,True,2,0.06717718346044421,0.003241236787289381,0.0008259238675236702,0.06311002280563116,0.0015561371110379696,0.040799628011882305,0.005783598870038986,0.11531887343153358
tier_10k,2000,1_1438042990112.50_20150728002310-00139-ip-10-236-191-2_473436377_9.csv,1,50,15.0,0.15,2000,138,538,750,True,True,True,538,50,538,0.6666666666666666,0.030164184803360063,0.25970149253731345,181.37065410614014,False,0,0.06717718346044421,0.003241236787289381,0.0008259238675236702,0.06311002280563116,6.46389089524746e-05,0.04420339222997427,0.00605905894190073,0.1175068337470293
tier_10k,2000,1_1438042990112.50_20150728002310-00139-ip-10-236-191-2_473436377_9.csv,1,50,20.0,0.15,2000,138,538,1000,True,True,True,538,50,538,0.6666666666666666,0.030164184803360063,0.25970149253731345,181.37065410614014,False,0,0.06717718346044421,0.003241236787289381,0.0008259238675236702,0.06311002280563116,6.403261795639992e-05,0.04456942994147539,0.006264697760343552,0.11807810328900814
tier_10k,2000,1_1438042987127.36_20150728002307-00017-ip-10-236-191-2_861030184_5.csv,1,10,5.0,0.15,2000,6,621,50,False,True,True,50,10,50,1.0,0.08130081300813008,0.36363636363636365,27.83326882123947,True,3,0.07182712899520993,0.0038481582887470722,0.0018164357170462608,0.0661625349894166,0.0011293659918010235,0.002841825131326914,0.003988716751337051,0.07978915795683861
tier_10k,2000,1_1438042987127.36_20150728002307-00017-ip-10-236-191-2_861030184_5.csv,1,10,10.0,0.15,2000,6,621,100,False,True,True,100,10,100,1.0,0.04484304932735426,0.36363636363636365,28.057690501213074,True,3,0.07182712899520993,0.0038481582887470722,0.0018164357170462608,0.0661625349894166,0.0021851439960300922,0.009189524222165346,0.0038574659265577793,0.08706147177144885
tier_10k,2000,1_1438042987127.36_20150728002307-00017-ip-10-236-191-2_861030184_5.csv,1,10,15.0,0.15,2000,6,621,150,False,True,True,150,10,150,1.0,0.031791907514450865,0.36363636363636365,28.212446749210358,True,2,0.07182712899520993,0.0038481582887470722,0.0018164357170462608,0.0661625349894166,0.0017824731767177582,0.01175124803557992,0.0036015301011502743,0.08896461827680469
tier_10k,2000,1_1438042987127.36_20150728002307-00017-ip-10-236-191-2_861030184_5.csv,1,10,20.0,0.15,2000,6,621,200,False,True,True,200,10,200,1.0,0.02466367713004484,0.36363636363636365,28.26755601167679,True,2,0.07182712899520993,0.0038481582887470722,0.0018164357170462608,0.0661625349894166,0.001646270975470543,0.014833219815045595,0.0038641351275146008,0.09217280521988869
tier_10k,2000,1_1438042987127.36_20150728002307-00017-ip-10-236-191-2_861030184_5.csv,1,20,5.0,0.15,2000,6,621,100,False,True,True,100,20,100,1.0,0.04484304932735426,0.19047619047619047,54.65644717216492,True,3,0.07182712899520993,0.0038481582887470722,0.0018164357170462608,0.0661625349894166,0.002130514942109585,0.008390013128519058,0.0033385902643203735,0.08568838378414512
tier_10k,2000,1_1438042987127.36_20150728002307-00017-ip-10-236-191-2_861030184_5.csv,1,20,10.0,0.15,2000,6,621,200,False,True,True,200,20,200,1.0,0.02466367713004484,0.19047619047619047,55.266902923583984,True,2,0.07182712899520993,0.0038481582887470722,0.0018164357170462608,0.0661625349894166,0.0016581839881837368,0.014701411128044128,0.004442556761205196,0.09263162268325686
tier_10k,2000,1_1438042987127.36_20150728002307-00017-ip-10-236-191-2_861030184_5.csv,1,20,15.0,0.15,2000,6,621,300,False,True,True,300,20,300,1.0,0.017027863777089782,0.19047619047619047,55.43899953365326,True,2,0.07182712899520993,0.0038481582887470722,0.0018164357170462608,0.0661625349894166,0.0016820780001580715,0.019436637870967388,0.005781404208391905,0.09872946003451943
tier_10k,2000,1_1438042987127.36_20150728002307-00017-ip-10-236-191-2_861030184_5.csv,1,20,20.0,0.15,2000,6,621,400,False,True,True,400,20,400,1.0,0.012387387387387387,0.17391304347826086,55.72404986619949,True,2,0.07182712899520993,0.0038481582887470722,0.0018164357170462608,0.0661625349894166,0.0017416393384337425,0.025131826288998127,0.006739715114235878,0.10544262686744332
tier_10k,2000,1_1438042987127.36_20150728002307-00017-ip-10-236-191-2_861030184_5.csv,1,30,5.0,0.15,2000,6,621,150,False,False,False,150,0,150,1.0,0.031791907514450865,,,True,2,0.07182712899520993,0.0038481582887470722,0.0018164357170462608,0.0661625349894166,0.0017124651931226254,0.012060042936354876,0.0008940198458731174,0.08649571938440204
tier_10k,2000,1_1438042987127.36_20150728002307-00017-ip-10-236-191-2_861030184_5.csv,1,30,10.0,0.15,2000,6,621,300,False,False,False,300,0,300,1.0,0.017027863777089782,,,True,2,0.07182712899520993,0.0038481582887470722,0.0018164357170462608,0.0661625349894166,0.0010273093357682228,0.016950398217886686,0.0013238941319286823,0.09113019471988082
tier_10k,2000,1_1438042987127.36_20150728002307-00017-ip-10-236-191-2_861030184_5.csv,1,30,15.0,0.15,2000,6,621,450,False,False,False,450,0,450,1.0,0.010597302504816955,,,True,2,0.07182712899520993,0.0038481582887470722,0.0018164357170462608,0.0661625349894166,0.001093439757823944,0.025815751869231462,0.0013704081065952778,0.10010812664404511
tier_10k,2000,1_1438042987127.36_20150728002307-00017-ip-10-236-191-2_861030184_5.csv,1,30,20.0,0.15,2000,6,621,600,False,False,False,600,0,600,1.0,0.0064516129032258064,,,True,2,0.07182712899520993,0.0038481582887470722,0.0018164357170462608,0.0661625349894166,0.001144282054156065,0.03187985671684146,0.002045772038400173,0.10689871991053224
tier_10k,2000,1_1438042987127.36_20150728002307-00017-ip-10-236-191-2_861030184_5.csv,1,40,5.0,0.15,2000,6,621,200,False,False,False,200,0,200,1.0,0.02466367713004484,,,True,2,0.07182712899520993,0.0038481582887470722,0.0018164357170462608,0.0661625349894166,0.0010072439908981323,0.011238574981689453,0.0012625432573258877,0.08533712476491928
tier_10k,2000,1_1438042987127.36_20150728002307-00017-ip-10-236-191-2_861030184_5.csv,1,40,10.0,0.15,2000,6,621,400,False,False,False,400,0,400,1.0,0.012387387387387387,,,True,2,0.07182712899520993,0.0038481582887470722,0.0018164357170462608,0.0661625349894166,0.000969253946095705,0.02214853884652257,0.001382994931191206,0.09632955305278301
tier_10k,2000,1_1438042987127.36_20150728002307-00017-ip-10-236-191-2_861030184_5.csv,1,40,15.0,0.15,2000,6,621,600,False,False,False,600,0,600,1.0,0.0064516129032258064,,,True,2,0.07182712899520993,0.0038481582887470722,0.0018164357170462608,0.0661625349894166,0.0011371700093150139,0.03166933311149478,0.0018501551821827888,0.10648535890504718
tier_10k,2000,1_1438042987127.36_20150728002307-00017-ip-10-236-191-2_861030184_5.csv,1,40,20.0,0.15,2000,6,621,800,True,False,False,621,0,621,1.0,0.005975013579576317,,,False,0,0.07182712899520993,0.0038481582887470722,0.0018164357170462608,0.0661625349894166,4.156678915023804e-05,0.033413218799978495,0.0017659775912761688,0.10704947868362069
tier_10k,2000,1_1438042987127.36_20150728002307-00017-ip-10-236-191-2_861030184_5.csv,1,50,5.0,0.15,2000,6,621,250,False,False,False,250,0,250,1.0,0.020146520146520148,,,True,2,0.07182712899520993,0.0038481582887470722,0.0018164357170462608,0.0661625349894166,0.0009386134333908558,0.014417467638850212,0.0012407037429511547,0.08842539228498936
tier_10k,2000,1_1438042987127.36_20150728002307-00017-ip-10-236-191-2_861030184_5.csv,1,50,10.0,0.15,2000,6,621,500,False,False,False,500,0,500,1.0,0.009046052631578948,,,True,2,0.07182712899520993,0.0038481582887470722,0.0018164357170462608,0.0661625349894166,0.001100769266486168,0.02604098618030548,0.001671378966420889,0.10064172279089689
tier_10k,2000,1_1438042987127.36_20150728002307-00017-ip-10-236-191-2_861030184_5.csv,1,50,15.0,0.15,2000,6,621,750,True,False,False,621,0,621,1.0,0.005975013579576317,,,False,0,0.07182712899520993,0.0038481582887470722,0.0018164357170462608,0.0661625349894166,3.805616870522499e-05,0.03160621924325824,0.0017031459137797356,0.10517590632662177
tier_10k,2000,1_1438042987127.36_20150728002307-00017-ip-10-236-191-2_861030184_5.csv,1,50,20.0,0.15,2000,6,621,1000,True,False,False,621,0,621,1.0,0.005975013579576317,,,False,0,0.07182712899520993,0.0038481582887470722,0.0018164357170462608,0.0661625349894166,3.771204501390457e-05,0.032243192195892334,0.0018471661023795605,0.10595672484487295
tier_10k,3000,0_1438042988458.74_20150728002308-00103-ip-10-236-191-2_666285279_1.csv,0,10,5.0,0.15,3000,24,867,50,False,True,True,50,10,50,0.125,0.1476510067114094,0.15789473684210525,35.048090040683746,True,3,0.10355543252080679,0.00448881508782506,0.001298982184380293,0.09776763524860144,0.0017372346483170986,0.0055126310326159,0.004487357102334499,0.1152950064279139
tier_10k,3000,0_1438042988458.74_20150728002308-00103-ip-10-236-191-2_666285279_1.csv,0,10,10.0,0.15,3000,24,867,100,False,True,True,100,10,100,0.125,0.0784313725490196,0.1509433962264151,35.61760026216507,True,2,0.10355543252080679,0.00448881508782506,0.001298982184380293,0.09776763524860144,0.0013735340908169746,0.01053053792566061,0.009083234705030918,0.12454445380717516
tier_10k,3000,0_1438042988458.74_20150728002308-00103-ip-10-236-191-2_666285279_1.csv,0,10,15.0,0.15,3000,24,867,150,False,True,True,150,10,150,0.125,0.050955414012738856,0.1509433962264151,35.70362859964371,True,2,0.10355543252080679,0.00448881508782506,0.001298982184380293,0.09776763524860144,0.001384994015097618,0.015151726081967354,0.004963141866028309,0.12505706772208214
tier_10k,3000,0_1438042988458.74_20150728002308-00103-ip-10-236-191-2_666285279_1.csv,0,10,20.0,0.15,3000,24,867,200,False,True,True,200,10,200,0.125,0.03576751117734724,0.1509433962264151,35.70362859964371,True,2,0.10355543252080679,0.00448881508782506,0.001298982184380293,0.09776763524860144,0.0013750866055488586,0.018446972128003836,0.011427145916968584,0.13480642158538103
tier_10k,3000,0_1438042988458.74_20150728002308-00103-ip-10-236-191-2_666285279_1.csv,0,20,5.0,0.15,3000,24,867,100,False,True,True,100,20,100,0.125,0.0784313725490196,0.15,66.02737003564835,True,2,0.10355543252080679,0.00448881508782506,0.001298982184380293,0.09776763524860144,0.00135812908411026,0.010175937321037054,0.003204899840056896,0.11829614918678999
tier_10k,3000,0_1438042988458.74_20150728002308-00103-ip-10-236-191-2_666285279_1.csv,0,20,10.0,0.15,3000,24,867,200,False,True,True,200,20,200,0.125,0.03576751117734724,0.15,66.10266065597534,True,2,0.10355543252080679,0.00448881508782506,0.001298982184380293,0.09776763524860144,0.0013640611432492733,0.018645253032445908,0.0038957232609391212,0.1274622892960906
tier_10k,3000,0_1438042988458.74_20150728002308-00103-ip-10-236-191-2_666285279_1.csv,0,20,15.0,0.15,3000,24,867,300,False,True,True,300,20,300,0.125,0.020761245674740483,0.15,66.10266065597534,True,2,0.10355543252080679,0.00448881508782506,0.001298982184380293,0.09776763524860144,0.001401487272232771,0.026657219044864178,0.004497287329286337,0.13611315842717886
tier_10k,3000,0_1438042988458.74_20150728002308-00103-ip-10-236-191-2_666285279_1.csv,0,20,20.0,0.15,3000,24,867,400,False,True,True,400,20,400,0.125,0.014176018901358535,0.15,66.10266065597534,True,2,0.10355543252080679,0.00448881508782506,0.001298982184380293,0.09776763524860144,0.0014717760495841503,0.035442385356873274,0.005219486076384783,0.14569104555994272
tier_10k,3000,0_1438042988458.74_20150728002308-00103-ip-10-236-191-2_666285279_1.csv,0,30,5.0,0.15,3000,24,867,150,False,True,True,150,30,150,0.125,0.050955414012738856,0.1509433962264151,88.24963530898094,True,2,0.10355543252080679,0.00448881508782506,0.001298982184380293,0.09776763524860144,0.0014151688665151596,0.01448573311790824,0.040586933959275484,0.16004499746486545
tier_10k,3000,0_1438042988458.74_20150728002308-00103-ip-10-236-191-2_666285279_1.csv,0,30,10.0,0.15,3000,24,867,300,False,True,True,300,30,300,0.125,0.020761245674740483,0.1509433962264151,88.24963530898094,True,2,0.10355543252080679,0.00448881508782506,0.001298982184380293,0.09776763524860144,0.001548070926219225,0.027878166176378727,0.036225331015884876,0.16920944675803185
tier_10k,3000,0_1438042988458.74_20150728002308-00103-ip-10-236-191-2_666285279_1.csv,0,30,15.0,0.15,3000,24,867,450,False,True,True,450,30,450,0.125,0.01200600300150075,0.1509433962264151,88.24963530898094,True,2,0.10355543252080679,0.00448881508782506,0.001298982184380293,0.09776763524860144,0.0015987739898264408,0.03928580181673169,0.04767501866444945,0.19211676763370633
tier_10k,3000,0_1438042988458.74_20150728002308-00103-ip-10-236-191-2_666285279_1.csv,0,30,20.0,0.15,3000,24,867,600,False,True,True,600,30,600,0.125,0.007380073800738007,0.1509433962264151,88.24963530898094,True,2,0.10355543252080679,0.00448881508782506,0.001298982184380293,0.09776763524860144,0.0015993313863873482,0.05106667801737785,0.16473373165354133,0.3209571372717619
tier_10k,3000,0_1438042988458.74_20150728002308-00103-ip-10-236-191-2_666285279_1.csv,0,40,5.0,0.15,3000,24,867,200,False,True,True,200,40,200,0.125,0.03576751117734724,0.15037593984962405,109.98235842585564,True,2,0.10355543252080679,0.00448881508782506,0.001298982184380293,0.09776763524860144,0.0015563741326332092,0.018909461796283722,0.0893876338377595,0.21341149881482124
tier_10k,3000,0_1438042988458.74_20150728002308-00103-ip-10-236-191-2_666285279_1.csv,0,40,10.0,0.15,3000,24,867,400,False,True,True,400,40,400,0.125,0.014176018901358535,0.15037593984962405,109.98235842585564,True,2,0.10355543252080679,0.00448881508782506,0.001298982184380293,0.09776763524860144,0.0019874288700520992,0.040617967024445534,0.27146145002916455,0.4176246393471956
tier_10k,3000,0_1438042988458.74_20150728002308-00103-ip-10-236-191-2_666285279_1.csv,0,40,15.0,0.15,3000,24,867,600,False,True,True,600,40,600,0.125,0.007380073800738007,0.15037593984962405,109.98235842585564,True,2,0.10355543252080679,0.00448881508782506,0.001298982184380293,0.09776763524860144,0.0026763486675918102,0.06276077404618263,0.29690511897206306,0.4659008071757853
tier_10k,3000,0_1438042988458.74_20150728002308-00103-ip-10-236-191-2_666285279_1.csv,0,40,20.0,0.15,3000,24,867,800,False,True,True,800,40,800,0.125,0.0038641120592497183,0.15037593984962405,109.98235842585564,True,2,0.10355543252080679,0.00448881508782506,0.001298982184380293,0.09776763524860144,0.003117217216640711,0.08337271166965365,0.13714738562703133,0.327196232508868
tier_10k,3000,0_1438042988458.74_20150728002308-00103-ip-10-236-191-2_666285279_1.csv,0,50,5.0,0.15,3000,24,867,250,False,False,False,250,0,250,0.125,0.026490066225165563,,,True,2,0.10355543252080679,0.00448881508782506,0.001298982184380293,0.09776763524860144,0.0021256161853671074,0.02883136784657836,0.001567183993756771,0.1360820415429771
tier_10k,3000,0_1438042988458.74_20150728002308-00103-ip-10-236-191-2_666285279_1.csv,0,50,10.0,0.15,3000,24,867,500,False,False,False,500,0,500,0.125,0.01014799154334038,,,True,2,0.10355543252080679,0.00448881508782506,0.001298982184380293,0.09776763524860144,0.0016451478004455566,0.044595671351999044,0.0017227763310074806,0.15152091952040792
tier_10k,3000,0_1438042988458.74_20150728002308-00103-ip-10-236-191-2_666285279_1.csv,0,50,15.0,0.15,3000,24,867,750,False,False,False,750,0,750,0.125,0.004652064353556891,,,True,2,0.10355543252080679,0.00448881508782506,0.001298982184380293,0.09776763524860144,0.001497534103691578,0.062034483067691326,0.001998672727495432,0.16908787237480283
tier_10k,3000,0_1438042988458.74_20150728002308-00103-ip-10-236-191-2_666285279_1.csv,0,50,20.0,0.15,3000,24,867,1000,True,False,False,867,0,867,0.125,0.0022872391117888117,,,False,0,0.10355543252080679,0.00448881508782506,0.001298982184380293,0.09776763524860144,5.014706403017044e-05,0.07308740867301822,0.002656071912497282,0.17935066251084208
tier_10k,3000,1_1438042987127.36_20150728002307-00144-ip-10-236-191-2_676020729_0.csv,1,10,5.0,0.15,3000,3484,2754,50,False,True,True,50,10,50,0.6,0.7806451612903226,0.8269230769230769,36.12818244099617,True,3,0.3160798498429358,0.006248921155929565,0.0033689988777041435,0.3064619298093021,0.005405806936323643,0.009606863837689161,0.004175877198576927,0.33527041459456086
tier_10k,3000,1_1438042987127.36_20150728002307-00144-ip-10-236-191-2_676020729_0.csv,1,10,10.0,0.15,3000,3484,2754,100,False,True,True,100,10,100,0.6,0.6718146718146718,0.6923076923076923,39.139015913009644,True,2,0.3160798498429358,0.006248921155929565,0.0033689988777041435,0.3064619298093021,0.004576230887323618,0.021283044014126062,0.0035323752090334892,0.3454733258113265
tier_10k,3000,1_1438042987127.36_20150728002307-00144-ip-10-236-191-2_676020729_0.csv,1,10,15.0,0.15,3000,3484,2754,150,False,True,True,150,10,150,0.6,0.6451612903225806,0.6727272727272727,42.09442710876465,True,2,0.3160798498429358,0.006248921155929565,0.0033689988777041435,0.3064619298093021,0.00450544897466898,0.030220801942050457,0.003769467119127512,0.3545773047953844
tier_10k,3000,1_1438042987127.36_20150728002307-00144-ip-10-236-191-2_676020729_0.csv,1,10,20.0,0.15,3000,3484,2754,200,False,True,True,200,10,200,0.6,0.6334371754932503,0.6727272727272727,42.97965270280838,True,2,0.3160798498429358,0.006248921155929565,0.0033689988777041435,0.3064619298093021,0.004467277321964502,0.03938788129016757,0.003981960006058216,0.36391871282830834
tier_10k,3000,1_1438042987127.36_20150728002307-00144-ip-10-236-191-2_676020729_0.csv,1,20,5.0,0.15,3000,3484,2754,100,False,True,True,100,20,100,0.6,0.6718146718146718,0.7432432432432432,71.21132788062096,True,2,0.3160798498429358,0.006248921155929565,0.0033689988777041435,0.3064619298093021,0.004485702142119408,0.01977918902412057,0.0037593399174511433,0.3441056660376489
tier_10k,3000,1_1438042987127.36_20150728002307-00144-ip-10-236-191-2_676020729_0.csv,1,20,10.0,0.15,3000,3484,2754,200,False,True,True,200,20,200,0.6,0.6334371754932503,0.6981132075471698,78.12124997377396,True,2,0.3160798498429358,0.006248921155929565,0.0033689988777041435,0.3064619298093021,0.004574105143547058,0.040039719082415104,0.00396729214116931,0.3646627482958138
tier_10k,3000,1_1438042987127.36_20150728002307-00144-ip-10-236-191-2_676020729_0.csv,1,20,15.0,0.15,3000,3484,2754,300,False,True,True,300,20,300,0.6,0.6220095693779905,0.6822429906542056,85.63316717743874,True,2,0.3160798498429358,0.006248921155929565,0.0033689988777041435,0.3064619298093021,0.004529230762273073,0.0593514209613204,0.005120143294334412,0.38508275896310806
tier_10k,3000,1_1438042987127.36_20150728002307-00144-ip-10-236-191-2_676020729_0.csv,1,20,20.0,0.15,3000,3484,2754,400,False,True,True,400,20,400,0.6,0.6085430076067876,0.6344086021505376,88.93259119987488,True,2,0.3160798498429358,0.006248921155929565,0.0033689988777041435,0.3064619298093021,0.005469095427542925,0.07823910005390644,0.005138675682246685,0.4049291699193418
tier_10k,3000,1_1438042987127.36_20150728002307-00144-ip-10-236-191-2_676020729_0.csv,1,30,5.0,0.15,3000,3484,2754,150,False,True,True,150,30,150,0.6,0.6451612903225806,0.6666666666666666,108.47225546836853,True,2,0.3160798498429358,0.006248921155929565,0.0033689988777041435,0.3064619298093021,0.0052101570181548595,0.030778057873249054,0.004018647130578756,0.356088780798018
tier_10k,3000,1_1438042987127.36_20150728002307-00144-ip-10-236-191-2_676020729_0.csv,1,30,10.0,0.15,3000,3484,2754,300,False,True,True,300,30,300,0.6,0.6220095693779905,0.6666666666666666,118.45982274413109,True,2,0.3160798498429358,0.006248921155929565,0.0033689988777041435,0.3064619298093021,0.00482937740162015,0.06009442824870348,0.004288923926651478,0.3852943987585604
tier_10k,3000,1_1438042987127.36_20150728002307-00144-ip-10-236-191-2_676020729_0.csv,1,30,15.0,0.15,3000,3484,2754,450,False,True,True,450,30,450,0.6,0.594306049822064,0.644927536231884,124.97969672083855,True,2,0.3160798498429358,0.006248921155929565,0.0033689988777041435,0.3064619298093021,0.0049603949300944805,0.09024591278284788,0.005075169261544943,0.416363182477653
tier_10k,3000,1_1438042987127.36_20150728002307-00144-ip-10-236-191-2_676020729_0.csv,1,30,20.0,0.15,3000,3484,2754,600,False,True,True,600,30,600,0.6,0.5457352373600927,0.5,133.5040356516838,True,2,0.3160798498429358,0.006248921155929565,0.0033689988777041435,0.3064619298093021,0.005075199995189905,0.12299810210242867,0.0053128693252801895,0.44946799660101533
tier_10k,3000,1_1438042987127.36_20150728002307-00144-ip-10-236-191-2_676020729_0.csv,1,40,5.0,0.15,3000,3484,2754,200,False,True,True,200,40,200,0.6,0.6334371754932503,0.6504854368932039,142.5484742820263,True,2,0.3160798498429358,0.006248921155929565,0.0033689988777041435,0.3064619298093021,0.004696566145867109,0.03942865179851651,0.003932435996830463,0.3641393817961216
tier_10k,3000,1_1438042987127.36_20150728002307-00144-ip-10-236-191-2_676020729_0.csv,1,40,10.0,0.15,3000,3484,2754,400,False,True,True,400,40,400,0.6,0.6085430076067876,0.6467661691542289,156.0135516524315,True,2,0.3160798498429358,0.006248921155929565,0.0033689988777041435,0.3064619298093021,0.004653220064938068,0.0784655692987144,0.004452980123460293,0.4036534638144076
tier_10k,3000,1_1438042987127.36_20150728002307-00144-ip-10-236-191-2_676020729_0.csv,1,40,15.0,0.15,3000,3484,2754,600,False,True,True,600,40,600,0.6,0.5457352373600927,0.5132275132275133,170.88159650564194,True,2,0.3160798498429358,0.006248921155929565,0.0033689988777041435,0.3064619298093021,0.004731053952127695,0.12019624188542366,0.005283187609165907,0.4462920161895454
tier_10k,3000,1_1438042987127.36_20150728002307-00144-ip-10-236-191-2_676020729_0.csv,1,40,20.0,0.15,3000,3484,2754,800,False,True,True,800,40,800,0.6,0.46532120523024445,0.40298507462686567,178.45664405822754,True,2,0.3160798498429358,0.006248921155929565,0.0033689988777041435,0.3064619298093021,0.004998424090445042,0.1664404133334756,0.007191359996795654,0.4947125818580389
tier_10k,3000,1_1438042987127.36_20150728002307-00144-ip-10-236-191-2_676020729_0.csv,1,50,5.0,0.15,3000,3484,2754,250,False,True,True,250,50,250,0.6,0.6265457543281121,0.640625,182.5921586751938,True,2,0.3160798498429358,0.006248921155929565,0.0033689988777041435,0.3064619298093021,0.004998348653316498,0.049721935763955116,0.004721058066934347,0.3755236379802227
tier_10k,3000,1_1438042987127.36_20150728002307-00144-ip-10-236-191-2_676020729_0.csv,1,50,10.0,0.15,3000,3484,2754,500,False,True,True,500,50,500,0.6,0.5800359712230215,0.6074380165289256,192.68109250068665,True,2,0.3160798498429358,0.006248921155929565,0.0033689988777041435,0.3064619298093021,0.005256633274257183,0.1001063953153789,0.005122668109834194,0.4265675889328122
tier_10k,3000,1_1438042987127.36_20150728002307-00144-ip-10-236-191-2_676020729_0.csv,1,50,15.0,0.15,3000,3484,2754,750,False,True,True,750,50,750,0.6,0.48561811505507957,0.41472868217054265,215.47979456186295,True,2,0.3160798498429358,0.006248921155929565,0.0033689988777041435,0.3064619298093021,0.00523762172088027,0.15723540680482984,0.006335907150059938,0.48489085398614407
tier_10k,3000,1_1438042987127.36_20150728002307-00144-ip-10-236-191-2_676020729_0.csv,1,50,20.0,0.15,3000,3484,2754,1000,False,True,True,1000,50,1000,0.6,0.3976455199476782,0.3147410358565737,225.79494780302048,True,3,0.3160798498429358,0.006248921155929565,0.0033689988777041435,0.3064619298093021,0.006968409288674593,0.19588267244398594,0.007841385900974274,0.5267743486911058
tier_10k,3000,0_1438042988061.16_20150728002308-00282-ip-10-236-191-2_894007386_3.csv,0,10,5.0,0.15,3000,393,1174,50,False,True,True,50,10,50,0.6,0.6120689655172413,0.6,19.224753677845,True,2,0.1380900195799768,0.005020923912525177,0.001682576723396778,0.13138651894405484,0.001667817123234272,0.0016862736083567142,0.00423416867852211,0.1456805756315589
tier_10k,3000,0_1438042988061.16_20150728002308-00282-ip-10-236-191-2_894007386_3.csv,0,10,10.0,0.15,3000,393,1174,100,False,True,True,100,10,100,0.6,0.5,0.5925925925925926,19.24947065114975,True,2,0.1380900195799768,0.005020923912525177,0.001682576723396778,0.13138651894405484,0.0019636666402220726,0.003362844232469797,0.0029745041392743587,0.14639283856377006
tier_10k,3000,0_1438042988061.16_20150728002308-00282-ip-10-236-191-2_894007386_3.csv,0,10,15.0,0.15,3000,393,1174,150,False,True,True,150,10,150,0.6,0.40608228980322003,0.5925925925925926,19.24947065114975,True,3,0.1380900195799768,0.005020923912525177,0.001682576723396778,0.13138651894405484,0.002621243242174387,0.005385247990489006,0.003127017989754677,0.14922536723315716
tier_10k,3000,0_1438042988061.16_20150728002308-00282-ip-10-236-191-2_894007386_3.csv,0,10,20.0,0.15,3000,393,1174,200,False,True,True,200,10,200,0.6,0.34966887417218545,0.5925925925925926,19.24947065114975,True,3,0.1380900195799768,0.005020923912525177,0.001682576723396778,0.13138651894405484,0.002406247891485691,0.007040257100015879,0.0034522456116974354,0.15099045354872942
tier_10k,3000,0_1438042988061.16_20150728002308-00282-ip-10-236-191-2_894007386_3.csv,0,20,5.0,0.15,3000,393,1174,100,False,True,True,100,20,100,0.6,0.5,0.58,38.12419492006302,True,2,0.1380900195799768,0.005020923912525177,0.001682576723396778,0.13138651894405484,0.0018085860647261143,0.003301593940705061,0.002998899668455124,0.14620078448206186
tier_10k,3000,0_1438042988061.16_20150728002308-00282-ip-10-236-191-2_894007386_3.csv,0,20,10.0,0.15,3000,393,1174,200,False,True,True,200,20,200,0.6,0.34966887417218545,0.58,38.12419492006302,True,3,0.1380900195799768,0.005020923912525177,0.001682576723396778,0.13138651894405484,0.0026185070164501667,0.0070601580664515495,0.004255858715623617,0.1520263315178454
tier_10k,3000,0_1438042988061.16_20150728002308-00282-ip-10-236-191-2_894007386_3.csv,0,20,15.0,0.15,3000,393,1174,300,False,True,True,300,20,300,0.6,0.29015544041450775,0.5533980582524272,38.129732608795166,True,4,0.1380900195799768,0.005020923912525177,0.001682576723396778,0.13138651894405484,0.0030386047437787056,0.009986890945583582,0.003889084793627262,0.15500632068142295
tier_10k,3000,0_1438042988061.16_20150728002308-00282-ip-10-236-191-2_894007386_3.csv,0,20,20.0,0.15,3000,393,1174,400,False,True,True,400,20,400,0.6,0.25036891293654695,0.5333333333333333,38.14056318998337,True,4,0.1380900195799768,0.005020923912525177,0.001682576723396778,0.13138651894405484,0.0031026750802993774,0.012957242783159018,0.004435595124959946,0.15858720475807786
tier_10k,3000,0_1438042988061.16_20150728002308-00282-ip-10-236-191-2_894007386_3.csv,0,30,5.0,0.15,3000,393,1174,150,False,True,True,150,30,150,0.6,0.40608228980322003,0.5694444444444444,56.807289838790894,True,3,0.1380900195799768,0.005020923912525177,0.001682576723396778,0.13138651894405484,0.00235841516405344,0.005177479237318039,0.0036162082105875015,0.1492438386194408
tier_10k,3000,0_1438042988061.16_20150728002308-00282-ip-10-236-191-2_894007386_3.csv,0,30,10.0,0.15,3000,393,1174,300,False,True,True,300,30,300,0.6,0.29015544041450775,0.525974025974026,56.84245753288269,True,4,0.1380900195799768,0.005020923912525177,0.001682576723396778,0.13138651894405484,0.003072161227464676,0.009766116738319397,0.004492158070206642,0.15542225446552038
tier_10k,3000,0_1438042988061.16_20150728002308-00282-ip-10-236-191-2_894007386_3.csv,0,30,15.0,0.15,3000,393,1174,450,False,True,True,450,30,450,0.6,0.23346828609986506,0.5163398692810458,56.87475574016571,True,3,0.1380900195799768,0.005020923912525177,0.001682576723396778,0.13138651894405484,0.0025401166640222073,0.014770438428968191,0.0049186162650585175,0.16032096045091748
tier_10k,3000,0_1438042988061.16_20150728002308-00282-ip-10-236-191-2_894007386_3.csv,0,30,20.0,0.15,3000,393,1174,600,False,True,True,600,30,600,0.6,0.1824966078697422,0.5163398692810458,56.87475574016571,True,2,0.1380900195799768,0.005020923912525177,0.001682576723396778,0.13138651894405484,0.0019789449870586395,0.01974476221948862,0.005602085962891579,0.16541752172634006
tier_10k,3000,0_1438042988061.16_20150728002308-00282-ip-10-236-191-2_894007386_3.csv,0,40,5.0,0.15,3000,393,1174,200,False,True,True,200,40,200,0.6,0.34966887417218545,0.5583756345177665,75.30283206701279,True,3,0.1380900195799768,0.005020923912525177,0.001682576723396778,0.13138651894405484,0.002400292083621025,0.006921778898686171,0.003837237134575844,0.1512509766034782
tier_10k,3000,0_1438042988061.16_20150728002308-00282-ip-10-236-191-2_894007386_3.csv,0,40,10.0,0.15,3000,393,1174,400,False,True,True,400,40,400,0.6,0.25036891293654695,0.47641509433962265,75.4810779094696,True,4,0.1380900195799768,0.005020923912525177,0.001682576723396778,0.13138651894405484,0.003117660991847515,0.012981470208615065,0.0044877189211547375,0.15867863968014717
tier_10k,3000,0_1438042988061.16_20150728002308-00282-ip-10-236-191-2_894007386_3.csv,0,40,15.0,0.15,3000,393,1174,600,False,True,True,600,40,600,0.6,0.1824966078697422,0.46226415094339623,75.48679405450821,True,2,0.1380900195799768,0.005020923912525177,0.001682576723396778,0.13138651894405484,0.001966180745512247,0.02011603582650423,0.005374046973884106,0.16554797952994704
tier_10k,3000,0_1438042988061.16_20150728002308-00282-ip-10-236-191-2_894007386_3.csv,0,40,20.0,0.15,3000,393,1174,800,False,True,True,800,40,800,0.6,0.12929584234559,0.4597156398104265,75.53843486309052,True,2,0.1380900195799768,0.005020923912525177,0.001682576723396778,0.13138651894405484,0.002053912729024887,0.026556594762951136,0.006741365883499384,0.17344368854537606
tier_10k,3000,0_1438042988061.16_20150728002308-00282-ip-10-236-191-2_894007386_3.csv,0,50,5.0,0.15,3000,393,1174,250,False,True,True,250,50,250,0.6,0.3139427516158818,0.5115384615384615,93.77454781532288,True,2,0.1380900195799768,0.005020923912525177,0.001682576723396778,0.13138651894405484,0.0018481919541954994,0.008340566884726286,0.004204393830150366,0.15248494688421488
tier_10k,3000,0_1438042988061.16_20150728002308-00282-ip-10-236-191-2_894007386_3.csv,0,50,10.0,0.15,3000,393,1174,500,False,True,True,500,50,500,0.6,0.21518473406414942,0.467680608365019,93.94991683959961,True,3,0.1380900195799768,0.005020923912525177,0.001682576723396778,0.13138651894405484,0.0025619976222515106,0.017039244063198566,0.004588111769407988,0.16228102939203382
tier_10k,3000,0_1438042988061.16_20150728002308-00282-ip-10-236-191-2_894007386_3.csv,0,50,15.0,0.15,3000,393,1174,750,False,True,True,750,50,750,0.6,0.14161621479336667,0.4448669201520912,94.03577435016632,True,2,0.1380900195799768,0.005020923912525177,0.001682576723396778,0.13138651894405484,0.002043419051915407,0.024686225689947605,0.006581168621778488,0.17140253959223628
tier_10k,3000,0_1438042988061.16_20150728002308-00282-ip-10-236-191-2_894007386_3.csv,0,50,20.0,0.15,3000,393,1174,1000,False,True,True,1000,50,1000,0.6,0.0836052836052836,0.4448669201520912,94.03577435016632,True,2,0.1380900195799768,0.005020923912525177,0.001682576723396778,0.13138651894405484,0.002287358045578003,0.03447962971404195,0.008345336187630892,0.1832041428424418
tier_10k,3000,0_1438042988458.74_20150728002308-00249-ip-10-236-191-2_328699461_4.csv,2,10,5.0,0.15,3000,6776,3229,50,False,True,True,50,10,50,0.6,0.9983948635634029,0.9875,20.65971279144287,True,1,0.3750269287265837,0.009767674840986729,0.0044952938333153725,0.3607639600522816,0.0036817388609051704,0.004998004995286465,0.004427630919963121,0.38813680969178677
tier_10k,3000,0_1438042988458.74_20150728002308-00249-ip-10-236-191-2_328699461_4.csv,2,10,10.0,0.15,3000,6776,3229,100,False,True,True,100,10,100,0.6,0.9986273164035689,0.978494623655914,21.750453531742096,True,1,0.3750269287265837,0.009767674840986729,0.0044952938333153725,0.3607639600522816,0.00372090982273221,0.009667168837040663,0.003730420023202896,0.39214713452383876
tier_10k,3000,0_1438042988458.74_20150728002308-00249-ip-10-236-191-2_328699461_4.csv,2,10,15.0,0.15,3000,6776,3229,150,False,True,True,150,10,150,0.6,0.9987212276214834,0.974025974025974,21.84707921743393,True,1,0.3750269287265837,0.009767674840986729,0.0044952938333153725,0.3607639600522816,0.0035380390472710133,0.0149691142141819,0.003960493020713329,0.3974962579086423
tier_10k,3000,0_1438042988458.74_20150728002308-00249-ip-10-236-191-2_328699461_4.csv,2,10,20.0,0.15,3000,6776,3229,200,False,True,True,200,10,200,0.6,0.9987980769230769,0.974025974025974,21.84707921743393,True,1,0.3750269287265837,0.009767674840986729,0.0044952938333153725,0.3607639600522816,0.003963621333241463,0.019480261951684952,0.004008390009403229,0.40248102974146605
tier_10k,3000,0_1438042988458.74_20150728002308-00249-ip-10-236-191-2_328699461_4.csv,2,20,5.0,0.15,3000,6776,3229,100,False,True,True,100,20,100,0.6,0.9986273164035689,0.9864864864864865,42.15923410654068,True,1,0.3750269287265837,0.009767674840986729,0.0044952938333153725,0.3607639600522816,0.003505073022097349,0.009289321955293417,0.0035309968516230583,0.391354076564312
tier_10k,3000,0_1438042988458.74_20150728002308-00249-ip-10-236-191-2_328699461_4.csv,2,20,10.0,0.15,3000,6776,3229,200,False,True,True,200,20,200,0.6,0.9987980769230769,0.9848484848484849,42.56210261583328,True,1,0.3750269287265837,0.009767674840986729,0.0044952938333153725,0.3607639600522816,0.0035653067752718925,0.020087595097720623,0.0040658013895154,0.40274753887206316
tier_10k,3000,0_1438042988458.74_20150728002308-00249-ip-10-236-191-2_328699461_4.csv,2,20,15.0,0.15,3000,6776,3229,300,False,True,True,300,20,300,0.6,0.975775927327782,0.8771929824561403,48.534059882164,True,4,0.3750269287265837,0.009767674840986729,0.0044952938333153725,0.3607639600522816,0.008966375142335892,0.028458212036639452,0.0050320313312113285,0.4174853856675327
tier_10k,3000,0_1438042988458.74_20150728002308-00249-ip-10-236-191-2_328699461_4.csv,2,20,20.0,0.15,3000,6776,3229,400,False,True,True,400,20,400,0.6,0.9475235849056604,0.8217821782178217,51.71419459581375,True,3,0.3750269287265837,0.009767674840986729,0.0044952938333153725,0.3607639600522816,0.007489659823477268,0.03653239784762263,0.007228205446153879,0.4262792197987437
tier_10k,3000,0_1438042988458.74_20150728002308-00249-ip-10-236-191-2_328699461_4.csv,2,30,5.0,0.15,3000,6776,3229,150,False,True,True,150,30,150,0.6,0.9987212276214834,0.9900990099009901,62.6224399805069,True,1,0.3750269287265837,0.009767674840986729,0.0044952938333153725,0.3607639600522816,0.0036694761365652084,0.014211600180715322,0.0037577012553811073,0.39666750095784664
tier_10k,3000,0_1438042988458.74_20150728002308-00249-ip-10-236-191-2_328699461_4.csv,2,30,10.0,0.15,3000,6776,3229,300,False,True,True,300,30,300,0.6,0.975775927327782,0.9158415841584159,69.59713619947433,True,4,0.3750269287265837,0.009767674840986729,0.0044952938333153725,0.3607639600522816,0.008782422170042992,0.028014694340527058,0.004758764989674091,0.4165845485404134
tier_10k,3000,0_1438042988458.74_20150728002308-00249-ip-10-236-191-2_328699461_4.csv,2,30,15.0,0.15,3000,6776,3229,450,False,True,True,450,30,450,0.6,0.9348995188225304,0.8389261744966443,73.9860520362854,True,4,0.3750269287265837,0.009767674840986729,0.0044952938333153725,0.3607639600522816,0.009083217009902,0.04039093805477023,0.007731765974313021,0.43223462998867035
tier_10k,3000,0_1438042988458.74_20150728002308-00249-ip-10-236-191-2_328699461_4.csv,2,30,20.0,0.15,3000,6776,3229,600,False,True,True,600,30,600,0.6,0.9028169014084507,0.8161764705882353,74.03298342227936,True,4,0.3750269287265837,0.009767674840986729,0.0044952938333153725,0.3607639600522816,0.008747205138206482,0.05488042300567031,0.008644959889352322,0.44730124389752746
tier_10k,3000,0_1438042988458.74_20150728002308-00249-ip-10-236-191-2_328699461_4.csv,2,40,5.0,0.15,3000,6776,3229,200,False,True,True,200,40,200,0.6,0.9987980769230769,0.9920318725099602,82.64126700162888,True,1,0.3750269287265837,0.009767674840986729,0.0044952938333153725,0.3607639600522816,0.003619824070483446,0.018748824018985033,0.004063843283802271,0.4014612245373428
tier_10k,3000,0_1438042988458.74_20150728002308-00249-ip-10-236-191-2_328699461_4.csv,2,40,10.0,0.15,3000,6776,3229,400,False,True,True,400,40,400,0.6,0.9475235849056604,0.8958990536277602,94.68157607316971,True,3,0.3750269287265837,0.009767674840986729,0.0044952938333153725,0.3607639600522816,0.007418032269924879,0.036332760006189346,0.006023834925144911,0.42480348190292716
tier_10k,3000,0_1438042988458.74_20150728002308-00249-ip-10-236-191-2_328699461_4.csv,2,40,15.0,0.15,3000,6776,3229,600,False,True,True,600,40,600,0.6,0.9028169014084507,0.8920634920634921,95.42322146892548,True,4,0.3750269287265837,0.009767674840986729,0.0044952938333153725,0.3607639600522816,0.008978547994047403,0.05396971106529236,0.00917423702776432,0.4471515277400613
tier_10k,3000,0_1438042988458.74_20150728002308-00249-ip-10-236-191-2_328699461_4.csv,2,40,20.0,0.15,3000,6776,3229,800,False,True,True,800,40,800,0.6,0.8531840704716461,0.615,118.99644374847412,True,3,0.3750269287265837,0.009767674840986729,0.0044952938333153725,0.3607639600522816,0.007536280434578657,0.07368215080350637,0.013362318743020296,0.46960985008627176
tier_10k,3000,0_1438042988458.74_20150728002308-00249-ip-10-236-191-2_328699461_4.csv,2,50,5.0,0.15,3000,6776,3229,250,False,True,True,250,50,250,0.6,0.9941398074508162,0.9901639344262295,102.76728874444962,True,2,0.3750269287265837,0.009767674840986729,0.0044952938333153725,0.3607639600522816,0.005392417777329683,0.025072632357478142,0.004929590970277786,0.41042364249005914
tier_10k,3000,0_1438042988458.74_20150728002308-00249-ip-10-236-191-2_328699461_4.csv,2,50,10.0,0.15,3000,6776,3229,500,False,True,True,500,50,500,0.6,0.923215666065447,0.8989637305699482,116.16545450687408,True,4,0.3750269287265837,0.009767674840986729,0.0044952938333153725,0.3607639600522816,0.009246492758393288,0.04474123800173402,0.007938104216009378,0.43695449363440275
tier_10k,3000,0_1438042988458.74_20150728002308-00249-ip-10-236-191-2_328699461_4.csv,2,50,15.0,0.15,3000,6776,3229,750,False,True,True,750,50,750,0.6,0.8663081060315021,0.6485355648535565,143.1344034075737,True,3,0.3750269287265837,0.009767674840986729,0.0044952938333153725,0.3607639600522816,0.007426718715578318,0.06612822599709034,0.011926265899091959,0.4605100518092513
tier_10k,3000,0_1438042988458.74_20150728002308-00249-ip-10-236-191-2_328699461_4.csv,2,50,20.0,0.15,3000,6776,3229,1000,False,True,True,1000,50,1000,0.6,0.799757832601786,0.6239669421487604,147.89952617883682,True,3,0.3750269287265837,0.009767674840986729,0.0044952938333153725,0.3607639600522816,0.0074838800355792046,0.09745108708739281,0.00876773614436388,0.4887317307293415
tier_10k,3000,1_1438042990112.50_20150728002310-00273-ip-10-236-191-2_869240800_0.csv,1,10,5.0,0.15,3000,2,1049,50,False,False,False,50,0,50,0.06,0.030303030303030304,,,True,2,0.12322436645627022,0.0044438811019063,0.0017209500074386597,0.11705953534692526,0.0014937510713934898,0.0027718390338122845,0.001595859881490469,0.12908796733245254
tier_10k,3000,1_1438042990112.50_20150728002310-00273-ip-10-236-191-2_869240800_0.csv,1,10,10.0,0.15,3000,2,1049,100,False,False,False,100,0,100,0.06,0.01935483870967742,,,True,2,0.12322436645627022,0.0044438811019063,0.0017209500074386597,0.11705953534692526,0.0015395162627100945,0.004874818027019501,0.0009377989917993546,0.13057801825925708
tier_10k,3000,1_1438042990112.50_20150728002310-00273-ip-10-236-191-2_869240800_0.csv,1,10,15.0,0.15,3000,2,1049,150,False,False,False,150,0,150,0.06,0.013043478260869565,,,True,2,0.12322436645627022,0.0044438811019063,0.0017209500074386597,0.11705953534692526,0.0015139281749725342,0.0074417078867554665,0.0008725072257220745,0.13305377820506692
tier_10k,3000,1_1438042990112.50_20150728002310-00273-ip-10-236-191-2_869240800_0.csv,1,10,20.0,0.15,3000,2,1049,200,False,False,False,200,0,200,0.06,0.009836065573770493,,,True,2,0.12322436645627022,0.0044438811019063,0.0017209500074386597,0.11705953534692526,0.0014993161894381046,0.010092517826706171,0.0009717247448861599,0.13578942278400064
tier_10k,3000,1_1438042990112.50_20150728002310-00273-ip-10-236-191-2_869240800_0.csv,1,20,5.0,0.15,3000,2,1049,100,False,False,False,100,0,100,0.06,0.01935483870967742,,,True,2,0.12322436645627022,0.0044438811019063,0.0017209500074386597,0.11705953534692526,0.001623513177037239,0.00540065485984087,0.000952351838350296,0.13120222743600607
tier_10k,3000,1_1438042990112.50_20150728002310-00273-ip-10-236-191-2_869240800_0.csv,1,20,10.0,0.15,3000,2,1049,200,False,False,False,200,0,200,0.06,0.009836065573770493,,,True,2,0.12322436645627022,0.0044438811019063,0.0017209500074386597,0.11705953534692526,0.001628924161195755,0.009949568193405867,0.0009355922229588032,0.135739725548774
tier_10k,3000,1_1438042990112.50_20150728002310-00273-ip-10-236-191-2_869240800_0.csv,1,20,15.0,0.15,3000,2,1049,300,False,False,False,300,0,300,0.06,0.005946481665014866,,,True,2,0.12322436645627022,0.0044438811019063,0.0017209500074386597,0.11705953534692526,0.0015217368490993977,0.014636886306107044,0.0014450582675635815,0.1408293666318059
tier_10k,3000,1_1438042990112.50_20150728002310-00273-ip-10-236-191-2_869240800_0.csv,1,20,20.0,0.15,3000,2,1049,400,False,False,False,400,0,400,0.06,0.003947368421052632,,,True,2,0.12322436645627022,0.0044438811019063,0.0017209500074386597,0.11705953534692526,0.001566275954246521,0.01947395596653223,0.0014760089106857777,0.1457419996149838
tier_10k,3000,1_1438042990112.50_20150728002310-00273-ip-10-236-191-2_869240800_0.csv,1,30,5.0,0.15,3000,2,1049,150,False,False,False,150,0,150,0.06,0.013043478260869565,,,True,2,0.12322436645627022,0.0044438811019063,0.0017209500074386597,0.11705953534692526,0.0014807949773967266,0.007359801325947046,0.0010067792609333992,0.1330732204951346
tier_10k,3000,1_1438042990112.50_20150728002310-00273-ip-10-236-191-2_869240800_0.csv,1,30,10.0,0.15,3000,2,1049,300,False,False,False,300,0,300,0.06,0.005946481665014866,,,True,2,0.12322436645627022,0.0044438811019063,0.0017209500074386597,0.11705953534692526,0.0015152334235608578,0.014669841155409813,0.0014260681346058846,0.14083704771474004
tier_10k,3000,1_1438042990112.50_20150728002310-00273-ip-10-236-191-2_869240800_0.csv,1,30,15.0,0.15,3000,2,1049,450,False,False,False,450,0,450,0.06,0.0032967032967032967,,,True,2,0.12322436645627022,0.0044438811019063,0.0017209500074386597,0.11705953534692526,0.001642426010221243,0.021664205007255077,0.0015043416060507298,0.14803699729964137
tier_10k,3000,1_1438042990112.50_20150728002310-00273-ip-10-236-191-2_869240800_0.csv,1,30,20.0,0.15,3000,2,1049,600,False,False,False,600,0,600,0.06,0.0020898641588296763,,,True,2,0.12322436645627022,0.0044438811019063,0.0017209500074386597,0.11705953534692526,0.0016274317167699337,0.028551331255584955,0.0018924460746347904,0.15529717318713665
tier_10k,3000,1_1438042990112.50_20150728002310-00273-ip-10-236-191-2_869240800_0.csv,1,40,5.0,0.15,3000,2,1049,200,False,False,False,200,0,200,0.06,0.009836065573770493,,,True,2,0.12322436645627022,0.0044438811019063,0.0017209500074386597,0.11705953534692526,0.0017051449976861477,0.010749684181064367,0.0012715649791061878,0.13695238949730992
tier_10k,3000,1_1438042990112.50_20150728002310-00273-ip-10-236-191-2_869240800_0.csv,1,40,10.0,0.15,3000,2,1049,400,False,False,False,400,0,400,0.06,0.003947368421052632,,,True,2,0.12322436645627022,0.0044438811019063,0.0017209500074386597,0.11705953534692526,0.001687058713287115,0.0192915596999228,0.0014868127182126045,0.14569136314094067
tier_10k,3000,1_1438042990112.50_20150728002310-00273-ip-10-236-191-2_869240800_0.csv,1,40,15.0,0.15,3000,2,1049,600,False,False,False,600,0,600,0.06,0.0020898641588296763,,,True,2,0.12322436645627022,0.0044438811019063,0.0017209500074386597,0.11705953534692526,0.0016402020119130611,0.028260197024792433,0.0021225200034677982,0.15524888364598155
tier_10k,3000,1_1438042990112.50_20150728002310-00273-ip-10-236-191-2_869240800_0.csv,1,40,20.0,0.15,3000,2,1049,800,False,False,False,800,0,800,0.06,0.0012267429973420569,,,True,2,0.12322436645627022,0.0044438811019063,0.0017209500074386597,0.11705953534692526,0.0017667459324002266,0.03907326003536582,0.002375998068600893,0.16644212417304516
tier_10k,3000,1_1438042990112.50_20150728002310-00273-ip-10-236-191-2_869240800_0.csv,1,50,5.0,0.15,3000,2,1049,250,False,False,False,250,0,250,0.06,0.0075,,,True,2,0.12322436645627022,0.0044438811019063,0.0017209500074386597,0.11705953534692526,0.0016139470972120762,0.012447798158973455,0.0014036991633474827,0.13869137223809958
tier_10k,3000,1_1438042990112.50_20150728002310-00273-ip-10-236-191-2_869240800_0.csv,1,50,10.0,0.15,3000,2,1049,500,False,False,False,500,0,500,0.06,0.002830188679245283,,,True,2,0.12322436645627022,0.0044438811019063,0.0017209500074386597,0.11705953534692526,0.0016514062881469727,0.024326471611857414,0.0017498070374131203,0.15095372358337045
tier_10k,3000,1_1438042990112.50_20150728002310-00273-ip-10-236-191-2_869240800_0.csv,1,50,15.0,0.15,3000,2,1049,750,False,False,False,750,0,750,0.06,0.0013895321908290875,,,True,2,0.12322436645627022,0.0044438811019063,0.0017209500074386597,0.11705953534692526,0.0019242465496063232,0.03617003560066223,0.001964640337973833,0.1632847785949707
tier_10k,3000,1_1438042990112.50_20150728002310-00273-ip-10-236-191-2_869240800_0.csv,1,50,20.0,0.15,3000,2,1049,1000,False,False,False,1000,0,1000,0.06,0.0006417798695047598,,,True,2,0.12322436645627022,0.0044438811019063,0.0017209500074386597,0.11705953534692526,0.0018043271265923977,0.0464224461466074,0.0026151309721171856,0.17406770447269082
tier_10k,3000,0_1438042988061.16_20150728002308-00096-ip-10-236-191-2_895004754_0.csv,0,10,5.0,0.15,3000,1,959,50,False,True,True,50,10,50,0.6666666666666666,0.038461538461538464,0.16666666666666666,18.231704533100128,True,2,0.1080419896170497,0.004241295158863068,0.001510024070739746,0.10229067038744688,0.0013992940075695515,0.002445255871862173,0.0039008278399705887,0.11578947072848678
tier_10k,3000,0_1438042988061.16_20150728002308-00096-ip-10-236-191-2_895004754_0.csv,0,10,10.0,0.15,3000,1,959,100,False,True,True,100,10,100,0.6666666666666666,0.0196078431372549,0.16666666666666666,18.288692831993103,True,2,0.1080419896170497,0.004241295158863068,0.001510024070739746,0.10229067038744688,0.0015940838493406773,0.004656513221561909,0.003052809741348028,0.11734715243801475
tier_10k,3000,0_1438042988061.16_20150728002308-00096-ip-10-236-191-2_895004754_0.csv,0,10,15.0,0.15,3000,1,959,150,False,True,True,150,10,150,0.6666666666666666,0.013157894736842105,0.16666666666666666,18.289534628391266,True,2,0.1080419896170497,0.004241295158863068,0.001510024070739746,0.10229067038744688,0.0015602665953338146,0.006838611327111721,0.003637867048382759,0.12008036347106099
tier_10k,3000,0_1438042988061.16_20150728002308-00096-ip-10-236-191-2_895004754_0.csv,0,10,20.0,0.15,3000,1,959,200,False,True,True,200,10,200,0.6666666666666666,0.009900990099009901,0.16666666666666666,18.302644312381744,True,2,0.1080419896170497,0.004241295158863068,0.001510024070739746,0.10229067038744688,0.0015576966106891632,0.008872140664607286,0.004018017090857029,0.12249168800190091
tier_10k,3000,0_1438042988061.16_20150728002308-00096-ip-10-236-191-2_895004754_0.csv,0,20,5.0,0.15,3000,1,959,100,False,False,False,100,0,100,0.6666666666666666,0.0196078431372549,,,True,2,0.1080419896170497,0.004241295158863068,0.001510024070739746,0.10229067038744688,0.0016584168188273907,0.004743234254419804,0.0008892216719686985,0.1153344907797873
tier_10k,3000,0_1438042988061.16_20150728002308-00096-ip-10-236-191-2_895004754_0.csv,0,20,10.0,0.15,3000,1,959,200,False,False,False,200,0,200,0.6666666666666666,0.009900990099009901,,,True,2,0.1080419896170497,0.004241295158863068,0.001510024070739746,0.10229067038744688,0.0015556239522993565,0.008131206035614014,0.0012946720235049725,0.1190250557847321
tier_10k,3000,0_1438042988061.16_20150728002308-00096-ip-10-236-191-2_895004754_0.csv,0,20,15.0,0.15,3000,1,959,300,False,False,False,300,0,300,0.6666666666666666,0.006622516556291391,,,True,2,0.1080419896170497,0.004241295158863068,0.001510024070739746,0.10229067038744688,0.0015753209590911865,0.013013800140470266,0.0014202799648046494,0.12405307870358229
tier_10k,3000,0_1438042988061.16_20150728002308-00096-ip-10-236-191-2_895004754_0.csv,0,20,20.0,0.15,3000,1,959,400,False,False,False,400,0,400,0.6666666666666666,0.004975124378109453,,,True,2,0.1080419896170497,0.004241295158863068,0.001510024070739746,0.10229067038744688,0.0016118129715323448,0.016996251419186592,0.0014955676160752773,0.12814723327755928
tier_10k,3000,0_1438042988061.16_20150728002308-00096-ip-10-236-191-2_895004754_0.csv,0,30,5.0,0.15,3000,1,959,150,False,False,False,150,0,150,0.6666666666666666,0.013157894736842105,,,True,2,0.1080419896170497,0.004241295158863068,0.001510024070739746,0.10229067038744688,0.0014806869439780712,0.006066957022994757,0.0009162477217614651,0.1165074766613543
tier_10k,3000,0_1438042988061.16_20150728002308-00096-ip-10-236-191-2_895004754_0.csv,0,30,10.0,0.15,3000,1,959,300,False,False,False,300,0,300,0.6666666666666666,0.006622516556291391,,,True,2,0.1080419896170497,0.004241295158863068,0.001510024070739746,0.10229067038744688,0.0014153281226754189,0.012088560964912176,0.0013397717848420143,0.12288699159398675
tier_10k,3000,0_1438042988061.16_20150728002308-00096-ip-10-236-191-2_895004754_0.csv,0,30,15.0,0.15,3000,1,959,450,False,False,False,450,0,450,0.6666666666666666,0.0042643923240938165,,,True,2,0.1080419896170497,0.004241295158863068,0.001510024070739746,0.10229067038744688,0.0014552990905940533,0.018223340157419443,0.0015789540484547615,0.12930111540481448
tier_10k,3000,0_1438042988061.16_20150728002308-00096-ip-10-236-191-2_895004754_0.csv,0,30,20.0,0.15,3000,1,959,600,False,False,False,600,0,600,0.6666666666666666,0.002881844380403458,,,True,2,0.1080419896170497,0.004241295158863068,0.001510024070739746,0.10229067038744688,0.0016678962856531143,0.0256959842517972,0.0017580059356987476,0.1371656535193324
tier_10k,3000,0_1438042988061.16_20150728002308-00096-ip-10-236-191-2_895004754_0.csv,0,40,5.0,0.15,3000,1,959,200,False,False,False,200,0,200,0.6666666666666666,0.009900990099009901,,,True,2,0.1080419896170497,0.004241295158863068,0.001510024070739746,0.10229067038744688,0.0015567941591143608,0.008653732016682625,0.001203790307044983,0.11945793870836496
tier_10k,3000,0_1438042988061.16_20150728002308-00096-ip-10-236-191-2_895004754_0.csv,0,40,10.0,0.15,3000,1,959,400,False,False,False,400,0,400,0.6666666666666666,0.004975124378109453,,,True,2,0.1080419896170497,0.004241295158863068,0.001510024070739746,0.10229067038744688,0.001448230817914009,0.016556928865611553,0.0012569259852170944,0.1273057865910232
tier_10k,3000,0_1438042988061.16_20150728002308-00096-ip-10-236-191-2_895004754_0.csv,0,40,15.0,0.15,3000,1,959,600,False,False,False,600,0,600,0.6666666666666666,0.002881844380403458,,,True,2,0.1080419896170497,0.004241295158863068,0.001510024070739746,0.10229067038744688,0.0015066838823258877,0.02383780898526311,0.0016840221360325813,0.13507198775187135
tier_10k,3000,0_1438042988061.16_20150728002308-00096-ip-10-236-191-2_895004754_0.csv,0,40,20.0,0.15,3000,1,959,800,False,False,False,800,0,800,0.6666666666666666,0.0018091361374943465,,,True,2,0.1080419896170497,0.004241295158863068,0.001510024070739746,0.10229067038744688,0.001749435905367136,0.032021712977439165,0.002158760093152523,0.14397347066551447
tier_10k,3000,0_1438042988061.16_20150728002308-00096-ip-10-236-191-2_895004754_0.csv,0,50,5.0,0.15,3000,1,959,250,False,False,False,250,0,250,0.6666666666666666,0.007936507936507936,,,True,2,0.1080419896170497,0.004241295158863068,0.001510024070739746,0.10229067038744688,0.0015672151930630207,0.011183237191289663,0.0011867261491715908,0.12198072392493486
tier_10k,3000,0_1438042988061.16_20150728002308-00096-ip-10-236-191-2_895004754_0.csv,0,50,10.0,0.15,3000,1,959,500,False,False,False,500,0,500,0.6666666666666666,0.003676470588235294,,,True,2,0.1080419896170497,0.004241295158863068,0.001510024070739746,0.10229067038744688,0.0015137637965381145,0.02002973109483719,0.001613594125956297,0.13120068283751607
tier_10k,3000,0_1438042988061.16_20150728002308-00096-ip-10-236-191-2_895004754_0.csv,0,50,15.0,0.15,3000,1,959,750,False,False,False,750,0,750,0.6666666666666666,0.002039775624681285,,,True,2,0.1080419896170497,0.004241295158863068,0.001510024070739746,0.10229067038744688,0.0017194678075611591,0.03206097008660436,0.002079324796795845,0.14390345755964518
tier_10k,3000,0_1438042988061.16_20150728002308-00096-ip-10-236-191-2_895004754_0.csv,0,50,20.0,0.15,3000,1,959,1000,True,False,False,959,0,959,0.6666666666666666,0.00116993272886809,,,False,0,0.1080419896170497,0.004241295158863068,0.001510024070739746,0.10229067038744688,6.39413483440876e-05,0.03716287203133106,0.002602442167699337,0.1478726794011891
tier_10k,3000,1_1438042987127.36_20150728002307-00114-ip-10-236-191-2_902351685_191.csv,0,10,5.0,0.15,3000,410,1185,50,False,True,True,50,10,50,0.5,0.8421052631578947,0.7948717948717948,18.294734477996826,True,2,0.1430216282606125,0.005019613076001406,0.0016930210404098034,0.13630899414420128,0.001630568876862526,0.0016313400119543076,0.0038364571519196033,0.15012233098968863
tier_10k,3000,1_1438042987127.36_20150728002307-00114-ip-10-236-191-2_902351685_191.csv,0,10,10.0,0.15,3000,410,1185,100,False,True,True,100,10,100,0.5,0.6310904872389791,0.5,18.942940771579742,True,2,0.1430216282606125,0.005019613076001406,0.0016930210404098034,0.13630899414420128,0.0019178749062120914,0.0033582886680960655,0.003084254916757345,0.15138394245877862
tier_10k,3000,1_1438042987127.36_20150728002307-00114-ip-10-236-191-2_902351685_191.csv,0,10,15.0,0.15,3000,410,1185,150,False,True,True,150,10,150,0.5,0.5625879043600562,0.4852941176470588,19.142824172973633,True,2,0.1430216282606125,0.005019613076001406,0.0016930210404098034,0.13630899414420128,0.0018555959686636925,0.004923787899315357,0.003292541019618511,0.1530953962355852
tier_10k,3000,1_1438042987127.36_20150728002307-00114-ip-10-236-191-2_902351685_191.csv,0,10,20.0,0.15,3000,410,1185,200,False,True,True,200,10,200,0.5,0.5,0.4507042253521127,19.21106594800949,True,2,0.1430216282606125,0.005019613076001406,0.0016930210404098034,0.13630899414420128,0.0020388239063322544,0.0066070277243852615,0.0037784921005368233,0.1554476353339851
tier_10k,3000,1_1438042987127.36_20150728002307-00114-ip-10-236-191-2_902351685_191.csv,0,20,5.0,0.15,3000,410,1185,100,False,True,True,100,20,100,0.5,0.6310904872389791,0.5163934426229508,37.631425857543945,True,2,0.1430216282606125,0.005019613076001406,0.0016930210404098034,0.13630899414420128,0.0017851288430392742,0.003300528973340988,0.002839796245098114,0.1509488900192082
tier_10k,3000,1_1438042987127.36_20150728002307-00114-ip-10-236-191-2_902351685_191.csv,0,20,10.0,0.15,3000,410,1185,200,False,True,True,200,20,200,0.5,0.5,0.46616541353383456,38.129755079746246,True,2,0.1430216282606125,0.005019613076001406,0.0016930210404098034,0.13630899414420128,0.0018677362240850925,0.006477902177721262,0.0036240839399397373,0.15499306935817003
tier_10k,3000,1_1438042987127.36_20150728002307-00114-ip-10-236-191-2_902351685_191.csv,0,20,15.0,0.15,3000,410,1185,300,False,True,True,300,20,300,0.5,0.4239504473503097,0.45588235294117646,38.12994784116745,True,3,0.1430216282606125,0.005019613076001406,0.0016930210404098034,0.13630899414420128,0.002707886975258589,0.009991456754505634,0.004341030027717352,0.16006402531638741
tier_10k,3000,1_1438042987127.36_20150728002307-00114-ip-10-236-191-2_902351685_191.csv,0,20,20.0,0.15,3000,410,1185,400,False,True,True,400,20,400,0.5,0.37063291139240506,0.45255474452554745,38.13879853487015,True,2,0.1430216282606125,0.005019613076001406,0.0016930210404098034,0.13630899414420128,0.0019162450917065144,0.013433356769382954,0.00438148807734251,0.16275435639545321
tier_10k,3000,1_1438042987127.36_20150728002307-00114-ip-10-236-191-2_902351685_191.csv,0,30,5.0,0.15,3000,410,1185,150,False,True,True,150,30,150,0.5,0.5625879043600562,0.5,56.69651836156845,True,2,0.1430216282606125,0.005019613076001406,0.0016930210404098034,0.13630899414420128,0.0018005180172622204,0.00487333070486784,0.0034077554009854794,0.1531049432232976
tier_10k,3000,1_1438042987127.36_20150728002307-00114-ip-10-236-191-2_902351685_191.csv,0,30,10.0,0.15,3000,410,1185,300,False,True,True,300,30,300,0.5,0.4239504473503097,0.44390243902439025,56.941809833049774,True,3,0.1430216282606125,0.005019613076001406,0.0016930210404098034,0.13630899414420128,0.002703606616705656,0.00962919695302844,0.0038393158465623856,0.15919546596705914
tier_10k,3000,1_1438042987127.36_20150728002307-00114-ip-10-236-191-2_902351685_191.csv,0,30,15.0,0.15,3000,410,1185,450,False,True,True,450,30,450,0.5,0.34832904884318766,0.4354066985645933,56.96303826570511,True,3,0.1430216282606125,0.005019613076001406,0.0016930210404098034,0.13630899414420128,0.002562094945460558,0.014348327182233334,0.004331447649747133,0.16426523821428418
tier_10k,3000,1_1438042987127.36_20150728002307-00114-ip-10-236-191-2_902351685_191.csv,0,30,20.0,0.15,3000,410,1185,600,False,True,True,600,30,600,0.5,0.2970908022333235,0.39473684210526316,57.0047767162323,True,2,0.1430216282606125,0.005019613076001406,0.0016930210404098034,0.13630899414420128,0.001997025217860937,0.020009538624435663,0.00512260477989912,0.1701523745432496
tier_10k,3000,1_1438042987127.36_20150728002307-00114-ip-10-236-191-2_902351685_191.csv,0,40,5.0,0.15,3000,410,1185,200,False,True,True,200,40,200,0.5,0.5,0.45384615384615384,75.62354427576065,True,2,0.1430216282606125,0.005019613076001406,0.0016930210404098034,0.13630899414420128,0.0018575158901512623,0.006499191280454397,0.0035989130847156048,0.15497913537546992
tier_10k,3000,1_1438042987127.36_20150728002307-00114-ip-10-236-191-2_902351685_191.csv,0,40,10.0,0.15,3000,410,1185,400,False,True,True,400,40,400,0.5,0.37063291139240506,0.4290909090909091,75.71386915445328,True,2,0.1430216282606125,0.005019613076001406,0.0016930210404098034,0.13630899414420128,0.0020936918444931507,0.012797808274626732,0.004050015937536955,0.16196488263085485
tier_10k,3000,1_1438042987127.36_20150728002307-00114-ip-10-236-191-2_902351685_191.csv,0,40,15.0,0.15,3000,410,1185,600,False,True,True,600,40,600,0.5,0.2970908022333235,0.38235294117647056,75.79787278175354,True,2,0.1430216282606125,0.005019613076001406,0.0016930210404098034,0.13630899414420128,0.002016084734350443,0.01919318363070488,0.00560713978484273,0.16983981244266033
tier_10k,3000,1_1438042987127.36_20150728002307-00114-ip-10-236-191-2_902351685_191.csv,0,40,20.0,0.15,3000,410,1185,800,False,True,True,800,40,800,0.5,0.2273442770407016,0.38235294117647056,75.79787278175354,True,2,0.1430216282606125,0.005019613076001406,0.0016930210404098034,0.13630899414420128,0.0020952378399670124,0.02633677516132593,0.006554154213517904,0.17800958920270205
tier_10k,3000,1_1438042987127.36_20150728002307-00114-ip-10-236-191-2_902351685_191.csv,0,50,5.0,0.15,3000,410,1185,250,False,True,True,250,50,250,0.5,0.45854063018242125,0.4517133956386293,94.20141172409058,True,2,0.1430216282606125,0.005019613076001406,0.0016930210404098034,0.13630899414420128,0.0018924986943602562,0.008044158108532429,0.0040552509017288685,0.15701518533751369
tier_10k,3000,1_1438042987127.36_20150728002307-00114-ip-10-236-191-2_902351685_191.csv,0,50,10.0,0.15,3000,410,1185,500,False,True,True,500,50,500,0.5,0.3284313725490196,0.38242894056847543,94.5221391916275,True,3,0.1430216282606125,0.005019613076001406,0.0016930210404098034,0.13630899414420128,0.002595118712633848,0.015352335292845964,0.005278201308101416,0.1662489464506507
tier_10k,3000,1_1438042987127.36_20150728002307-00114-ip-10-236-191-2_902351685_191.csv,0,50,15.0,0.15,3000,410,1185,750,False,True,True,750,50,750,0.5,0.24449818621523578,0.37628865979381443,94.54402631521225,True,2,0.1430216282606125,0.005019613076001406,0.0016930210404098034,0.13630899414420128,0.00204795366153121,0.0243699480779469,0.006591869052499533,0.1760330842807889
tier_10k,3000,1_1438042987127.36_20150728002307-00114-ip-10-236-191-2_902351685_191.csv,0,50,20.0,0.15,3000,410,1185,1000,False,True,True,1000,50,1000,0.5,0.15463444478433772,0.37628865979381443,94.54402631521225,True,2,0.1430216282606125,0.005019613076001406,0.0016930210404098034,0.13630899414420128,0.0022993581369519234,0.032980367075651884,0.007574927993118763,0.18587817018851638
tier_10k,3000,1_1438042987127.36_20150728002307-00182-ip-10-236-191-2_150862475_5.csv,8,10,5.0,0.15,3000,1177,1259,50,False,True,True,50,10,50,0.3333333333333333,0.3657142857142857,0.35294117647058826,82.03222930431366,True,2,0.14747888734564185,0.004164398182183504,0.0019499361515045166,0.14136455301195383,0.001698032021522522,0.02501645404845476,0.004209436941891909,0.17840464133769274
tier_10k,3000,1_1438042987127.36_20150728002307-00182-ip-10-236-191-2_150862475_5.csv,8,10,10.0,0.15,3000,1177,1259,100,False,True,True,100,10,100,0.3333333333333333,0.2731182795698925,0.2926829268292683,84.16615551710129,True,2,0.14747888734564185,0.004164398182183504,0.0019499361515045166,0.14136455301195383,0.001945246011018753,0.045227460097521544,0.0037170867435634136,0.19837034353986382
tier_10k,3000,1_1438042987127.36_20150728002307-00182-ip-10-236-191-2_150862475_5.csv,8,10,15.0,0.15,3000,1177,1259,150,False,True,True,150,10,150,0.3333333333333333,0.24755244755244754,0.2926829268292683,84.16615551710129,True,2,0.14747888734564185,0.004164398182183504,0.0019499361515045166,0.14136455301195383,0.0018865498714148998,0.0633498472161591,0.00429136399179697,0.21700837463140488
tier_10k,3000,1_1438042987127.36_20150728002307-00182-ip-10-236-191-2_150862475_5.csv,8,10,20.0,0.15,3000,1177,1259,200,False,True,True,200,10,200,0.3333333333333333,0.23523316062176167,0.2926829268292683,84.16615551710129,True,2,0.14747888734564185,0.004164398182183504,0.0019499361515045166,0.14136455301195383,0.002111655194312334,0.08329629385843873,0.004899171646684408,0.23778798943385482
tier_10k,3000,1_1438042987127.36_20150728002307-00182-ip-10-236-191-2_150862475_5.csv,8,20,5.0,0.15,3000,1177,1259,100,False,True,True,100,20,100,0.3333333333333333,0.2731182795698925,0.2962962962962963,142.06027203798294,True,2,0.14747888734564185,0.004164398182183504,0.0019499361515045166,0.14136455301195383,0.0020862482488155365,0.046118352096527815,0.004357323981821537,0.2000426771119237
tier_10k,3000,1_1438042987127.36_20150728002307-00182-ip-10-236-191-2_150862475_5.csv,8,20,10.0,0.15,3000,1177,1259,200,False,True,True,200,20,200,0.3333333333333333,0.23523316062176167,0.2909090909090909,143.05763962864876,True,2,0.14747888734564185,0.004164398182183504,0.0019499361515045166,0.14136455301195383,0.0021237730979919434,0.0806480422616005,0.004196210764348507,0.23444880358874798
tier_10k,3000,1_1438042987127.36_20150728002307-00182-ip-10-236-191-2_150862475_5.csv,8,20,15.0,0.15,3000,1177,1259,300,False,True,True,300,20,300,0.3333333333333333,0.22320819112627988,0.2882882882882883,143.67247518897057,True,2,0.14747888734564185,0.004164398182183504,0.0019499361515045166,0.14136455301195383,0.002279485110193491,0.11833339696750045,0.0046076467260718346,0.27270143246278167
tier_10k,3000,1_1438042987127.36_20150728002307-00182-ip-10-236-191-2_150862475_5.csv,8,20,20.0,0.15,3000,1177,1259,400,False,True,True,400,20,400,0.3333333333333333,0.21442687747035574,0.2882882882882883,143.8256367444992,True,2,0.14747888734564185,0.004164398182183504,0.0019499361515045166,0.14136455301195383,0.0022528800182044506,0.1530513889156282,0.005377118941396475,0.3081620722077787
tier_10k,3000,1_1438042987127.36_20150728002307-00182-ip-10-236-191-2_150862475_5.csv,8,30,5.0,0.15,3000,1177,1259,150,False,True,True,150,30,150,0.3333333333333333,0.24755244755244754,0.27450980392156865,191.90957775712013,True,2,0.14747888734564185,0.004164398182183504,0.0019499361515045166,0.14136455301195383,0.002121912781149149,0.0656196502968669,0.004148951265960932,0.2193711861036718
tier_10k,3000,1_1438042987127.36_20150728002307-00182-ip-10-236-191-2_150862475_5.csv,8,30,10.0,0.15,3000,1177,1259,300,False,True,True,300,30,300,0.3333333333333333,0.22320819112627988,0.2692307692307692,195.00017341971397,True,2,0.14747888734564185,0.004164398182183504,0.0019499361515045166,0.14136455301195383,0.002141617238521576,0.12151055783033371,0.004695748910307884,0.2758287484757602
tier_10k,3000,1_1438042987127.36_20150728002307-00182-ip-10-236-191-2_150862475_5.csv,8,30,15.0,0.15,3000,1177,1259,450,False,True,True,450,30,450,0.3333333333333333,0.2082616179001721,0.2641509433962264,200.22407767176628,True,2,0.14747888734564185,0.004164398182183504,0.0019499361515045166,0.14136455301195383,0.0022285007871687412,0.1758082639425993,0.0057451678439974785,0.33126294845715165
tier_10k,3000,1_1438042987127.36_20150728002307-00182-ip-10-236-191-2_150862475_5.csv,8,30,20.0,0.15,3000,1177,1259,600,False,True,True,600,30,600,0.3333333333333333,0.18623625399077687,0.15,318.7445338368416,True,3,0.14747888734564185,0.004164398182183504,0.0019499361515045166,0.14136455301195383,0.003148785326629877,0.24505349760875106,0.0071603087708354,0.4028438222594559
tier_10k,3000,1_1438042987127.36_20150728002307-00182-ip-10-236-191-2_150862475_5.csv,8,40,5.0,0.15,3000,1177,1259,200,False,True,True,200,40,200,0.3333333333333333,0.23523316062176167,0.2561576354679803,240.32089018821716,True,2,0.14747888734564185,0.004164398182183504,0.0019499361515045166,0.14136455301195383,0.002087946981191635,0.08256526198238134,0.004241944756358862,0.23637572955340147
tier_10k,3000,1_1438042987127.36_20150728002307-00182-ip-10-236-191-2_150862475_5.csv,8,40,10.0,0.15,3000,1177,1259,400,False,True,True,400,40,400,0.3333333333333333,0.21442687747035574,0.2561576354679803,244.788725823164,True,2,0.14747888734564185,0.004164398182183504,0.0019499361515045166,0.14136455301195383,0.0021068910136818886,0.15830966969951987,0.004457562230527401,0.3123548845760524
tier_10k,3000,1_1438042987127.36_20150728002307-00182-ip-10-236-191-2_150862475_5.csv,8,40,15.0,0.15,3000,1177,1259,600,False,True,True,600,40,600,0.3333333333333333,0.18623625399077687,0.15079365079365079,409.51582527160645,True,3,0.14747888734564185,0.004164398182183504,0.0019499361515045166,0.14136455301195383,0.0030541489832103252,0.2406493821181357,0.01646299008280039,0.40764740016311407
tier_10k,3000,1_1438042987127.36_20150728002307-00182-ip-10-236-191-2_150862475_5.csv,8,40,20.0,0.15,3000,1177,1259,800,False,True,True,800,40,800,0.3333333333333333,0.1478218306412139,0.15037593984962405,415.3699635863304,True,3,0.14747888734564185,0.004164398182183504,0.0019499361515045166,0.14136455301195383,0.003079417161643505,0.3274368578568101,0.010581987909972668,0.488579370547086
tier_10k,3000,1_1438042987127.36_20150728002307-00182-ip-10-236-191-2_150862475_5.csv,8,50,5.0,0.15,3000,1177,1259,250,False,True,True,250,50,250,0.3333333333333333,0.22798353909465022,0.2450592885375494,290.0858730971813,True,2,0.14747888734564185,0.004164398182183504,0.0019499361515045166,0.14136455301195383,0.0021271221339702606,0.10154096595942974,0.004425759427249432,0.25557464733719826
tier_10k,3000,1_1438042987127.36_20150728002307-00182-ip-10-236-191-2_150862475_5.csv,8,50,10.0,0.15,3000,1177,1259,500,False,True,True,500,50,500,0.3333333333333333,0.2009626955475331,0.20918367346938777,385.795921176672,True,3,0.14747888734564185,0.004164398182183504,0.0019499361515045166,0.14136455301195383,0.003041957039386034,0.19426101492717862,0.004988705273717642,0.3497724421322346
tier_10k,3000,1_1438042987127.36_20150728002307-00182-ip-10-236-191-2_150862475_5.csv,8,50,15.0,0.15,3000,1177,1259,750,False,True,True,750,50,750,0.3333333333333333,0.15732758620689655,0.15060240963855423,505.0408465266228,True,3,0.14747888734564185,0.004164398182183504,0.0019499361515045166,0.14136455301195383,0.0030120681039988995,0.3116806661710143,0.01124870777130127,0.47342264419421554
tier_10k,3000,1_1438042987127.36_20150728002307-00182-ip-10-236-191-2_150862475_5.csv,8,50,20.0,0.15,3000,1177,1259,1000,False,True,True,1000,50,1000,0.3333333333333333,0.10907599781301258,0.15028901734104047,505.19076949357986,True,3,0.14747888734564185,0.004164398182183504,0.0019499361515045166,0.14136455301195383,0.0032469527795910835,0.4409395381808281,0.06169496290385723,0.6533625605516136
tier_10k,3000,1_1438042987127.36_20150728002307-00015-ip-10-236-191-2_372255835_10.csv,2,10,5.0,0.15,3000,1,853,50,False,True,True,50,10,50,0.5,0.03773584905660377,0.15384615384615385,32.64471584558487,True,2,0.10283895628526807,0.004728175234049559,0.001530603040009737,0.09658017801120877,0.0013969512656331062,0.005013789050281048,0.0033773169852793217,0.11262999847531319
tier_10k,3000,1_1438042987127.36_20150728002307-00015-ip-10-236-191-2_372255835_10.csv,2,10,10.0,0.15,3000,1,853,100,False,True,True,100,10,100,0.5,0.019417475728155338,0.15384615384615385,33.65283781290054,True,2,0.10283895628526807,0.004728175234049559,0.001530603040009737,0.09658017801120877,0.0014484850689768791,0.00982854375615716,0.0033872448839247227,0.11750509543344378
tier_10k,3000,1_1438042987127.36_20150728002307-00015-ip-10-236-191-2_372255835_10.csv,2,10,15.0,0.15,3000,1,853,150,False,True,True,150,10,150,0.5,0.013071895424836602,0.15384615384615385,33.862302243709564,True,2,0.10283895628526807,0.004728175234049559,0.001530603040009737,0.09658017801120877,0.0013978490605950356,0.01438212301582098,0.0033697541803121567,0.12199074402451515
tier_10k,3000,1_1438042987127.36_20150728002307-00015-ip-10-236-191-2_372255835_10.csv,2,10,20.0,0.15,3000,1,853,200,False,True,True,200,10,200,0.5,0.009615384615384616,0.15384615384615385,34.26277530193329,True,2,0.10283895628526807,0.004728175234049559,0.001530603040009737,0.09658017801120877,0.001381521113216877,0.018723696935921907,0.0033375308848917484,0.12628335924819112
tier_10k,3000,1_1438042987127.36_20150728002307-00015-ip-10-236-191-2_372255835_10.csv,2,20,5.0,0.15,3000,1,853,100,False,False,False,100,0,100,0.5,0.019417475728155338,,,True,2,0.10283895628526807,0.004728175234049559,0.001530603040009737,0.09658017801120877,0.0013372800312936306,0.009451537858694792,0.0010391809046268463,0.11466847406700253
tier_10k,3000,1_1438042987127.36_20150728002307-00015-ip-10-236-191-2_372255835_10.csv,2,20,10.0,0.15,3000,1,853,200,False,False,False,200,0,200,0.5,0.009615384615384616,,,True,2,0.10283895628526807,0.004728175234049559,0.001530603040009737,0.09658017801120877,0.0013684709556400776,0.01849936693906784,0.0012901360169053078,0.1239985185675323
tier_10k,3000,1_1438042987127.36_20150728002307-00015-ip-10-236-191-2_372255835_10.csv,2,20,15.0,0.15,3000,1,853,300,False,False,False,300,0,300,0.5,0.00558659217877095,,,True,2,0.10283895628526807,0.004728175234049559,0.001530603040009737,0.09658017801120877,0.0014019287191331387,0.025741735938936472,0.0012105638161301613,0.13119482388719916
tier_10k,3000,1_1438042987127.36_20150728002307-00015-ip-10-236-191-2_372255835_10.csv,2,20,20.0,0.15,3000,1,853,400,False,False,False,400,0,400,0.5,0.003693444136657433,,,True,2,0.10283895628526807,0.004728175234049559,0.001530603040009737,0.09658017801120877,0.0014411583542823792,0.034044040367007256,0.001464724075049162,0.13979042554274201
tier_10k,3000,1_1438042987127.36_20150728002307-00015-ip-10-236-191-2_372255835_10.csv,2,30,5.0,0.15,3000,1,853,150,False,False,False,150,0,150,0.5,0.013071895424836602,,,True,2,0.10283895628526807,0.004728175234049559,0.001530603040009737,0.09658017801120877,0.0013377428986132145,0.014078517910093069,0.0011058570817112923,0.11936248792335391
tier_10k,3000,1_1438042987127.36_20150728002307-00015-ip-10-236-191-2_372255835_10.csv,2,30,10.0,0.15,3000,1,853,300,False,False,False,300,0,300,0.5,0.00558659217877095,,,True,2,0.10283895628526807,0.004728175234049559,0.001530603040009737,0.09658017801120877,0.0012634079903364182,0.02462190669029951,0.0015868800692260265,0.13031261041760445
tier_10k,3000,1_1438042987127.36_20150728002307-00015-ip-10-236-191-2_372255835_10.csv,2,30,15.0,0.15,3000,1,853,450,False,False,False,450,0,450,0.5,0.003117692907248636,,,True,2,0.10283895628526807,0.004728175234049559,0.001530603040009737,0.09658017801120877,0.0013094260357320309,0.03477710112929344,0.0016933013685047626,0.14062028750777245
tier_10k,3000,1_1438042987127.36_20150728002307-00015-ip-10-236-191-2_372255835_10.csv,2,30,20.0,0.15,3000,1,853,600,False,False,False,600,0,600,0.5,0.0019743336623889436,,,True,2,0.10283895628526807,0.004728175234049559,0.001530603040009737,0.09658017801120877,0.0013590897433459759,0.04897240875288844,0.0018864329904317856,0.15505839698016644
tier_10k,3000,1_1438042987127.36_20150728002307-00015-ip-10-236-191-2_372255835_10.csv,2,40,5.0,0.15,3000,1,853,200,False,False,False,200,0,200,0.5,0.009615384615384616,,,True,2,0.10283895628526807,0.004728175234049559,0.001530603040009737,0.09658017801120877,0.0012486041523516178,0.017135058995336294,0.00135740265250206,0.12258150614798069
tier_10k,3000,1_1438042987127.36_20150728002307-00015-ip-10-236-191-2_372255835_10.csv,2,40,10.0,0.15,3000,1,853,400,False,False,False,400,0,400,0.5,0.003693444136657433,,,True,2,0.10283895628526807,0.004728175234049559,0.001530603040009737,0.09658017801120877,0.001433372963219881,0.030402509029954672,0.0015731016173958778,0.13624954549595714
tier_10k,3000,1_1438042987127.36_20150728002307-00015-ip-10-236-191-2_372255835_10.csv,2,40,15.0,0.15,3000,1,853,600,False,False,False,600,0,600,0.5,0.0019743336623889436,,,True,2,0.10283895628526807,0.004728175234049559,0.001530603040009737,0.09658017801120877,0.0013529197312891483,0.04859663313254714,0.001801867038011551,0.15459195338189602
tier_10k,3000,1_1438042987127.36_20150728002307-00015-ip-10-236-191-2_372255835_10.csv,2,40,20.0,0.15,3000,1,853,800,False,False,False,800,0,800,0.5,0.0012961762799740765,,,True,2,0.10283895628526807,0.004728175234049559,0.001530603040009737,0.09658017801120877,0.0014172508381307125,0.06949816504493356,0.0022636312060058117,0.17601948324590921
tier_10k,3000,1_1438042987127.36_20150728002307-00015-ip-10-236-191-2_372255835_10.csv,2,50,5.0,0.15,3000,1,853,250,False,False,False,250,0,250,0.5,0.007067137809187279,,,True,2,0.10283895628526807,0.004728175234049559,0.001530603040009737,0.09658017801120877,0.0013161078095436096,0.020951495971530676,0.001449523027986288,0.12655783724039793
tier_10k,3000,1_1438042987127.36_20150728002307-00015-ip-10-236-191-2_372255835_10.csv,2,50,10.0,0.15,3000,1,853,500,False,False,False,500,0,500,0.5,0.002621231979030144,,,True,2,0.10283895628526807,0.004728175234049559,0.001530603040009737,0.09658017801120877,0.0014813998714089394,0.04088885383680463,0.0017983759753406048,0.1470093452371657
tier_10k,3000,1_1438042987127.36_20150728002307-00015-ip-10-236-191-2_372255835_10.csv,2,50,15.0,0.15,3000,1,853,750,False,False,False,750,0,750,0.5,0.001440922190201729,,,True,2,0.10283895628526807,0.004728175234049559,0.001530603040009737,0.09658017801120877,0.0015803570859134197,0.06630889931693673,0.0021652160212397575,0.1728951996192336
tier_10k,3000,1_1438042987127.36_20150728002307-00015-ip-10-236-191-2_372255835_10.csv,2,50,20.0,0.15,3000,1,853,1000,True,False,False,853,0,853,0.5,0.000999750062484379,,,False,0,0.10283895628526807,0.004728175234049559,0.001530603040009737,0.09658017801120877,5.104299634695053e-05,0.07454677298665047,0.0026763365603983402,0.1801147642545402
tier_10k,3000,0_1438042988458.74_20150728002308-00325-ip-10-236-191-2_265100376_0.csv,0,10,5.0,0.15,3000,1,1075,50,False,False,False,50,0,50,0.1111111111111111,0.017241379310344827,,,True,2,0.12471391726285219,0.005213756114244461,0.0016224272549152374,0.1178777338936925,0.001604630146175623,0.0022536921314895153,0.0018042176961898804,0.1303786551579833
tier_10k,3000,0_1438042988458.74_20150728002308-00325-ip-10-236-191-2_265100376_0.csv,0,10,10.0,0.15,3000,1,1075,100,False,False,False,100,0,100,0.1111111111111111,0.009259259259259259,,,True,2,0.12471391726285219,0.005213756114244461,0.0016224272549152374,0.1178777338936925,0.0017906869761645794,0.004526234231889248,0.0010349731892347336,0.1320673623122275
tier_10k,3000,0_1438042988458.74_20150728002308-00325-ip-10-236-191-2_265100376_0.csv,0,10,15.0,0.15,3000,1,1075,150,False,False,False,150,0,150,0.1111111111111111,0.006153846153846154,,,True,2,0.12471391726285219,0.005213756114244461,0.0016224272549152374,0.1178777338936925,0.0017119781114161015,0.006216207053512335,0.0008048065938055515,0.1334483763203025
tier_10k,3000,0_1438042988458.74_20150728002308-00325-ip-10-236-191-2_265100376_0.csv,0,10,20.0,0.15,3000,1,1075,200,False,False,False,200,0,200,0.1111111111111111,0.004210526315789474,,,True,2,0.12471391726285219,0.005213756114244461,0.0016224272549152374,0.1178777338936925,0.0015406832098960876,0.0077132852748036385,0.0012567602097988129,0.1352260010316968
tier_10k,3000,0_1438042988458.74_20150728002308-00325-ip-10-236-191-2_265100376_0.csv,0,20,5.0,0.15,3000,1,1075,100,False,False,False,100,0,100,0.1111111111111111,0.009259259259259259,,,True,2,0.12471391726285219,0.005213756114244461,0.0016224272549152374,0.1178777338936925,0.0015179659239947796,0.003943612799048424,0.0008000638335943222,0.13097701128572226
tier_10k,3000,0_1438042988458.74_20150728002308-00325-ip-10-236-191-2_265100376_0.csv,0,20,10.0,0.15,3000,1,1075,200,False,False,False,200,0,200,0.1111111111111111,0.004210526315789474,,,True,2,0.12471391726285219,0.005213756114244461,0.0016224272549152374,0.1178777338936925,0.0015487438067793846,0.00763905793428421,0.0011171214282512665,0.1350202332250774
tier_10k,3000,0_1438042988458.74_20150728002308-00325-ip-10-236-191-2_265100376_0.csv,0,20,15.0,0.15,3000,1,1075,300,False,False,False,300,0,300,0.1111111111111111,0.0025220680958385876,,,True,2,0.12471391726285219,0.005213756114244461,0.0016224272549152374,0.1178777338936925,0.0016813678666949272,0.011614665854722261,0.0014774776063859463,0.13948896015062928
tier_10k,3000,0_1438042988458.74_20150728002308-00325-ip-10-236-191-2_265100376_0.csv,0,20,20.0,0.15,3000,1,1075,400,False,False,False,400,0,400,0.1111111111111111,0.0016722408026755853,,,True,2,0.12471391726285219,0.005213756114244461,0.0016224272549152374,0.1178777338936925,0.001604895107448101,0.01495502283796668,0.0015919608995318413,0.14286748133599758
tier_10k,3000,0_1438042988458.74_20150728002308-00325-ip-10-236-191-2_265100376_0.csv,0,30,5.0,0.15,3000,1,1075,150,False,False,False,150,0,150,0.1111111111111111,0.006153846153846154,,,True,2,0.12471391726285219,0.005213756114244461,0.0016224272549152374,0.1178777338936925,0.0015432271175086498,0.005786477122455835,0.0009283269755542278,0.13297352008521557
tier_10k,3000,0_1438042988458.74_20150728002308-00325-ip-10-236-191-2_265100376_0.csv,0,30,10.0,0.15,3000,1,1075,300,False,False,False,300,0,300,0.1111111111111111,0.0025220680958385876,,,True,2,0.12471391726285219,0.005213756114244461,0.0016224272549152374,0.1178777338936925,0.0015726499259471893,0.011212976183742285,0.0014198468998074532,0.13892067270353436
tier_10k,3000,0_1438042988458.74_20150728002308-00325-ip-10-236-191-2_265100376_0.csv,0,30,15.0,0.15,3000,1,1075,450,False,False,False,450,0,450,0.1111111111111111,0.0013831258644536654,,,True,2,0.12471391726285219,0.005213756114244461,0.0016224272549152374,0.1178777338936925,0.001625141128897667,0.016941484063863754,0.001556270755827427,0.14483821857720613
tier_10k,3000,0_1438042988458.74_20150728002308-00325-ip-10-236-191-2_265100376_0.csv,0,30,20.0,0.15,3000,1,1075,600,False,False,False,600,0,600,0.1111111111111111,0.0008984725965858042,,,True,2,0.12471391726285219,0.005213756114244461,0.0016224272549152374,0.1178777338936925,0.001842011697590351,0.02268476691097021,0.0018860381096601486,0.15112827625125647
tier_10k,3000,0_1438042988458.74_20150728002308-00325-ip-10-236-191-2_265100376_0.csv,0,40,5.0,0.15,3000,1,1075,200,False,False,False,200,0,200,0.1111111111111111,0.004210526315789474,,,True,2,0.12471391726285219,0.005213756114244461,0.0016224272549152374,0.1178777338936925,0.0015611238777637482,0.00765606202185154,0.001310362946242094,0.13524293107911944
tier_10k,3000,0_1438042988458.74_20150728002308-00325-ip-10-236-191-2_265100376_0.csv,0,40,10.0,0.15,3000,1,1075,400,False,False,False,400,0,400,0.1111111111111111,0.0016722408026755853,,,True,2,0.12471391726285219,0.005213756114244461,0.0016224272549152374,0.1178777338936925,0.0016137901693582535,0.014906316995620728,0.0016155499033629894,0.14285105699673295
tier_10k,3000,0_1438042988458.74_20150728002308-00325-ip-10-236-191-2_265100376_0.csv,0,40,15.0,0.15,3000,1,1075,600,False,False,False,600,0,600,0.1111111111111111,0.0008984725965858042,,,True,2,0.12471391726285219,0.005213756114244461,0.0016224272549152374,0.1178777338936925,0.0018461979925632477,0.022636419627815485,0.0020518130622804165,0.15124988229945302
tier_10k,3000,0_1438042988458.74_20150728002308-00325-ip-10-236-191-2_265100376_0.csv,0,40,20.0,0.15,3000,1,1075,800,False,False,False,800,0,800,0.1111111111111111,0.0005611672278338945,,,True,2,0.12471391726285219,0.005213756114244461,0.0016224272549152374,0.1178777338936925,0.0019272780045866966,0.028995873872190714,0.0022025168873369694,0.15784116927534342
tier_10k,3000,0_1438042988458.74_20150728002308-00325-ip-10-236-191-2_265100376_0.csv,0,50,5.0,0.15,3000,1,1075,250,False,False,False,250,0,250,0.1111111111111111,0.0032,,,True,2,0.12471391726285219,0.005213756114244461,0.0016224272549152374,0.1178777338936925,0.0017221667803823948,0.009520679712295532,0.0012764274142682552,0.1372348410077393
tier_10k,3000,0_1438042988458.74_20150728002308-00325-ip-10-236-191-2_265100376_0.csv,0,50,10.0,0.15,3000,1,1075,500,False,False,False,500,0,500,0.1111111111111111,0.0011792452830188679,,,True,2,0.12471391726285219,0.005213756114244461,0.0016224272549152374,0.1178777338936925,0.0016384539194405079,0.018216432072222233,0.0016807741485536098,0.14625105122104287
tier_10k,3000,0_1438042988458.74_20150728002308-00325-ip-10-236-191-2_265100376_0.csv,0,50,15.0,0.15,3000,1,1075,750,False,False,False,750,0,750,0.1111111111111111,0.0006287331027978623,,,True,2,0.12471391726285219,0.005213756114244461,0.0016224272549152374,0.1178777338936925,0.0017199739813804626,0.028075515292584896,0.002120465040206909,0.15663129836320877
tier_10k,3000,0_1438042988458.74_20150728002308-00325-ip-10-236-191-2_265100376_0.csv,0,50,20.0,0.15,3000,1,1075,1000,False,False,False,1000,0,1000,0.1111111111111111,0.0003427004797806717,,,True,2,0.12471391726285219,0.005213756114244461,0.0016224272549152374,0.1178777338936925,0.0018273158930242062,0.03527750913053751,0.0026729311794042587,0.16449325531721115
tier_10k,3000,1_1438042987127.36_20150728002307-00000-ip-10-236-191-2_300770320_2.csv,0,10,5.0,0.15,3000,6784,3358,50,False,True,True,50,10,50,0.11538461538461539,0.9830966869506423,0.8685714285714285,34.04046767950058,True,2,0.39660781202837825,0.008137380238622427,0.004565022885799408,0.3839054089039564,0.005131972022354603,0.008897092659026384,0.004617288243025541,0.41525700502097607
tier_10k,3000,1_1438042987127.36_20150728002307-00000-ip-10-236-191-2_300770320_2.csv,0,10,10.0,0.15,3000,6784,3358,100,False,True,True,100,10,100,0.11538461538461539,0.9854312354312355,0.8496732026143791,34.3203130364418,True,2,0.39660781202837825,0.008137380238622427,0.004565022885799408,0.3839054089039564,0.005439467262476683,0.0167653183452785,0.0037289359606802464,0.42254336923360825
tier_10k,3000,1_1438042987127.36_20150728002307-00000-ip-10-236-191-2_300770320_2.csv,0,10,15.0,0.15,3000,6784,3358,150,False,True,True,150,10,150,0.11538461538461539,0.9866023579849946,0.8357142857142857,34.429691553115845,True,2,0.39660781202837825,0.008137380238622427,0.004565022885799408,0.3839054089039564,0.005525466986000538,0.02474525524303317,0.003491921816021204,0.43037228798493743
tier_10k,3000,1_1438042987127.36_20150728002307-00000-ip-10-236-191-2_300770320_2.csv,0,10,20.0,0.15,3000,6784,3358,200,False,True,True,200,10,200,0.11538461538461539,0.9873289406994424,0.8174603174603174,34.44478452205658,True,2,0.39660781202837825,0.008137380238622427,0.004565022885799408,0.3839054089039564,0.0053812251426279545,0.0327695170417428,0.004123601131141186,0.43888397840783
tier_10k,3000,1_1438042987127.36_20150728002307-00000-ip-10-236-191-2_300770320_2.csv,0,20,5.0,0.15,3000,6784,3358,100,False,True,True,100,20,100,0.11538461538461539,0.9854312354312355,0.9327485380116959,66.98610097169876,True,2,0.39660781202837825,0.008137380238622427,0.004565022885799408,0.3839054089039564,0.005539176985621452,0.016680883709341288,0.003548108972609043,0.4223776739090681
tier_10k,3000,1_1438042987127.36_20150728002307-00000-ip-10-236-191-2_300770320_2.csv,0,20,10.0,0.15,3000,6784,3358,200,False,True,True,200,20,200,0.11538461538461539,0.9873289406994424,0.9057377049180327,67.61628234386444,True,2,0.39660781202837825,0.008137380238622427,0.004565022885799408,0.3839054089039564,0.00551240099593997,0.032919006422162056,0.0037787798792123795,0.4388198363594711
tier_10k,3000,1_1438042987127.36_20150728002307-00000-ip-10-236-191-2_300770320_2.csv,0,20,15.0,0.15,3000,6784,3358,300,False,True,True,300,20,300,0.11538461538461539,0.9858803986710963,0.9036144578313253,67.94869410991669,True,2,0.39660781202837825,0.008137380238622427,0.004565022885799408,0.3839054089039564,0.005570972803980112,0.04960088897496462,0.004442072007805109,0.45622354792430997
tier_10k,3000,1_1438042987127.36_20150728002307-00000-ip-10-236-191-2_300770320_2.csv,0,20,20.0,0.15,3000,6784,3358,400,False,True,True,400,20,400,0.11538461538461539,0.956496178718401,0.9083665338645418,70.2737627029419,True,3,0.39660781202837825,0.008137380238622427,0.004565022885799408,0.3839054089039564,0.007095805834978819,0.06374949309974909,0.004965287167578936,0.4724201890639961
tier_10k,3000,1_1438042987127.36_20150728002307-00000-ip-10-236-191-2_300770320_2.csv,0,30,5.0,0.15,3000,6784,3358,150,False,True,True,150,30,150,0.11538461538461539,0.9866023579849946,0.9452380952380952,98.97084659337997,True,2,0.39660781202837825,0.008137380238622427,0.004565022885799408,0.3839054089039564,0.005565253086388111,0.024596861097961664,0.003654025960713625,0.43043130123987794
tier_10k,3000,1_1438042987127.36_20150728002307-00000-ip-10-236-191-2_300770320_2.csv,0,30,10.0,0.15,3000,6784,3358,300,False,True,True,300,30,300,0.11538461538461539,0.9858803986710963,0.9429223744292238,100.06196910142899,True,2,0.39660781202837825,0.008137380238622427,0.004565022885799408,0.3839054089039564,0.005556457210332155,0.05003799684345722,0.004420567769557238,0.4566245428286493
tier_10k,3000,1_1438042987127.36_20150728002307-00000-ip-10-236-191-2_300770320_2.csv,0,30,15.0,0.15,3000,6784,3358,450,False,True,True,450,30,450,0.11538461538461539,0.9447236180904522,0.9212218649517685,103.96744060516357,True,3,0.39660781202837825,0.008137380238622427,0.004565022885799408,0.3839054089039564,0.007596886251121759,0.07252370100468397,0.005052743013948202,0.4817829681560397
tier_10k,3000,1_1438042987127.36_20150728002307-00000-ip-10-236-191-2_300770320_2.csv,0,30,20.0,0.15,3000,6784,3358,600,False,True,True,600,30,600,0.11538461538461539,0.9135260115606937,0.9215384615384615,103.98767185211182,True,3,0.39660781202837825,0.008137380238622427,0.004565022885799408,0.3839054089039564,0.007632903754711151,0.0960828447714448,0.006241497118026018,0.5065668136812747
tier_10k,3000,1_1438042987127.36_20150728002307-00000-ip-10-236-191-2_300770320_2.csv,0,40,5.0,0.15,3000,6784,3358,200,False,True,True,200,40,200,0.11538461538461539,0.9873289406994424,0.9504310344827587,129.7887145280838,True,2,0.39660781202837825,0.008137380238622427,0.004565022885799408,0.3839054089039564,0.0057236007414758205,0.032866490073502064,0.004243373870849609,0.43944321665912867
tier_10k,3000,1_1438042987127.36_20150728002307-00000-ip-10-236-191-2_300770320_2.csv,0,40,10.0,0.15,3000,6784,3358,400,False,True,True,400,40,400,0.11538461538461539,0.956496178718401,0.9337748344370861,136.89559817314148,True,3,0.39660781202837825,0.008137380238622427,0.004565022885799408,0.3839054089039564,0.007483703084290028,0.06659912271425128,0.005598080810159445,0.4762907288968563
tier_10k,3000,1_1438042987127.36_20150728002307-00000-ip-10-236-191-2_300770320_2.csv,0,40,15.0,0.15,3000,6784,3358,600,False,True,True,600,40,600,0.11538461538461539,0.9135260115606937,0.927400468384075,137.20071506500244,True,3,0.39660781202837825,0.008137380238622427,0.004565022885799408,0.3839054089039564,0.00821846118196845,0.09684429503977299,0.006666011177003384,0.5083388602361083
tier_10k,3000,1_1438042987127.36_20150728002307-00000-ip-10-236-191-2_300770320_2.csv,0,40,20.0,0.15,3000,6784,3358,800,False,True,True,800,40,800,0.11538461538461539,0.8698468786808009,0.905160390516039,138.25332081317902,True,4,0.39660781202837825,0.008137380238622427,0.004565022885799408,0.3839054089039564,0.009853089228272438,0.1320645078085363,0.007548808585852385,0.5460760961286724
tier_10k,3000,1_1438042987127.36_20150728002307-00000-ip-10-236-191-2_300770320_2.csv,0,50,5.0,0.15,3000,6784,3358,250,False,True,True,250,50,250,0.11538461538461539,0.9879401833092137,0.9529652351738241,160.98637557029724,True,2,0.39660781202837825,0.008137380238622427,0.004565022885799408,0.3839054089039564,0.005900286138057709,0.041927610989660025,0.0043875351548194885,0.4488251060247421
tier_10k,3000,1_1438042987127.36_20150728002307-00000-ip-10-236-191-2_300770320_2.csv,0,50,10.0,0.15,3000,6784,3358,500,False,True,True,500,50,500,0.11538461538461539,0.9336785009861933,0.9406528189910979,168.92611247301102,True,4,0.39660781202837825,0.008137380238622427,0.004565022885799408,0.3839054089039564,0.009488870855420828,0.08204534882679582,0.005772228818386793,0.49391608871519566
tier_10k,3000,1_1438042987127.36_20150728002307-00000-ip-10-236-191-2_300770320_2.csv,0,50,15.0,0.15,3000,6784,3358,750,False,True,True,750,50,750,0.11538461538461539,0.8841778697001034,0.9140969162995595,170.64789950847626,True,3,0.39660781202837825,0.008137380238622427,0.004565022885799408,0.3839054089039564,0.007790829055011272,0.12635832419618964,0.007260233163833618,0.5380189581774175
tier_10k,3000,1_1438042987127.36_20150728002307-00000-ip-10-236-191-2_300770320_2.csv,0,50,20.0,0.15,3000,6784,3358,1000,False,True,True,1000,50,1000,0.11538461538461539,0.8161753356999537,0.8724973656480506,173.62470942735672,True,3,0.39660781202837825,0.008137380238622427,0.004565022885799408,0.3839054089039564,0.007914493791759014,0.16982991574332118,0.009204278234392405,0.583558791782707
tier_10k,3000,0_1438042988061.16_20150728002308-00164-ip-10-236-191-2_873456340_3.csv,0,10,5.0,0.15,3000,4295,3435,50,False,True,True,50,10,50,0.8,0.9981412639405205,0.9886363636363636,15.148343682289124,True,1,0.42076362762600183,0.01581973023712635,0.004050031770020723,0.40089386561885476,0.0038512679748237133,0.003526353742927313,0.003941275179386139,0.4320847117342055
tier_10k,3000,0_1438042988061.16_20150728002308-00164-ip-10-236-191-2_873456340_3.csv,0,10,10.0,0.15,3000,4295,3435,100,False,True,True,100,10,100,0.8,0.9955898566703418,0.9803921568627451,15.434350848197937,True,2,0.42076362762600183,0.01581973023712635,0.004050031770020723,0.40089386561885476,0.006209239829331636,0.007050217594951391,0.003626822028309107,0.4376516956835985
tier_10k,3000,0_1438042988061.16_20150728002308-00164-ip-10-236-191-2_873456340_3.csv,0,10,15.0,0.15,3000,4295,3435,150,False,True,True,150,10,150,0.8,0.950316169828365,0.8666666666666667,16.612890481948853,True,3,0.42076362762600183,0.01581973023712635,0.004050031770020723,0.40089386561885476,0.007749159820377827,0.009976773988455534,0.0038371742703020573,0.44232851872220635
tier_10k,3000,0_1438042988061.16_20150728002308-00164-ip-10-236-191-2_873456340_3.csv,0,10,20.0,0.15,3000,4295,3435,200,False,True,True,200,10,200,0.8,0.9143708116157856,0.8846153846153846,16.838527381420135,True,4,0.42076362762600183,0.01581973023712635,0.004050031770020723,0.40089386561885476,0.009669938124716282,0.013594846706837416,0.004340917803347111,0.44837094750255346
tier_10k,3000,0_1438042988061.16_20150728002308-00164-ip-10-236-191-2_873456340_3.csv,0,20,5.0,0.15,3000,4295,3435,100,False,True,True,100,20,100,0.8,0.9955898566703418,0.9826086956521739,30.018183648586273,True,2,0.42076362762600183,0.01581973023712635,0.004050031770020723,0.40089386561885476,0.006092768162488937,0.006771884858608246,0.003520600963383913,0.4371505593881011
tier_10k,3000,0_1438042988061.16_20150728002308-00164-ip-10-236-191-2_873456340_3.csv,0,20,10.0,0.15,3000,4295,3435,200,False,True,True,200,20,200,0.8,0.9143708116157856,0.8598130841121495,31.977170169353485,True,4,0.42076362762600183,0.01581973023712635,0.004050031770020723,0.40089386561885476,0.009580630343407393,0.012681208085268736,0.004130358807742596,0.44715749053284526
tier_10k,3000,0_1438042988061.16_20150728002308-00164-ip-10-236-191-2_873456340_3.csv,0,20,15.0,0.15,3000,4295,3435,300,False,True,True,300,20,300,0.8,0.8617221873035826,0.8476190476190476,32.22560155391693,True,4,0.42076362762600183,0.01581973023712635,0.004050031770020723,0.40089386561885476,0.009829645045101643,0.020015110727399588,0.0055068619549274445,0.45611723233014345
tier_10k,3000,0_1438042988061.16_20150728002308-00164-ip-10-236-191-2_873456340_3.csv,0,20,20.0,0.15,3000,4295,3435,400,False,True,True,400,20,400,0.8,0.80414644905161,0.8,32.28312873840332,True,4,0.42076362762600183,0.01581973023712635,0.004050031770020723,0.40089386561885476,0.00987329799681902,0.026417796034365892,0.0064839147962629795,0.4635410285554826
tier_10k,3000,0_1438042988061.16_20150728002308-00164-ip-10-236-191-2_873456340_3.csv,0,30,5.0,0.15,3000,4295,3435,150,False,True,True,150,30,150,0.8,0.950316169828365,0.9144736842105263,46.10809928178787,True,3,0.42076362762600183,0.01581973023712635,0.004050031770020723,0.40089386561885476,0.008143334183841944,0.009649660903960466,0.0042886678129434586,0.4428471247665584
tier_10k,3000,0_1438042988061.16_20150728002308-00164-ip-10-236-191-2_873456340_3.csv,0,30,10.0,0.15,3000,4295,3435,300,False,True,True,300,30,300,0.8,0.8617221873035826,0.8062015503875969,47.22929811477661,True,4,0.42076362762600183,0.01581973023712635,0.004050031770020723,0.40089386561885476,0.010038246400654316,0.01951031805947423,0.0052414387464523315,0.45555551163852215
tier_10k,3000,0_1438042988061.16_20150728002308-00164-ip-10-236-191-2_873456340_3.csv,0,30,15.0,0.15,3000,4295,3435,450,False,True,True,450,30,450,0.8,0.77573385518591,0.717391304347826,47.90478831529617,True,3,0.42076362762600183,0.01581973023712635,0.004050031770020723,0.40089386561885476,0.008367261849343777,0.02852971898391843,0.006999879144132137,0.4646625304594636
tier_10k,3000,0_1438042988061.16_20150728002308-00164-ip-10-236-191-2_873456340_3.csv,0,30,20.0,0.15,3000,4295,3435,600,False,True,True,600,30,600,0.8,0.7040726633460299,0.5,50.613512337207794,True,4,0.42076362762600183,0.01581973023712635,0.004050031770020723,0.40089386561885476,0.009937228634953499,0.035468436777591705,0.006413096096366644,0.4725841525942087
tier_10k,3000,0_1438042988061.16_20150728002308-00164-ip-10-236-191-2_873456340_3.csv,0,40,5.0,0.15,3000,4295,3435,200,False,True,True,200,40,200,0.8,0.9143708116157856,0.875,61.17279613018036,True,4,0.42076362762600183,0.01581973023712635,0.004050031770020723,0.40089386561885476,0.009697533212602139,0.012685994151979685,0.004413937218487263,0.44756281236186624
tier_10k,3000,0_1438042988061.16_20150728002308-00164-ip-10-236-191-2_873456340_3.csv,0,40,10.0,0.15,3000,4295,3435,400,False,True,True,400,40,400,0.8,0.80414644905161,0.740506329113924,62.286602318286896,True,4,0.42076362762600183,0.01581973023712635,0.004050031770020723,0.40089386561885476,0.010064889211207628,0.025320447050035,0.006203251425176859,0.4623540402390063
tier_10k,3000,0_1438042988061.16_20150728002308-00164-ip-10-236-191-2_873456340_3.csv,0,40,15.0,0.15,3000,4295,3435,600,False,True,True,600,40,600,0.8,0.7040726633460299,0.4253731343283582,66.80634438991547,True,4,0.42076362762600183,0.01581973023712635,0.004050031770020723,0.40089386561885476,0.009733575861901045,0.034684209153056145,0.0061587439849972725,0.47134192753583193
tier_10k,3000,0_1438042988061.16_20150728002308-00164-ip-10-236-191-2_873456340_3.csv,0,40,20.0,0.15,3000,4295,3435,800,False,True,True,800,40,800,0.8,0.633679354094579,0.23469387755102042,67.82754784822464,True,3,0.42076362762600183,0.01581973023712635,0.004050031770020723,0.40089386561885476,0.00819291127845645,0.04482373083010316,0.007709840778261423,0.4814919177442789
tier_10k,3000,0_1438042988061.16_20150728002308-00164-ip-10-236-191-2_873456340_3.csv,0,50,5.0,0.15,3000,4295,3435,250,False,True,True,250,50,250,0.8,0.8860418071476737,0.851528384279476,76.1119242310524,True,4,0.42076362762600183,0.01581973023712635,0.004050031770020723,0.40089386561885476,0.009590068832039833,0.016210701316595078,0.004753911402076483,0.451319997664541
tier_10k,3000,0_1438042988061.16_20150728002308-00164-ip-10-236-191-2_873456340_3.csv,0,50,10.0,0.15,3000,4295,3435,500,False,True,True,500,50,500,0.8,0.7509130752373996,0.6510416666666666,78.54508924484253,True,4,0.42076362762600183,0.01581973023712635,0.004050031770020723,0.40089386561885476,0.010145187377929688,0.031189704779535532,0.007939992938190699,0.47004046477377415
tier_10k,3000,0_1438042988061.16_20150728002308-00164-ip-10-236-191-2_873456340_3.csv,0,50,15.0,0.15,3000,4295,3435,750,False,True,True,750,50,750,0.8,0.6491664593182384,0.37012987012987014,84.13246542215347,True,3,0.42076362762600183,0.01581973023712635,0.004050031770020723,0.40089386561885476,0.007871046662330627,0.04261217825114727,0.006715158931910992,0.47796387504786253
tier_10k,3000,0_1438042988061.16_20150728002308-00164-ip-10-236-191-2_873456340_3.csv,0,50,20.0,0.15,3000,4295,3435,1000,False,True,True,1000,50,1000,0.8,0.5747085201793722,0.36875,84.4407816529274,True,4,0.42076362762600183,0.01581973023712635,0.004050031770020723,0.40089386561885476,0.010165669023990631,0.056493005715310574,0.008607208728790283,0.49603139143437147
tier_10k,3000,0_1438042988458.74_20150728002308-00046-ip-10-236-191-2_688841822_2.csv,2,10,5.0,0.15,3000,1,734,50,False,True,True,50,10,50,0.7450980392156863,0.38,0.6333333333333333,39.74888116121292,True,2,0.09416670864447951,0.008451794739812613,0.001378276851028204,0.0843366370536387,0.0010240082629024982,0.005276013165712357,0.0036902138963341713,0.10415913304314017
tier_10k,3000,0_1438042988458.74_20150728002308-00046-ip-10-236-191-2_688841822_2.csv,2,10,10.0,0.15,3000,1,734,100,False,True,True,100,10,100,0.7450980392156863,0.2331288343558282,0.6178861788617886,40.355354964733124,True,2,0.09416670864447951,0.008451794739812613,0.001378276851028204,0.0843366370536387,0.0011562658473849297,0.01114086015149951,0.0037577319890260696,0.11022341484203935
tier_10k,3000,0_1438042988458.74_20150728002308-00046-ip-10-236-191-2_688841822_2.csv,2,10,15.0,0.15,3000,1,734,150,False,True,True,150,10,150,0.7450980392156863,0.15932914046121593,0.6031746031746031,40.751938343048096,True,2,0.09416670864447951,0.008451794739812613,0.001378276851028204,0.0843366370536387,0.0011382424272596836,0.01571194501593709,0.004091040696948767,0.11510962946340442
tier_10k,3000,0_1438042988458.74_20150728002308-00046-ip-10-236-191-2_688841822_2.csv,2,10,20.0,0.15,3000,1,734,200,False,True,True,200,10,200,0.7450980392156863,0.11225997045790251,0.59375,40.896571934223175,True,2,0.09416670864447951,0.008451794739812613,0.001378276851028204,0.0843366370536387,0.0011430387385189533,0.021772135980427265,0.004022577777504921,0.1211060886271298
tier_10k,3000,0_1438042988458.74_20150728002308-00046-ip-10-236-191-2_688841822_2.csv,2,20,5.0,0.15,3000,1,734,100,False,True,True,100,20,100,0.7450980392156863,0.2331288343558282,0.5314685314685315,78.0071548819542,True,2,0.09416670864447951,0.008451794739812613,0.001378276851028204,0.0843366370536387,0.001114850863814354,0.011150442995131016,0.004042717162519693,0.1104763806797564
tier_10k,3000,0_1438042988458.74_20150728002308-00046-ip-10-236-191-2_688841822_2.csv,2,20,10.0,0.15,3000,1,734,200,False,True,True,200,20,200,0.7450980392156863,0.11225997045790251,0.4810126582278481,79.26562184095383,True,2,0.09416670864447951,0.008451794739812613,0.001378276851028204,0.0843366370536387,0.0011523440480232239,0.020136498846113682,0.004133902955800295,0.11959116160869598
tier_10k,3000,0_1438042988458.74_20150728002308-00046-ip-10-236-191-2_688841822_2.csv,2,20,15.0,0.15,3000,1,734,300,False,True,True,300,20,300,0.7450980392156863,0.06495726495726496,0.4470588235294118,80.38337504863739,True,2,0.09416670864447951,0.008451794739812613,0.001378276851028204,0.0843366370536387,0.0011942023411393166,0.03278655605390668,0.004928097128868103,0.13307756651192904
tier_10k,3000,0_1438042988458.74_20150728002308-00046-ip-10-236-191-2_688841822_2.csv,2,20,20.0,0.15,3000,1,734,400,False,True,True,400,20,400,0.7450980392156863,0.043304843304843306,0.4222222222222222,81.27244567871094,True,2,0.09416670864447951,0.008451794739812613,0.001378276851028204,0.0843366370536387,0.0012885192409157753,0.03899094229564071,0.005469945725053549,0.1399179995059967
tier_10k,3000,0_1438042988458.74_20150728002308-00046-ip-10-236-191-2_688841822_2.csv,2,30,5.0,0.15,3000,1,734,150,False,True,True,150,30,150,0.7450980392156863,0.15932914046121593,0.4444444444444444,116.12839025259018,True,2,0.09416670864447951,0.008451794739812613,0.001378276851028204,0.0843366370536387,0.0012043369933962822,0.01568476390093565,0.00391793018206954,0.11497558373957872
tier_10k,3000,0_1438042988458.74_20150728002308-00046-ip-10-236-191-2_688841822_2.csv,2,30,10.0,0.15,3000,1,734,300,False,True,True,300,30,300,0.7450980392156863,0.06495726495726496,0.3671497584541063,118.51131689548492,True,2,0.09416670864447951,0.008451794739812613,0.001378276851028204,0.0843366370536387,0.00123643409460783,0.02977479202672839,0.004608063027262688,0.1297877705655992
tier_10k,3000,0_1438042988458.74_20150728002308-00046-ip-10-236-191-2_688841822_2.csv,2,30,15.0,0.15,3000,1,734,450,False,True,True,450,30,450,0.7450980392156863,0.03608736942070275,0.3438914027149321,120.01964324712753,True,2,0.09416670864447951,0.008451794739812613,0.001378276851028204,0.0843366370536387,0.0012498460710048676,0.042970381677150726,0.005282550118863583,0.14367130771279335
tier_10k,3000,0_1438042988458.74_20150728002308-00046-ip-10-236-191-2_688841822_2.csv,2,30,20.0,0.15,3000,1,734,600,False,True,True,600,30,600,0.7450980392156863,0.01981230448383733,0.30039525691699603,120.39717036485672,True,2,0.09416670864447951,0.008451794739812613,0.001378276851028204,0.0843366370536387,0.0013069738633930683,0.05649393191561103,0.005615325178951025,0.1575846648775041
tier_10k,3000,0_1438042988458.74_20150728002308-00046-ip-10-236-191-2_688841822_2.csv,2,40,5.0,0.15,3000,1,734,200,False,True,True,200,40,200,0.7450980392156863,0.11225997045790251,0.3671497584541063,154.30039590597153,True,2,0.09416670864447951,0.008451794739812613,0.001378276851028204,0.0843366370536387,0.001169854775071144,0.020100493915379047,0.004066738300025463,0.11950567457824945
tier_10k,3000,0_1438042988458.74_20150728002308-00046-ip-10-236-191-2_688841822_2.csv,2,40,10.0,0.15,3000,1,734,400,False,True,True,400,40,400,0.7450980392156863,0.043304843304843306,0.296875,157.72507065534592,True,2,0.09416670864447951,0.008451794739812613,0.001378276851028204,0.0843366370536387,0.0012112408876419067,0.03837304189801216,0.004704257007688284,0.13845711573958397
tier_10k,3000,0_1438042988458.74_20150728002308-00046-ip-10-236-191-2_688841822_2.csv,2,40,15.0,0.15,3000,1,734,600,False,True,True,600,40,600,0.7450980392156863,0.01981230448383733,0.23974763406940064,158.62103521823883,True,2,0.09416670864447951,0.008451794739812613,0.001378276851028204,0.0843366370536387,0.0012950850650668144,0.05724845873191953,0.005420653615146875,0.15813278453424573
tier_10k,3000,0_1438042988458.74_20150728002308-00046-ip-10-236-191-2_688841822_2.csv,2,40,20.0,0.15,3000,1,734,800,True,True,True,734,40,734,0.7450980392156863,0.005935181569699337,0.1630901287553648,159.18134927749634,False,0,0.09416670864447951,0.008451794739812613,0.001378276851028204,0.0843366370536387,4.2764004319906235e-05,0.07089846301823854,0.007638039067387581,0.17274766229093075
tier_10k,3000,0_1438042988458.74_20150728002308-00046-ip-10-236-191-2_688841822_2.csv,2,50,5.0,0.15,3000,1,734,250,False,True,True,250,50,250,0.7450980392156863,0.08260869565217391,0.30039525691699603,192.5755422115326,True,2,0.09416670864447951,0.008451794739812613,0.001378276851028204,0.0843366370536387,0.0012310417369008064,0.024651676882058382,0.0042926715686917305,0.12434374773874879
tier_10k,3000,0_1438042988458.74_20150728002308-00046-ip-10-236-191-2_688841822_2.csv,2,50,10.0,0.15,3000,1,734,500,False,True,True,500,50,500,0.7450980392156863,0.02989771833202203,0.2375,196.13399571180344,True,2,0.09416670864447951,0.008451794739812613,0.001378276851028204,0.0843366370536387,0.0012797759845852852,0.047466454561799765,0.005524910055100918,0.14843965554609895
tier_10k,3000,0_1438042988458.74_20150728002308-00046-ip-10-236-191-2_688841822_2.csv,2,50,15.0,0.15,3000,1,734,750,True,True,True,734,50,734,0.7450980392156863,0.005935181569699337,0.152,197.28475189208984,False,0,0.09416670864447951,0.008451794739812613,0.001378276851028204,0.0843366370536387,4.410557448863983e-05,0.07028275588527322,0.0077145518735051155,0.1722099306061864
tier_10k,3000,0_1438042988458.74_20150728002308-00046-ip-10-236-191-2_688841822_2.csv,2,50,20.0,0.15,3000,1,734,1000,True,True,True,734,50,734,0.7450980392156863,0.005935181569699337,0.152,197.28475189208984,False,0,0.09416670864447951,0.008451794739812613,0.001378276851028204,0.0843366370536387,4.328787326812744e-05,0.06935647781938314,0.007321162614971399,0.17088942043483257
tier_10k,3000,1_1438042990112.50_20150728002310-00103-ip-10-236-191-2_381157664_0.csv,3,10,5.0,0.15,3000,4076,2019,50,False,True,True,50,10,50,0.47058823529411764,0.9932840832773674,0.9771689497716894,20.053731739521027,True,2,0.23769439663738012,0.009410023223608732,0.0030276188626885414,0.22525675455108285,0.0027617220766842365,0.008002466056495905,0.003791690804064274,0.25225254986435175
tier_10k,3000,1_1438042990112.50_20150728002310-00103-ip-10-236-191-2_381157664_0.csv,3,10,10.0,0.15,3000,4076,2019,100,False,True,True,100,10,100,0.47058823529411764,0.9946172248803827,0.9291338582677166,20.5986967086792,True,1,0.23769439663738012,0.009410023223608732,0.0030276188626885414,0.22525675455108285,0.0022250539623200893,0.012712881900370121,0.003844453953206539,0.25647857086732984
tier_10k,3000,1_1438042990112.50_20150728002310-00103-ip-10-236-191-2_381157664_0.csv,3,10,15.0,0.15,3000,4076,2019,150,False,True,True,150,10,150,0.47058823529411764,0.9952025586353944,0.9052631578947369,21.41563445329666,True,1,0.23769439663738012,0.009410023223608732,0.0030276188626885414,0.22525675455108285,0.0019924622029066086,0.020579246804118156,0.003776028286665678,0.26404399145394564
tier_10k,3000,1_1438042990112.50_20150728002310-00103-ip-10-236-191-2_381157664_0.csv,3,10,20.0,0.15,3000,4076,2019,200,False,True,True,200,10,200,0.47058823529411764,0.9954932398597897,0.9052631578947369,21.465133249759674,True,1,0.23769439663738012,0.009410023223608732,0.0030276188626885414,0.22525675455108285,0.002205856144428253,0.02560185408219695,0.003919566050171852,0.2694233926013112
tier_10k,3000,1_1438042990112.50_20150728002310-00103-ip-10-236-191-2_381157664_0.csv,3,20,5.0,0.15,3000,4076,2019,100,False,True,True,100,20,100,0.47058823529411764,0.9946172248803827,0.9743589743589743,39.33986854553223,True,1,0.23769439663738012,0.009410023223608732,0.0030276188626885414,0.22525675455108285,0.0019711139611899853,0.01263616792857647,0.0038797701708972454,0.2561829858459532
tier_10k,3000,1_1438042990112.50_20150728002310-00103-ip-10-236-191-2_381157664_0.csv,3,20,10.0,0.15,3000,4076,2019,200,False,True,True,200,20,200,0.47058823529411764,0.9954932398597897,0.9461077844311377,41.579185992479324,True,1,0.23769439663738012,0.009410023223608732,0.0030276188626885414,0.22525675455108285,0.001994600985199213,0.02510516718029976,0.004042394459247589,0.2688383376225829
tier_10k,3000,1_1438042990112.50_20150728002310-00103-ip-10-236-191-2_381157664_0.csv,3,20,15.0,0.15,3000,4076,2019,300,False,True,True,300,20,300,0.47058823529411764,0.9873887240356083,0.9782062028499581,45.208562672138214,True,2,0.23769439663738012,0.009410023223608732,0.0030276188626885414,0.22525675455108285,0.0032298071309924126,0.03909845417365432,0.0049903239123523235,0.2850148784928024
tier_10k,3000,1_1438042990112.50_20150728002310-00103-ip-10-236-191-2_381157664_0.csv,3,20,20.0,0.15,3000,4076,2019,400,False,True,True,400,20,400,0.47058823529411764,0.9656036446469248,0.9735294117647059,45.657190561294556,True,4,0.23769439663738012,0.009410023223608732,0.0030276188626885414,0.22525675455108285,0.005282570142298937,0.0502422209829092,0.00599908921867609,0.29922011541202664
tier_10k,3000,1_1438042990112.50_20150728002310-00103-ip-10-236-191-2_381157664_0.csv,3,30,5.0,0.15,3000,4076,2019,150,False,True,True,150,30,150,0.47058823529411764,0.9952025586353944,0.9714285714285714,60.86825555562973,True,1,0.23769439663738012,0.009410023223608732,0.0030276188626885414,0.22525675455108285,0.00216140178963542,0.019510444719344378,0.004029835108667612,0.26339783798903227
tier_10k,3000,1_1438042990112.50_20150728002310-00103-ip-10-236-191-2_381157664_0.csv,3,30,10.0,0.15,3000,4076,2019,300,False,True,True,300,30,300,0.47058823529411764,0.9873887240356083,0.9807146908678389,66.41401761770248,True,2,0.23769439663738012,0.009410023223608732,0.0030276188626885414,0.22525675455108285,0.0033689280971884727,0.0391727383248508,0.005089683923870325,0.28532760962843895
tier_10k,3000,1_1438042990112.50_20150728002310-00103-ip-10-236-191-2_381157664_0.csv,3,30,15.0,0.15,3000,4076,2019,450,False,True,True,450,30,450,0.47058823529411764,0.9554112554112554,0.9781931464174455,67.20789760351181,True,3,0.23769439663738012,0.009410023223608732,0.0030276188626885414,0.22525675455108285,0.004337885417044163,0.054500679951161146,0.006748056970536709,0.30328283552080393
tier_10k,3000,1_1438042990112.50_20150728002310-00103-ip-10-236-191-2_381157664_0.csv,3,30,20.0,0.15,3000,4076,2019,600,False,True,True,600,30,600,0.47058823529411764,0.9218778321551568,0.9670498084291188,67.63924908638,True,3,0.23769439663738012,0.009410023223608732,0.0030276188626885414,0.22525675455108285,0.004334103781729937,0.07141674915328622,0.009118412621319294,0.32256544195115566
tier_10k,3000,1_1438042990112.50_20150728002310-00103-ip-10-236-191-2_381157664_0.csv,3,40,5.0,0.15,3000,4076,2019,200,False,True,True,200,40,200,0.47058823529411764,0.9954932398597897,0.9763779527559056,80.1651893556118,True,1,0.23769439663738012,0.009410023223608732,0.0030276188626885414,0.22525675455108285,0.0020298128947615623,0.024883551988750696,0.00440245820209384,0.2690119077451527
tier_10k,3000,1_1438042990112.50_20150728002310-00103-ip-10-236-191-2_381157664_0.csv,3,40,10.0,0.15,3000,4076,2019,400,False,True,True,400,40,400,0.47058823529411764,0.9656036446469248,0.9763866007688083,88.24833631515503,True,4,0.23769439663738012,0.009410023223608732,0.0030276188626885414,0.22525675455108285,0.005281447432935238,0.05022971797734499,0.0061121052131056786,0.2993196719326079
tier_10k,3000,1_1438042990112.50_20150728002310-00103-ip-10-236-191-2_381157664_0.csv,3,40,15.0,0.15,3000,4076,2019,600,False,True,True,600,40,600,0.47058823529411764,0.9218778321551568,0.9709521247982786,88.94268625974655,True,3,0.23769439663738012,0.009410023223608732,0.0030276188626885414,0.22525675455108285,0.004523390904068947,0.07373430905863643,0.01000833185389638,0.32596259796991944
tier_10k,3000,1_1438042990112.50_20150728002310-00103-ip-10-236-191-2_381157664_0.csv,3,40,20.0,0.15,3000,4076,2019,800,False,True,True,800,40,800,0.47058823529411764,0.8561887800534284,0.7686170212765957,96.54664885997772,True,3,0.23769439663738012,0.009410023223608732,0.0030276188626885414,0.22525675455108285,0.004622780717909336,0.10168317798525095,0.007298481184989214,0.35130118066444993
tier_10k,3000,1_1438042990112.50_20150728002310-00103-ip-10-236-191-2_381157664_0.csv,3,50,5.0,0.15,3000,4076,2019,250,False,True,True,250,50,250,0.47058823529411764,0.9957081545064378,0.9806034482758621,99.18639907240868,True,1,0.23769439663738012,0.009410023223608732,0.0030276188626885414,0.22525675455108285,0.0023210220970213413,0.03184405295178294,0.004579591099172831,0.27644100366160274
tier_10k,3000,1_1438042990112.50_20150728002310-00103-ip-10-236-191-2_381157664_0.csv,3,50,10.0,0.15,3000,4076,2019,500,False,True,True,500,50,500,0.47058823529411764,0.9457691496096223,0.9754055468341183,108.8961853981018,True,4,0.23769439663738012,0.009410023223608732,0.0030276188626885414,0.22525675455108285,0.005548581946641207,0.06069832108914852,0.008185259997844696,0.31212843861430883
tier_10k,3000,1_1438042990112.50_20150728002310-00103-ip-10-236-191-2_381157664_0.csv,3,50,15.0,0.15,3000,4076,2019,750,False,True,True,750,50,750,0.47058823529411764,0.8746456692913386,0.8714285714285714,119.41029095649719,True,3,0.23769439663738012,0.009410023223608732,0.0030276188626885414,0.22525675455108285,0.004340021871030331,0.7524794964119792,0.006820402108132839,1.0013364534825087
tier_10k,3000,1_1438042990112.50_20150728002310-00103-ip-10-236-191-2_381157664_0.csv,3,50,20.0,0.15,3000,4076,2019,1000,False,True,True,1000,50,1000,0.47058823529411764,0.7815175325436847,0.509375,127.50290125608444,True,4,0.23769439663738012,0.009410023223608732,0.0030276188626885414,0.22525675455108285,0.005950283259153366,0.12578389002010226,0.00801097322255373,0.3774415487423539
tier_10k,3000,1_1438042987127.36_20150728002307-00080-ip-10-236-191-2_899463259_102.csv,1,10,5.0,0.15,3000,1,1163,50,False,False,False,50,0,50,0.2,0.03389830508474576,,,True,2,0.14197651017457247,0.006006478797644377,0.0015129339881241322,0.13445709738880396,0.0016314880922436714,0.001853936817497015,0.0013414910063147545,0.14680533902719617
tier_10k,3000,1_1438042987127.36_20150728002307-00080-ip-10-236-191-2_899463259_102.csv,1,10,10.0,0.15,3000,1,1163,100,False,False,False,100,0,100,0.2,0.01834862385321101,,,True,2,0.14197651017457247,0.006006478797644377,0.0015129339881241322,0.13445709738880396,0.0016611972823739052,0.0035580690018832684,0.001002002041786909,0.14819919411092997
tier_10k,3000,1_1438042987127.36_20150728002307-00080-ip-10-236-191-2_899463259_102.csv,1,10,15.0,0.15,3000,1,1163,150,False,False,False,150,0,150,0.2,0.0110803324099723,,,True,2,0.14197651017457247,0.006006478797644377,0.0015129339881241322,0.13445709738880396,0.0018368018791079521,0.005670714657753706,0.000922574196010828,0.15040804585441947
tier_10k,3000,1_1438042987127.36_20150728002307-00080-ip-10-236-191-2_899463259_102.csv,1,10,20.0,0.15,3000,1,1163,200,False,False,False,200,0,200,0.2,0.007827788649706457,,,True,2,0.14197651017457247,0.006006478797644377,0.0015129339881241322,0.13445709738880396,0.0018250029534101486,0.0075481971725821495,0.0013450952246785164,0.1526961694471538
tier_10k,3000,1_1438042987127.36_20150728002307-00080-ip-10-236-191-2_899463259_102.csv,1,20,5.0,0.15,3000,1,1163,100,False,False,False,100,0,100,0.2,0.01834862385321101,,,True,2,0.14197651017457247,0.006006478797644377,0.0015129339881241322,0.13445709738880396,0.0018093758262693882,0.003818900790065527,0.000924970954656601,0.14853138010948896
tier_10k,3000,1_1438042987127.36_20150728002307-00080-ip-10-236-191-2_899463259_102.csv,1,20,10.0,0.15,3000,1,1163,200,False,False,False,200,0,200,0.2,0.007827788649706457,,,True,2,0.14197651017457247,0.006006478797644377,0.0015129339881241322,0.13445709738880396,0.0018405313603579998,0.00747578963637352,0.0014224420301616192,0.15271672187373042
tier_10k,3000,1_1438042987127.36_20150728002307-00080-ip-10-236-191-2_899463259_102.csv,1,20,15.0,0.15,3000,1,1163,300,False,False,False,300,0,300,0.2,0.004439511653718091,,,True,2,0.14197651017457247,0.006006478797644377,0.0015129339881241322,0.13445709738880396,0.0018679969944059849,0.010944174136966467,0.001350274309515953,0.15614059148356318
tier_10k,3000,1_1438042987127.36_20150728002307-00080-ip-10-236-191-2_899463259_102.csv,1,20,20.0,0.15,3000,1,1163,400,False,False,False,400,0,400,0.2,0.0028735632183908046,,,True,2,0.14197651017457247,0.006006478797644377,0.0015129339881241322,0.13445709738880396,0.0018993401899933815,0.014183870051056147,0.0017479527741670609,0.15980923315510154
tier_10k,3000,1_1438042987127.36_20150728002307-00080-ip-10-236-191-2_899463259_102.csv,1,30,5.0,0.15,3000,1,1163,150,False,False,False,150,0,150,0.2,0.0110803324099723,,,True,2,0.14197651017457247,0.006006478797644377,0.0015129339881241322,0.13445709738880396,0.0018247920088469982,0.005621050018817186,0.0011265999637544155,0.15055056056007743
tier_10k,3000,1_1438042987127.36_20150728002307-00080-ip-10-236-191-2_899463259_102.csv,1,30,10.0,0.15,3000,1,1163,300,False,False,False,300,0,300,0.2,0.004439511653718091,,,True,2,0.14197651017457247,0.006006478797644377,0.0015129339881241322,0.13445709738880396,0.0017507877200841904,0.010188068263232708,0.0015086159110069275,0.15542534412816167
tier_10k,3000,1_1438042987127.36_20150728002307-00080-ip-10-236-191-2_899463259_102.csv,1,30,15.0,0.15,3000,1,1163,450,False,False,False,450,0,450,0.2,0.00243605359317905,,,True,2,0.14197651017457247,0.006006478797644377,0.0015129339881241322,0.13445709738880396,0.001924020703881979,0.015369041822850704,0.001734910998493433,0.16100598918274045
tier_10k,3000,1_1438042987127.36_20150728002307-00080-ip-10-236-191-2_899463259_102.csv,1,30,20.0,0.15,3000,1,1163,600,False,False,False,600,0,600,0.2,0.0015873015873015873,,,True,2,0.14197651017457247,0.006006478797644377,0.0015129339881241322,0.13445709738880396,0.0019868770614266396,0.021866900846362114,0.0018871198408305645,0.16771898325532675
tier_10k,3000,1_1438042987127.36_20150728002307-00080-ip-10-236-191-2_899463259_102.csv,1,40,5.0,0.15,3000,1,1163,200,False,False,False,200,0,200,0.2,0.007827788649706457,,,True,2,0.14197651017457247,0.006006478797644377,0.0015129339881241322,0.13445709738880396,0.00184180261567235,0.007505862973630428,0.0013541015796363354,0.15267971344292164
tier_10k,3000,1_1438042987127.36_20150728002307-00080-ip-10-236-191-2_899463259_102.csv,1,40,10.0,0.15,3000,1,1163,400,False,False,False,400,0,400,0.2,0.0028735632183908046,,,True,2,0.14197651017457247,0.006006478797644377,0.0015129339881241322,0.13445709738880396,0.0019014086574316025,0.014899990987032652,0.0015332810580730438,0.16031284676864743
tier_10k,3000,1_1438042987127.36_20150728002307-00080-ip-10-236-191-2_899463259_102.csv,1,40,15.0,0.15,3000,1,1163,600,False,False,False,600,0,600,0.2,0.0015873015873015873,,,True,2,0.14197651017457247,0.006006478797644377,0.0015129339881241322,0.13445709738880396,0.0019754809327423573,0.021706610918045044,0.0018474273383617401,0.167507691308856
tier_10k,3000,1_1438042987127.36_20150728002307-00080-ip-10-236-191-2_899463259_102.csv,1,40,20.0,0.15,3000,1,1163,800,False,False,False,800,0,800,0.2,0.0009606147934678194,,,True,2,0.14197651017457247,0.006006478797644377,0.0015129339881241322,0.13445709738880396,0.002066359855234623,0.028467788826674223,0.0024824379943311214,0.1749947746284306
tier_10k,3000,1_1438042987127.36_20150728002307-00080-ip-10-236-191-2_899463259_102.csv,1,50,5.0,0.15,3000,1,1163,250,False,False,False,250,0,250,0.2,0.005706134094151213,,,True,2,0.14197651017457247,0.006006478797644377,0.0015129339881241322,0.13445709738880396,0.0019344859756529331,0.009287719149142504,0.001361612230539322,0.15456193359568715
tier_10k,3000,1_1438042987127.36_20150728002307-00080-ip-10-236-191-2_899463259_102.csv,1,50,10.0,0.15,3000,1,1163,500,False,False,False,500,0,500,0.2,0.0020833333333333333,,,True,2,0.14197651017457247,0.006006478797644377,0.0015129339881241322,0.13445709738880396,0.001990038901567459,0.01844800589606166,0.0019301800057291985,0.16434623580425978
tier_10k,3000,1_1438042987127.36_20150728002307-00080-ip-10-236-191-2_899463259_102.csv,1,50,15.0,0.15,3000,1,1163,750,False,False,False,750,0,750,0.2,0.0010884353741496598,,,True,2,0.14197651017457247,0.006006478797644377,0.0015129339881241322,0.13445709738880396,0.002093615010380745,0.028064286336302757,0.002500740811228752,0.17463680310174823
tier_10k,3000,1_1438042987127.36_20150728002307-00080-ip-10-236-191-2_899463259_102.csv,1,50,20.0,0.15,3000,1,1163,1000,False,False,False,1000,0,1000,0.2,0.0005994305409860632,,,True,2,0.14197651017457247,0.006006478797644377,0.0015129339881241322,0.13445709738880396,0.0022178147919476032,0.035998220555484295,0.002916283905506134,0.18311046343296766
tier_10k,3000,1_1438042987127.36_20150728002307-00140-ip-10-236-191-2_74640728_1.csv,1,10,5.0,0.15,3000,1,882,50,False,False,False,50,0,50,0.07692307692307693,0.016129032258064516,,,True,2,0.10493408888578415,0.005857277661561966,0.0015302421525120735,0.09754656907171011,0.0012562917545437813,0.003003132063895464,0.0015034121461212635,0.11069924011826515
tier_10k,3000,1_1438042987127.36_20150728002307-00140-ip-10-236-191-2_74640728_1.csv,1,10,10.0,0.15,3000,1,882,100,False,False,False,100,0,100,0.07692307692307693,0.008928571428571428,,,True,2,0.10493408888578415,0.005857277661561966,0.0015302421525120735,0.09754656907171011,0.0012894440442323685,0.00603632302954793,0.0009768749587237835,0.11323825223371387
tier_10k,3000,1_1438042987127.36_20150728002307-00140-ip-10-236-191-2_74640728_1.csv,1,10,15.0,0.15,3000,1,882,150,False,False,False,150,0,150,0.07692307692307693,0.0058997050147492625,,,True,2,0.10493408888578415,0.005857277661561966,0.0015302421525120735,0.09754656907171011,0.001388493925333023,0.009364093653857708,0.001279227901250124,0.11696733813732862
tier_10k,3000,1_1438042987127.36_20150728002307-00140-ip-10-236-191-2_74640728_1.csv,1,10,20.0,0.15,3000,1,882,200,False,False,False,200,0,200,0.07692307692307693,0.00408997955010225,,,True,2,0.10493408888578415,0.005857277661561966,0.0015302421525120735,0.09754656907171011,0.0014005322009325027,0.011617132928222418,0.0012516137212514877,0.119204958435148
tier_10k,3000,1_1438042987127.36_20150728002307-00140-ip-10-236-191-2_74640728_1.csv,1,20,5.0,0.15,3000,1,882,100,False,False,False,100,0,100,0.07692307692307693,0.008928571428571428,,,True,2,0.10493408888578415,0.005857277661561966,0.0015302421525120735,0.09754656907171011,0.0012258458882570267,0.005772598087787628,0.0011755800805985928,0.11310952110216022
tier_10k,3000,1_1438042987127.36_20150728002307-00140-ip-10-236-191-2_74640728_1.csv,1,20,10.0,0.15,3000,1,882,200,False,False,False,200,0,200,0.07692307692307693,0.00408997955010225,,,True,2,0.10493408888578415,0.005857277661561966,0.0015302421525120735,0.09754656907171011,0.001389944925904274,0.01184556819498539,0.001256419811397791,0.11942754127085209
tier_10k,3000,1_1438042987127.36_20150728002307-00140-ip-10-236-191-2_74640728_1.csv,1,20,15.0,0.15,3000,1,882,300,False,False,False,300,0,300,0.07692307692307693,0.0023837902264600714,,,True,2,0.10493408888578415,0.005857277661561966,0.0015302421525120735,0.09754656907171011,0.0012847799807786942,0.016959226690232754,0.0015237987972795963,0.12470341101288795
tier_10k,3000,1_1438042987127.36_20150728002307-00140-ip-10-236-191-2_74640728_1.csv,1,20,20.0,0.15,3000,1,882,400,False,False,False,400,0,400,0.07692307692307693,0.0015479876160990713,,,True,2,0.10493408888578415,0.005857277661561966,0.0015302421525120735,0.09754656907171011,0.0013249716721475124,0.02202414581552148,0.001961661968380213,0.13024651678279042
tier_10k,3000,1_1438042987127.36_20150728002307-00140-ip-10-236-191-2_74640728_1.csv,1,30,5.0,0.15,3000,1,882,150,False,False,False,150,0,150,0.07692307692307693,0.0058997050147492625,,,True,2,0.10493408888578415,0.005857277661561966,0.0015302421525120735,0.09754656907171011,0.0012464839965105057,0.00872507831081748,0.0012867758050560951,0.11619381885975599
tier_10k,3000,1_1438042987127.36_20150728002307-00140-ip-10-236-191-2_74640728_1.csv,1,30,10.0,0.15,3000,1,882,300,False,False,False,300,0,300,0.07692307692307693,0.0023837902264600714,,,True,2,0.10493408888578415,0.005857277661561966,0.0015302421525120735,0.09754656907171011,0.0014038747176527977,0.017229518853127956,0.0014654272235929966,0.1250345464795828
tier_10k,3000,1_1438042987127.36_20150728002307-00140-ip-10-236-191-2_74640728_1.csv,1,30,15.0,0.15,3000,1,882,450,False,False,False,450,0,450,0.07692307692307693,0.0012970168612191958,,,True,2,0.10493408888578415,0.005857277661561966,0.0015302421525120735,0.09754656907171011,0.001331442967057228,0.024474202189594507,0.0016886647790670395,0.13242983212694526
tier_10k,3000,1_1438042987127.36_20150728002307-00140-ip-10-236-191-2_74640728_1.csv,1,30,20.0,0.15,3000,1,882,600,False,False,False,600,0,600,0.07692307692307693,0.0008169934640522876,,,True,2,0.10493408888578415,0.005857277661561966,0.0015302421525120735,0.09754656907171011,0.0013836491852998734,0.03420462040230632,0.0019208197481930256,0.14244482712820172
tier_10k,3000,1_1438042987127.36_20150728002307-00140-ip-10-236-191-2_74640728_1.csv,1,40,5.0,0.15,3000,1,882,200,False,False,False,200,0,200,0.07692307692307693,0.00408997955010225,,,True,2,0.10493408888578415,0.005857277661561966,0.0015302421525120735,0.09754656907171011,0.0013975054025650024,0.011804080102592707,0.001274116337299347,0.11941138887777925
tier_10k,3000,1_1438042987127.36_20150728002307-00140-ip-10-236-191-2_74640728_1.csv,1,40,10.0,0.15,3000,1,882,400,False,False,False,400,0,400,0.07692307692307693,0.0015479876160990713,,,True,2,0.10493408888578415,0.005857277661561966,0.0015302421525120735,0.09754656907171011,0.0014254217967391014,0.02199448086321354,0.0016759601421654224,0.13003138173371553
tier_10k,3000,1_1438042987127.36_20150728002307-00140-ip-10-236-191-2_74640728_1.csv,1,40,15.0,0.15,3000,1,882,600,False,False,False,600,0,600,0.07692307692307693,0.0008169934640522876,,,True,2,0.10493408888578415,0.005857277661561966,0.0015302421525120735,0.09754656907171011,0.0015190048143267632,0.03535215789452195,0.0019894284196197987,0.1437962087802589
tier_10k,3000,1_1438042987127.36_20150728002307-00140-ip-10-236-191-2_74640728_1.csv,1,40,20.0,0.15,3000,1,882,800,False,False,False,800,0,800,0.07692307692307693,0.00043830813061582295,,,True,2,0.10493408888578415,0.005857277661561966,0.0015302421525120735,0.09754656907171011,0.0016287202015519142,0.046324233058840036,0.002359780017286539,0.15524844592437148
tier_10k,3000,1_1438042987127.36_20150728002307-00140-ip-10-236-191-2_74640728_1.csv,1,50,5.0,0.15,3000,1,882,250,False,False,False,250,0,250,0.07692307692307693,0.003129890453834116,,,True,2,0.10493408888578415,0.005857277661561966,0.0015302421525120735,0.09754656907171011,0.001417744904756546,0.014497440308332443,0.001534170936793089,0.12238508649170399
tier_10k,3000,1_1438042987127.36_20150728002307-00140-ip-10-236-191-2_74640728_1.csv,1,50,10.0,0.15,3000,1,882,500,False,False,False,500,0,500,0.07692307692307693,0.0010995052226498076,,,True,2,0.10493408888578415,0.005857277661561966,0.0015302421525120735,0.09754656907171011,0.0014952621422708035,0.029818157199770212,0.0017060842365026474,0.13795538898557425
tier_10k,3000,1_1438042987127.36_20150728002307-00140-ip-10-236-191-2_74640728_1.csv,1,50,15.0,0.15,3000,1,882,750,False,False,False,750,0,750,0.07692307692307693,0.0005241090146750524,,,True,2,0.10493408888578415,0.005857277661561966,0.0015302421525120735,0.09754656907171011,0.0016046706587076187,0.040212107822299004,0.002190076746046543,0.14894257904961705
tier_10k,3000,1_1438042987127.36_20150728002307-00140-ip-10-236-191-2_74640728_1.csv,1,50,20.0,0.15,3000,1,882,1000,True,False,False,882,0,882,0.07692307692307693,0.000206058108386565,,,False,0,0.10493408888578415,0.005857277661561966,0.0015302421525120735,0.09754656907171011,5.570612847805023e-05,0.049419515766203403,0.0026244712062180042,0.15703530795872211
tier_10k,3000,1_1438042990112.50_20150728002310-00154-ip-10-236-191-2_303864106_21.csv,3,10,5.0,0.15,3000,66,271,50,False,True,True,50,10,50,0.2,0.12457912457912458,0.1640625,118.17006140947342,True,4,0.03857854241505265,0.006960349157452583,0.0011176452971994877,0.03050054796040058,0.0005605919286608696,0.04084227792918682,0.022715749219059944,0.10269896453246474
tier_10k,3000,1_1438042990112.50_20150728002310-00154-ip-10-236-191-2_303864106_21.csv,3,10,10.0,0.15,3000,66,271,100,False,True,True,100,10,100,0.2,0.07544581618655692,0.16030534351145037,120.98584222793579,True,4,0.03857854241505265,0.006960349157452583,0.0011176452971994877,0.03050054796040058,0.0006678379140794277,0.06982102105394006,0.005193175747990608,0.11426288355141878
tier_10k,3000,1_1438042990112.50_20150728002310-00154-ip-10-236-191-2_303864106_21.csv,3,10,15.0,0.15,3000,66,271,150,False,True,True,150,10,150,0.2,0.055220017256255395,0.1590909090909091,121.69556856155396,True,3,0.03857854241505265,0.006960349157452583,0.0011176452971994877,0.03050054796040058,0.0005879760719835758,0.09811078989878297,0.007244358770549297,0.14452385529875755
tier_10k,3000,1_1438042990112.50_20150728002310-00154-ip-10-236-191-2_303864106_21.csv,3,10,20.0,0.15,3000,66,271,200,False,True,True,200,10,200,0.2,0.036973833902161544,0.1590909090909091,121.69556856155396,True,2,0.03857854241505265,0.006960349157452583,0.0011176452971994877,0.03050054796040058,0.00048441486433148384,0.12934079114347696,0.0068377600982785225,0.17524373345077038
tier_10k,3000,1_1438042990112.50_20150728002310-00154-ip-10-236-191-2_303864106_21.csv,3,20,5.0,0.15,3000,66,271,100,False,True,True,100,20,100,0.2,0.07544581618655692,0.15,229.78716337680817,True,4,0.03857854241505265,0.006960349157452583,0.0011176452971994877,0.03050054796040058,0.0006433040834963322,0.0703485500998795,0.10134372999891639,0.21091583371162415
tier_10k,3000,1_1438042990112.50_20150728002310-00154-ip-10-236-191-2_303864106_21.csv,3,20,10.0,0.15,3000,66,271,200,False,True,True,200,20,200,0.2,0.036973833902161544,0.15028901734104047,230.73831683397293,True,2,0.03857854241505265,0.006960349157452583,0.0011176452971994877,0.03050054796040058,0.0005523380823433399,0.13016392895951867,0.03675295086577535,0.2060501524247229
tier_10k,3000,1_1438042990112.50_20150728002310-00154-ip-10-236-191-2_303864106_21.csv,3,20,15.0,0.15,3000,66,271,300,True,True,True,271,20,271,0.2,0.013147249190938511,0.15028901734104047,230.73831683397293,False,0,0.03857854241505265,0.006960349157452583,0.0011176452971994877,0.03050054796040058,2.1066982299089432e-05,0.18111640494316816,0.05493264878168702,0.2746512033045292
tier_10k,3000,1_1438042990112.50_20150728002310-00154-ip-10-236-191-2_303864106_21.csv,3,20,20.0,0.15,3000,66,271,400,True,True,True,271,20,271,0.2,0.013147249190938511,0.15028901734104047,230.73831683397293,False,0,0.03857854241505265,0.006960349157452583,0.0011176452971994877,0.03050054796040058,2.5426968932151794e-05,0.1796392439864576,0.05448600510135293,0.2727318746037781
tier_10k,3000,1_1438042990112.50_20150728002310-00154-ip-10-236-191-2_303864106_21.csv,3,30,5.0,0.15,3000,66,271,150,False,True,True,150,30,150,0.2,0.055220017256255395,0.15023474178403756,329.4047381877899,True,3,0.03857854241505265,0.006960349157452583,0.0011176452971994877,0.03050054796040058,0.0006542769260704517,0.09853752423077822,0.013960120268166065,0.1517328922636807
tier_10k,3000,1_1438042990112.50_20150728002310-00154-ip-10-236-191-2_303864106_21.csv,3,30,10.0,0.15,3000,66,271,300,True,True,True,271,30,271,0.2,0.013147249190938511,0.15023474178403756,329.4047381877899,False,0,0.03857854241505265,0.006960349157452583,0.0011176452971994877,0.03050054796040058,2.2219959646463394e-05,0.17953060986474156,0.010047140065580606,0.2281805737875402
tier_10k,3000,1_1438042990112.50_20150728002310-00154-ip-10-236-191-2_303864106_21.csv,3,30,15.0,0.15,3000,66,271,450,True,True,True,271,30,271,0.2,0.013147249190938511,0.15023474178403756,329.4047381877899,False,0,0.03857854241505265,0.006960349157452583,0.0011176452971994877,0.03050054796040058,1.9398052245378494e-05,0.17949094576761127,0.01055182795971632,0.2286427873186767
tier_10k,3000,1_1438042990112.50_20150728002310-00154-ip-10-236-191-2_303864106_21.csv,3,30,20.0,0.15,3000,66,271,600,True,True,True,271,30,271,0.2,0.013147249190938511,0.15023474178403756,329.4047381877899,False,0,0.03857854241505265,0.006960349157452583,0.0011176452971994877,0.03050054796040058,2.1865125745534897e-05,0.18166099721565843,0.0104254768230021,0.230689219199121
tier_10k,3000,1_1438042990112.50_20150728002310-00154-ip-10-236-191-2_303864106_21.csv,3,40,5.0,0.15,3000,66,271,200,False,False,False,200,0,200,0.2,0.036973833902161544,,,True,2,0.03857854241505265,0.006960349157452583,0.0011176452971994877,0.03050054796040058,0.00047925813123583794,0.1296334988437593,0.0016784998588263988,0.17037144722416997
tier_10k,3000,1_1438042990112.50_20150728002310-00154-ip-10-236-191-2_303864106_21.csv,3,40,10.0,0.15,3000,66,271,400,True,False,False,271,0,271,0.2,0.013147249190938511,,,False,0,0.03857854241505265,0.006960349157452583,0.0011176452971994877,0.03050054796040058,1.9342638552188873e-05,0.17692169500514865,0.0015398659743368626,0.217060967348516
tier_10k,3000,1_1438042990112.50_20150728002310-00154-ip-10-236-191-2_303864106_21.csv,3,40,15.0,0.15,3000,66,271,600,True,False,False,271,0,271,0.2,0.013147249190938511,,,False,0,0.03857854241505265,0.006960349157452583,0.0011176452971994877,0.03050054796040058,2.088816836476326e-05,0.18666492495685816,0.001489860936999321,0.22675587004050612
tier_10k,3000,1_1438042990112.50_20150728002310-00154-ip-10-236-191-2_303864106_21.csv,3,40,20.0,0.15,3000,66,271,800,True,False,False,271,0,271,0.2,0.013147249190938511,,,False,0,0.03857854241505265,0.006960349157452583,0.0011176452971994877,0.03050054796040058,3.204029053449631e-05,0.17766322195529938,0.002470848150551319,0.2187467091716826
tier_10k,3000,1_1438042990112.50_20150728002310-00154-ip-10-236-191-2_303864106_21.csv,3,50,5.0,0.15,3000,66,271,250,False,False,False,250,0,250,0.2,0.022943875750088244,,,True,2,0.03857854241505265,0.006960349157452583,0.0011176452971994877,0.03050054796040058,0.0004651769995689392,0.1631380203180015,0.0015558251179754734,0.20373991411179304
tier_10k,3000,1_1438042990112.50_20150728002310-00154-ip-10-236-191-2_303864106_21.csv,3,50,10.0,0.15,3000,66,271,500,True,False,False,271,0,271,0.2,0.013147249190938511,,,False,0,0.03857854241505265,0.006960349157452583,0.0011176452971994877,0.03050054796040058,2.3311004042625427e-05,0.18099668296054006,0.0017730328254401684,0.22137339040637016
tier_10k,3000,1_1438042990112.50_20150728002310-00154-ip-10-236-191-2_303864106_21.csv,3,50,15.0,0.15,3000,66,271,750,True,False,False,271,0,271,0.2,0.013147249190938511,,,False,0,0.03857854241505265,0.006960349157452583,0.0011176452971994877,0.03050054796040058,2.1635089069604874e-05,0.1791442669928074,0.0018776091746985912,0.21962367231026292
tier_10k,3000,1_1438042990112.50_20150728002310-00154-ip-10-236-191-2_303864106_21.csv,3,50,20.0,0.15,3000,66,271,1000,True,False,False,271,0,271,0.2,0.013147249190938511,,,False,0,0.03857854241505265,0.006960349157452583,0.0011176452971994877,0.03050054796040058,2.051098272204399e-05,0.179464312735945,0.0019539729692041874,0.22001918219029903
tier_10k,3000,0_1438042988458.74_20150728002308-00264-ip-10-236-191-2_704598375_3.csv,0,10,5.0,0.15,3000,2,887,50,False,True,True,50,10,50,1.0,0.057692307692307696,0.25,35.461136758327484,True,3,0.10096570989117026,0.005497358739376068,0.0013134139589965343,0.09415493719279766,0.0016206973232328892,0.0038564647547900677,0.003950477112084627,0.11039553862065077
tier_10k,3000,0_1438042988458.74_20150728002308-00264-ip-10-236-191-2_704598375_3.csv,0,10,10.0,0.15,3000,2,887,100,False,True,True,100,10,100,1.0,0.029914529914529916,0.25,35.790826082229614,True,2,0.10096570989117026,0.005497358739376068,0.0013134139589965343,0.09415493719279766,0.0014645252376794815,0.008654320146888494,0.003589186817407608,0.11467537097632885
tier_10k,3000,0_1438042988458.74_20150728002308-00264-ip-10-236-191-2_704598375_3.csv,0,10,15.0,0.15,3000,2,887,150,False,True,True,150,10,150,1.0,0.020958083832335328,0.25,36.046944975852966,True,2,0.10096570989117026,0.005497358739376068,0.0013134139589965343,0.09415493719279766,0.0014189430512487888,0.01206630002707243,0.0038138609379529953,0.11826664814725518
tier_10k,3000,0_1438042988458.74_20150728002308-00264-ip-10-236-191-2_704598375_3.csv,0,10,20.0,0.15,3000,2,887,200,False,True,True,200,10,200,1.0,0.016129032258064516,0.25,36.232989490032196,True,2,0.10096570989117026,0.005497358739376068,0.0013134139589965343,0.09415493719279766,0.0015526707284152508,0.015643815975636244,0.004005882889032364,0.1221698671579361
tier_10k,3000,0_1438042988458.74_20150728002308-00264-ip-10-236-191-2_704598375_3.csv,0,20,5.0,0.15,3000,2,887,100,False,False,False,100,0,100,1.0,0.029914529914529916,,,True,2,0.10096570989117026,0.005497358739376068,0.0013134139589965343,0.09415493719279766,0.0015305401757359505,0.008568714838474989,0.0011454951018095016,0.11221201531589031
tier_10k,3000,0_1438042988458.74_20150728002308-00264-ip-10-236-191-2_704598375_3.csv,0,20,10.0,0.15,3000,2,887,200,False,False,False,200,0,200,1.0,0.016129032258064516,,,True,2,0.10096570989117026,0.005497358739376068,0.0013134139589965343,0.09415493719279766,0.0012887758202850819,0.014425241388380527,0.0012688389979302883,0.11794993979856372
tier_10k,3000,0_1438042988458.74_20150728002308-00264-ip-10-236-191-2_704598375_3.csv,0,20,15.0,0.15,3000,2,887,300,False,False,False,300,0,300,1.0,0.011041009463722398,,,True,2,0.10096570989117026,0.005497358739376068,0.0013134139589965343,0.09415493719279766,0.0013133478350937366,0.02171375695616007,0.0013116803020238876,0.12530577089637518
tier_10k,3000,0_1438042988458.74_20150728002308-00264-ip-10-236-191-2_704598375_3.csv,0,20,20.0,0.15,3000,2,887,400,False,False,False,400,0,400,1.0,0.008168028004667444,,,True,2,0.10096570989117026,0.005497358739376068,0.0013134139589965343,0.09415493719279766,0.0013653640635311604,0.028726820833981037,0.0013463953509926796,0.1324056419543922
tier_10k,3000,0_1438042988458.74_20150728002308-00264-ip-10-236-191-2_704598375_3.csv,0,30,5.0,0.15,3000,2,887,150,False,False,False,150,0,150,1.0,0.020958083832335328,,,True,2,0.10096570989117026,0.005497358739376068,0.0013134139589965343,0.09415493719279766,0.001279391348361969,0.012282754760235548,0.0012978492304682732,0.11582710593938828
tier_10k,3000,0_1438042988458.74_20150728002308-00264-ip-10-236-191-2_704598375_3.csv,0,30,10.0,0.15,3000,2,887,300,False,False,False,300,0,300,1.0,0.011041009463722398,,,True,2,0.10096570989117026,0.005497358739376068,0.0013134139589965343,0.09415493719279766,0.0013177599757909775,0.02183590829372406,0.0012645609676837921,0.12538548884913325
tier_10k,3000,0_1438042988458.74_20150728002308-00264-ip-10-236-191-2_704598375_3.csv,0,30,15.0,0.15,3000,2,887,450,False,False,False,450,0,450,1.0,0.006951340615690168,,,True,2,0.10096570989117026,0.005497358739376068,0.0013134139589965343,0.09415493719279766,0.001352208200842142,0.03137255413457751,0.0020070290192961693,0.1356989466585219
tier_10k,3000,0_1438042988458.74_20150728002308-00264-ip-10-236-191-2_704598375_3.csv,0,30,20.0,0.15,3000,2,887,600,False,False,False,600,0,600,1.0,0.0047011417058428475,,,True,2,0.10096570989117026,0.005497358739376068,0.0013134139589965343,0.09415493719279766,0.0014040526002645493,0.042366039007902145,0.0019094240851700306,0.14664672454819083
tier_10k,3000,0_1438042988458.74_20150728002308-00264-ip-10-236-191-2_704598375_3.csv,0,40,5.0,0.15,3000,2,887,200,False,False,False,200,0,200,1.0,0.016129032258064516,,,True,2,0.10096570989117026,0.005497358739376068,0.0013134139589965343,0.09415493719279766,0.0014327559620141983,0.014895353000611067,0.0013153287582099438,0.11861062794923782
tier_10k,3000,0_1438042988458.74_20150728002308-00264-ip-10-236-191-2_704598375_3.csv,0,40,10.0,0.15,3000,2,887,400,False,False,False,400,0,400,1.0,0.008168028004667444,,,True,2,0.10096570989117026,0.005497358739376068,0.0013134139589965343,0.09415493719279766,0.0013366485945880413,0.028375533875077963,0.0016378029249608517,0.13231716258451343
tier_10k,3000,0_1438042988458.74_20150728002308-00264-ip-10-236-191-2_704598375_3.csv,0,40,15.0,0.15,3000,2,887,600,False,False,False,600,0,600,1.0,0.0047011417058428475,,,True,2,0.10096570989117026,0.005497358739376068,0.0013134139589965343,0.09415493719279766,0.0014216350391507149,0.0424559498205781,0.0018534958362579346,0.1466982290148735
tier_10k,3000,0_1438042988458.74_20150728002308-00264-ip-10-236-191-2_704598375_3.csv,0,40,20.0,0.15,3000,2,887,800,False,False,False,800,0,800,1.0,0.0028913672036348617,,,True,2,0.10096570989117026,0.005497358739376068,0.0013134139589965343,0.09415493719279766,0.0014637010172009468,0.056056658271700144,0.0022366750054061413,0.1607242957688868
tier_10k,3000,0_1438042988458.74_20150728002308-00264-ip-10-236-191-2_704598375_3.csv,0,50,5.0,0.15,3000,2,887,250,False,False,False,250,0,250,1.0,0.013108614232209739,,,True,2,0.10096570989117026,0.005497358739376068,0.0013134139589965343,0.09415493719279766,0.0013127708807587624,0.018308058381080627,0.0012807459570467472,0.12186880689114332
tier_10k,3000,0_1438042988458.74_20150728002308-00264-ip-10-236-191-2_704598375_3.csv,0,50,10.0,0.15,3000,2,887,500,False,False,False,500,0,500,1.0,0.006050129645635264,,,True,2,0.10096570989117026,0.005497358739376068,0.0013134139589965343,0.09415493719279766,0.0013798070140182972,0.03525312524288893,0.00164520600810647,0.1392454281449318
tier_10k,3000,0_1438042988458.74_20150728002308-00264-ip-10-236-191-2_704598375_3.csv,0,50,15.0,0.15,3000,2,887,750,False,False,False,750,0,750,1.0,0.003231763619575254,,,True,2,0.10096570989117026,0.005497358739376068,0.0013134139589965343,0.09415493719279766,0.0015943348407745361,0.054839189164340496,0.002301461063325405,0.15970234107226133
tier_10k,3000,0_1438042988458.74_20150728002308-00264-ip-10-236-191-2_704598375_3.csv,0,50,20.0,0.15,3000,2,887,1000,True,False,False,887,0,887,1.0,0.0021712158808933004,,,False,0,0.10096570989117026,0.005497358739376068,0.0013134139589965343,0.09415493719279766,5.822209641337395e-05,0.06059482926502824,0.0026323781348764896,0.16425276501104236
tier_10k,3000,0_1438042988061.16_20150728002308-00310-ip-10-236-191-2_342423429_0.csv,0,10,5.0,0.15,3000,3,947,50,False,False,False,50,0,50,0.2,0.03546099290780142,,,True,2,0.10567881679162383,0.004856342915445566,0.0013763727620244026,0.09944610111415386,0.0013738353736698627,0.002414523158222437,0.001721713226288557,0.111191023606807
tier_10k,3000,0_1438042988061.16_20150728002308-00310-ip-10-236-191-2_342423429_0.csv,0,10,10.0,0.15,3000,3,947,100,False,False,False,100,0,100,0.2,0.02074688796680498,,,True,2,0.10567881679162383,0.004856342915445566,0.0013763727620244026,0.09944610111415386,0.0014408910647034645,0.004439639858901501,0.0012276256456971169,0.11278842389583588
tier_10k,3000,0_1438042988061.16_20150728002308-00310-ip-10-236-191-2_342423429_0.csv,0,10,15.0,0.15,3000,3,947,150,False,False,False,150,0,150,0.2,0.01466275659824047,,,True,2,0.10567881679162383,0.004856342915445566,0.0013763727620244026,0.09944610111415386,0.0013962071388959885,0.006577135995030403,0.0011047441512346268,0.11475835088640451
tier_10k,3000,0_1438042988061.16_20150728002308-00310-ip-10-236-191-2_342423429_0.csv,0,10,20.0,0.15,3000,3,947,200,False,False,False,200,0,200,0.2,0.011337868480725623,,,True,2,0.10567881679162383,0.004856342915445566,0.0013763727620244026,0.09944610111415386,0.0015411372296512127,0.008852900937199593,0.0013947654515504837,0.11746904067695141
tier_10k,3000,0_1438042988061.16_20150728002308-00310-ip-10-236-191-2_342423429_0.csv,0,20,5.0,0.15,3000,3,947,100,False,False,False,100,0,100,0.2,0.02074688796680498,,,True,2,0.10567881679162383,0.004856342915445566,0.0013763727620244026,0.09944610111415386,0.0013600857928395271,0.004425280261784792,0.000859282910823822,0.11232492467388511
tier_10k,3000,0_1438042988061.16_20150728002308-00310-ip-10-236-191-2_342423429_0.csv,0,20,10.0,0.15,3000,3,947,200,False,False,False,200,0,200,0.2,0.011337868480725623,,,True,2,0.10567881679162383,0.004856342915445566,0.0013763727620244026,0.09944610111415386,0.0013809660449624062,0.009187090676277876,0.0014461721293628216,0.117694400716573
tier_10k,3000,0_1438042988061.16_20150728002308-00310-ip-10-236-191-2_342423429_0.csv,0,20,15.0,0.15,3000,3,947,300,False,False,False,300,0,300,0.2,0.0078003120124804995,,,True,2,0.10567881679162383,0.004856342915445566,0.0013763727620244026,0.09944610111415386,0.0014166710898280144,0.012833861634135246,0.0012912089005112648,0.12122214492410421
tier_10k,3000,0_1438042988061.16_20150728002308-00310-ip-10-236-191-2_342423429_0.csv,0,20,20.0,0.15,3000,3,947,400,False,False,False,400,0,400,0.2,0.005945303210463734,,,True,2,0.10567881679162383,0.004856342915445566,0.0013763727620244026,0.09944610111415386,0.0014349780976772308,0.017536122351884842,0.0017222827300429344,0.12637359090149403
tier_10k,3000,0_1438042988061.16_20150728002308-00310-ip-10-236-191-2_342423429_0.csv,0,30,5.0,0.15,3000,3,947,150,False,False,False,150,0,150,0.2,0.01466275659824047,,,True,2,0.10567881679162383,0.004856342915445566,0.0013763727620244026,0.09944610111415386,0.00141220074146986,0.00720314821228385,0.0012169135734438896,0.11551246652379632
tier_10k,3000,0_1438042988061.16_20150728002308-00310-ip-10-236-191-2_342423429_0.csv,0,30,10.0,0.15,3000,3,947,300,False,False,False,300,0,300,0.2,0.0078003120124804995,,,True,2,0.10567881679162383,0.004856342915445566,0.0013763727620244026,0.09944610111415386,0.0014178468845784664,0.012584262993186712,0.0014548790641129017,0.12113729864358902
tier_10k,3000,0_1438042988061.16_20150728002308-00310-ip-10-236-191-2_342423429_0.csv,0,30,15.0,0.15,3000,3,947,450,False,False,False,450,0,450,0.2,0.005313496280552604,,,True,2,0.10567881679162383,0.004856342915445566,0.0013763727620244026,0.09944610111415386,0.0014410442672669888,0.02023084694519639,0.0015966878272593021,0.12894886313006282
tier_10k,3000,0_1438042988061.16_20150728002308-00310-ip-10-236-191-2_342423429_0.csv,0,30,20.0,0.15,3000,3,947,600,False,False,False,600,0,600,0.2,0.003604902667627974,,,True,2,0.10567881679162383,0.004856342915445566,0.0013763727620244026,0.09944610111415386,0.001503791194409132,0.025447972118854523,0.0017895596101880074,0.1344216880388558
tier_10k,3000,0_1438042988061.16_20150728002308-00310-ip-10-236-191-2_342423429_0.csv,0,40,5.0,0.15,3000,3,947,200,False,False,False,200,0,200,0.2,0.011337868480725623,,,True,2,0.10567881679162383,0.004856342915445566,0.0013763727620244026,0.09944610111415386,0.0013904361985623837,0.008768199011683464,0.0013628080487251282,0.11720184562727809
tier_10k,3000,0_1438042988061.16_20150728002308-00310-ip-10-236-191-2_342423429_0.csv,0,40,10.0,0.15,3000,3,947,400,False,False,False,400,0,400,0.2,0.005945303210463734,,,True,2,0.10567881679162383,0.004856342915445566,0.0013763727620244026,0.09944610111415386,0.0015977798029780388,0.017595503013581038,0.0015535308048129082,0.126427392475307
tier_10k,3000,0_1438042988061.16_20150728002308-00310-ip-10-236-191-2_342423429_0.csv,0,40,15.0,0.15,3000,3,947,600,False,False,False,600,0,600,0.2,0.003604902667627974,,,True,2,0.10567881679162383,0.004856342915445566,0.0013763727620244026,0.09944610111415386,0.0014836038462817669,0.024214359000325203,0.001879046205431223,0.1332573196850717
tier_10k,3000,0_1438042988061.16_20150728002308-00310-ip-10-236-191-2_342423429_0.csv,0,40,20.0,0.15,3000,3,947,800,False,False,False,800,0,800,0.2,0.002286236854138089,,,True,2,0.10567881679162383,0.004856342915445566,0.0013763727620244026,0.09944610111415386,0.001551393885165453,0.03188125742599368,0.002258250955492258,0.1413712757639587
tier_10k,3000,0_1438042988061.16_20150728002308-00310-ip-10-236-191-2_342423429_0.csv,0,50,5.0,0.15,3000,3,947,250,False,False,False,250,0,250,0.2,0.009242144177449169,,,True,2,0.10567881679162383,0.004856342915445566,0.0013763727620244026,0.09944610111415386,0.0015598810277879238,0.011327560991048813,0.0013176798820495605,0.11988573102280498
tier_10k,3000,0_1438042988061.16_20150728002308-00310-ip-10-236-191-2_342423429_0.csv,0,50,10.0,0.15,3000,3,947,500,False,False,False,500,0,500,0.2,0.004599816007359705,,,True,2,0.10567881679162383,0.004856342915445566,0.0013763727620244026,0.09944610111415386,0.0014609573408961296,0.020528831984847784,0.0018491698428988457,0.12951928051188588
tier_10k,3000,0_1438042988061.16_20150728002308-00310-ip-10-236-191-2_342423429_0.csv,0,50,15.0,0.15,3000,3,947,750,False,False,False,750,0,750,0.2,0.0025746652935118436,,,True,2,0.10567881679162383,0.004856342915445566,0.0013763727620244026,0.09944610111415386,0.0016985731199383736,0.03180062584578991,0.002156493254005909,0.1413360508158803
tier_10k,3000,0_1438042988061.16_20150728002308-00310-ip-10-236-191-2_342423429_0.csv,0,50,20.0,0.15,3000,3,947,1000,True,False,False,947,0,947,0.2,0.001650709805216243,,,False,0,0.10567881679162383,0.004856342915445566,0.0013763727620244026,0.09944610111415386,6.342492997646332e-05,0.0412190780043602,0.002555140759795904,0.14951801858842373
tier_10k,3000,1_1438042988061.16_20150728002308-00116-ip-10-236-191-2_764081199_5.csv,3,10,5.0,0.15,3000,7,907,50,False,True,True,50,10,50,0.16666666666666666,0.1044776119402985,0.15083798882681565,33.654100477695465,True,3,0.11146348202601075,0.005731473211199045,0.0015287240967154503,0.10420328471809626,0.001603984273970127,0.004108799621462822,0.0036640618927776814,0.12084202142432332
tier_10k,3000,1_1438042988061.16_20150728002308-00116-ip-10-236-191-2_764081199_5.csv,3,10,10.0,0.15,3000,7,907,100,False,True,True,100,10,100,0.16666666666666666,0.06872037914691943,0.15,35.39247143268585,True,3,0.11146348202601075,0.005731473211199045,0.0015287240967154503,0.10420328471809626,0.0018474431708455086,0.008434725925326347,0.0036359867081046104,0.12538347393274307
tier_10k,3000,1_1438042988061.16_20150728002308-00116-ip-10-236-191-2_764081199_5.csv,3,10,15.0,0.15,3000,7,907,150,False,True,True,150,10,150,0.16666666666666666,0.048414023372287146,0.15,35.44015669822693,True,3,0.11146348202601075,0.005731473211199045,0.0015287240967154503,0.10420328471809626,0.0018307548016309738,0.012033595237880945,0.0036124843172729015,0.12894198903813958
tier_10k,3000,1_1438042988061.16_20150728002308-00116-ip-10-236-191-2_764081199_5.csv,3,10,20.0,0.15,3000,7,907,200,False,True,True,200,10,200,0.16666666666666666,0.03654080389768575,0.15,35.44015669822693,True,2,0.11146348202601075,0.005731473211199045,0.0015287240967154503,0.10420328471809626,0.0014061038382351398,0.016035126987844706,0.003904694225639105,0.1328111318871379
tier_10k,3000,1_1438042988061.16_20150728002308-00116-ip-10-236-191-2_764081199_5.csv,3,20,5.0,0.15,3000,7,907,100,False,False,False,100,0,100,0.16666666666666666,0.06872037914691943,,,True,3,0.11146348202601075,0.005731473211199045,0.0015287240967154503,0.10420328471809626,0.0019853562116622925,0.008429755922406912,0.0011296221055090427,0.12300975807011127
tier_10k,3000,1_1438042988061.16_20150728002308-00116-ip-10-236-191-2_764081199_5.csv,3,20,10.0,0.15,3000,7,907,200,False,False,False,200,0,200,0.16666666666666666,0.03654080389768575,,,True,2,0.11146348202601075,0.005731473211199045,0.0015287240967154503,0.10420328471809626,0.0012791859917342663,0.015182553324848413,0.001227830071002245,0.12915441999211907
tier_10k,3000,1_1438042988061.16_20150728002308-00116-ip-10-236-191-2_764081199_5.csv,3,20,15.0,0.15,3000,7,907,300,False,False,False,300,0,300,0.16666666666666666,0.022779043280182234,,,True,2,0.11146348202601075,0.005731473211199045,0.0015287240967154503,0.10420328471809626,0.0012949137017130852,0.022323561366647482,0.0012633530423045158,0.13634677696973085
tier_10k,3000,1_1438042988061.16_20150728002308-00116-ip-10-236-191-2_764081199_5.csv,3,20,20.0,0.15,3000,7,907,400,False,False,False,400,0,400,0.16666666666666666,0.015592515592515593,,,True,2,0.11146348202601075,0.005731473211199045,0.0015287240967154503,0.10420328471809626,0.0013435068540275097,0.029478278942406178,0.0016212090849876404,0.143908082973212
tier_10k,3000,1_1438042988061.16_20150728002308-00116-ip-10-236-191-2_764081199_5.csv,3,30,5.0,0.15,3000,7,907,150,False,False,False,150,0,150,0.16666666666666666,0.048414023372287146,,,True,3,0.11146348202601075,0.005731473211199045,0.0015287240967154503,0.10420328471809626,0.0018227188847959042,0.01200925512239337,0.001136580016463995,0.1264335522428155
tier_10k,3000,1_1438042988061.16_20150728002308-00116-ip-10-236-191-2_764081199_5.csv,3,30,10.0,0.15,3000,7,907,300,False,False,False,300,0,300,0.16666666666666666,0.022779043280182234,,,True,2,0.11146348202601075,0.005731473211199045,0.0015287240967154503,0.10420328471809626,0.0013019139878451824,0.022981788963079453,0.0014094007201492786,0.13715810794383287
tier_10k,3000,1_1438042988061.16_20150728002308-00116-ip-10-236-191-2_764081199_5.csv,3,30,15.0,0.15,3000,7,907,450,False,False,False,450,0,450,0.16666666666666666,0.013146362839614373,,,True,2,0.11146348202601075,0.005731473211199045,0.0015287240967154503,0.10420328471809626,0.0015166797675192356,0.036246239207684994,0.0015106922946870327,0.15073874918743968
tier_10k,3000,1_1438042988061.16_20150728002308-00116-ip-10-236-191-2_764081199_5.csv,3,30,20.0,0.15,3000,7,907,600,False,False,False,600,0,600,0.16666666666666666,0.008097165991902834,,,True,2,0.11146348202601075,0.005731473211199045,0.0015287240967154503,0.10420328471809626,0.0014062072150409222,0.04753593681380153,0.0020921039395034313,0.16249943571165204
tier_10k,3000,1_1438042988061.16_20150728002308-00116-ip-10-236-191-2_764081199_5.csv,3,40,5.0,0.15,3000,7,907,200,False,False,False,200,0,200,0.16666666666666666,0.03654080389768575,,,True,2,0.11146348202601075,0.005731473211199045,0.0015287240967154503,0.10420328471809626,0.0015091071836650372,0.015521903987973928,0.0015229969285428524,0.1300192098133266
tier_10k,3000,1_1438042988061.16_20150728002308-00116-ip-10-236-191-2_764081199_5.csv,3,40,10.0,0.15,3000,7,907,400,False,False,False,400,0,400,0.16666666666666666,0.015592515592515593,,,True,2,0.11146348202601075,0.005731473211199045,0.0015287240967154503,0.10420328471809626,0.0015449319034814835,0.0314022172242403,0.001801373902708292,0.14621371310204268
tier_10k,3000,1_1438042988061.16_20150728002308-00116-ip-10-236-191-2_764081199_5.csv,3,40,15.0,0.15,3000,7,907,600,False,False,False,600,0,600,0.16666666666666666,0.008097165991902834,,,True,2,0.11146348202601075,0.005731473211199045,0.0015287240967154503,0.10420328471809626,0.0014736517332494259,0.0525685646571219,0.0021249637939035892,0.16763240983709693
tier_10k,3000,1_1438042988061.16_20150728002308-00116-ip-10-236-191-2_764081199_5.csv,3,40,20.0,0.15,3000,7,907,800,False,False,False,800,0,800,0.16666666666666666,0.004186435947530003,,,True,2,0.11146348202601075,0.005731473211199045,0.0015287240967154503,0.10420328471809626,0.0017845709808170795,0.06799629610031843,0.0024240179918706417,0.1836699857376516
tier_10k,3000,1_1438042988061.16_20150728002308-00116-ip-10-236-191-2_764081199_5.csv,3,50,5.0,0.15,3000,7,907,250,False,False,False,250,0,250,0.16666666666666666,0.02819548872180451,,,True,2,0.11146348202601075,0.005731473211199045,0.0015287240967154503,0.10420328471809626,0.001389089971780777,0.0193260470405221,0.0013537188060581684,0.1335337799973786
tier_10k,3000,1_1438042988061.16_20150728002308-00116-ip-10-236-191-2_764081199_5.csv,3,50,10.0,0.15,3000,7,907,500,False,False,False,500,0,500,0.16666666666666666,0.011090573012939002,,,True,2,0.11146348202601075,0.005731473211199045,0.0015287240967154503,0.10420328471809626,0.0015627718530595303,0.041520181111991405,0.00224925484508276,0.15679731126874685
tier_10k,3000,1_1438042988061.16_20150728002308-00116-ip-10-236-191-2_764081199_5.csv,3,50,15.0,0.15,3000,7,907,750,False,False,False,750,0,750,0.16666666666666666,0.00506842372022301,,,True,2,0.11146348202601075,0.005731473211199045,0.0015287240967154503,0.10420328471809626,0.0017031398601830006,0.06028719386085868,0.0021080030128359795,0.17556345276534557
tier_10k,3000,1_1438042988061.16_20150728002308-00116-ip-10-236-191-2_764081199_5.csv,3,50,20.0,0.15,3000,7,907,1000,True,False,False,907,0,907,0.16666666666666666,0.0016170763260025874,,,False,0,0.11146348202601075,0.005731473211199045,0.0015287240967154503,0.10420328471809626,5.948590114712715e-05,0.07375990180298686,0.0027712518349289894,0.18805562611669302
tier_10k,3000,0_1438042988458.74_20150728002308-00095-ip-10-236-191-2_520943855_0.csv,4,10,5.0,0.15,3000,7,656,50,False,False,False,50,0,50,0.2,0.0364963503649635,,,True,3,0.08487016567960382,0.005789285991340876,0.0013916399329900742,0.07768923975527287,0.001127684023231268,0.006825844291597605,0.0011901827529072762,0.09401575801894069
tier_10k,3000,0_1438042988458.74_20150728002308-00095-ip-10-236-191-2_520943855_0.csv,4,10,10.0,0.15,3000,7,656,100,False,False,False,100,0,100,0.2,0.01873536299765808,,,True,2,0.08487016567960382,0.005789285991340876,0.0013916399329900742,0.07768923975527287,0.001024309080094099,0.013098952826112509,0.001230193767696619,0.1002251198515296
tier_10k,3000,0_1438042988458.74_20150728002308-00095-ip-10-236-191-2_520943855_0.csv,4,10,15.0,0.15,3000,7,656,150,False,False,False,150,0,150,0.2,0.012326656394453005,,,True,2,0.08487016567960382,0.005789285991340876,0.0013916399329900742,0.07768923975527287,0.0010100509971380234,0.018913136795163155,0.0011444836854934692,0.10593937477096915
tier_10k,3000,0_1438042988458.74_20150728002308-00095-ip-10-236-191-2_520943855_0.csv,4,10,20.0,0.15,3000,7,656,200,False,False,False,200,0,200,0.2,0.008898776418242492,,,True,2,0.08487016567960382,0.005789285991340876,0.0013916399329900742,0.07768923975527287,0.0009208112023770809,0.02525196224451065,0.001213856041431427,0.11225824384018779
tier_10k,3000,0_1438042988458.74_20150728002308-00095-ip-10-236-191-2_520943855_0.csv,4,20,5.0,0.15,3000,7,656,100,False,False,False,100,0,100,0.2,0.01873536299765808,,,True,2,0.08487016567960382,0.005789285991340876,0.0013916399329900742,0.07768923975527287,0.0008912230841815472,0.01213558204472065,0.0011517200618982315,0.09905022196471691
tier_10k,3000,0_1438042988458.74_20150728002308-00095-ip-10-236-191-2_520943855_0.csv,4,20,10.0,0.15,3000,7,656,200,False,False,False,200,0,200,0.2,0.008898776418242492,,,True,2,0.08487016567960382,0.005789285991340876,0.0013916399329900742,0.07768923975527287,0.0009664543904364109,0.025495407171547413,0.001307155005633831,0.11264073476195335
tier_10k,3000,0_1438042988458.74_20150728002308-00095-ip-10-236-191-2_520943855_0.csv,4,20,15.0,0.15,3000,7,656,300,False,False,False,300,0,300,0.2,0.005637773079633545,,,True,2,0.08487016567960382,0.005789285991340876,0.0013916399329900742,0.07768923975527287,0.000951605848968029,0.03683946095407009,0.001375081017613411,0.12403775006532669
tier_10k,3000,0_1438042988458.74_20150728002308-00095-ip-10-236-191-2_520943855_0.csv,4,20,20.0,0.15,3000,7,656,400,False,False,False,400,0,400,0.2,0.0037019898195279964,,,True,2,0.08487016567960382,0.005789285991340876,0.0013916399329900742,0.07768923975527287,0.000984113197773695,0.05016311025246978,0.001596592366695404,0.13761554285883904
tier_10k,3000,0_1438042988458.74_20150728002308-00095-ip-10-236-191-2_520943855_0.csv,4,30,5.0,0.15,3000,7,656,150,False,False,False,150,0,150,0.2,0.012326656394453005,,,True,2,0.08487016567960382,0.005789285991340876,0.0013916399329900742,0.07768923975527287,0.0009134388528764248,0.018880524672567844,0.0011710161343216896,0.10583660751581192
tier_10k,3000,0_1438042988458.74_20150728002308-00095-ip-10-236-191-2_520943855_0.csv,4,30,10.0,0.15,3000,7,656,300,False,False,False,300,0,300,0.2,0.005637773079633545,,,True,2,0.08487016567960382,0.005789285991340876,0.0013916399329900742,0.07768923975527287,0.0010536052286624908,0.03725260915234685,0.001444472000002861,0.12462246790528297
tier_10k,3000,0_1438042988458.74_20150728002308-00095-ip-10-236-191-2_520943855_0.csv,4,30,15.0,0.15,3000,7,656,450,False,False,False,450,0,450,0.2,0.003000750187546887,,,True,2,0.08487016567960382,0.005789285991340876,0.0013916399329900742,0.07768923975527287,0.0011263396590948105,0.05518283089622855,0.0021204231306910515,0.14330143481492996
tier_10k,3000,0_1438042988458.74_20150728002308-00095-ip-10-236-191-2_520943855_0.csv,4,30,20.0,0.15,3000,7,656,600,False,False,False,600,0,600,0.2,0.001407211961301671,,,True,2,0.08487016567960382,0.005789285991340876,0.0013916399329900742,0.07768923975527287,0.0010775658302009106,0.07269798498600721,0.0022545098327100277,0.16090206196531653
tier_10k,3000,0_1438042988458.74_20150728002308-00095-ip-10-236-191-2_520943855_0.csv,4,40,5.0,0.15,3000,7,656,200,False,False,False,200,0,200,0.2,0.008898776418242492,,,True,2,0.08487016567960382,0.005789285991340876,0.0013916399329900742,0.07768923975527287,0.0009855329990386963,0.02632834203541279,0.0016147447749972343,0.11380041297525167
tier_10k,3000,0_1438042988458.74_20150728002308-00095-ip-10-236-191-2_520943855_0.csv,4,40,10.0,0.15,3000,7,656,400,False,False,False,400,0,400,0.2,0.0037019898195279964,,,True,2,0.08487016567960382,0.005789285991340876,0.0013916399329900742,0.07768923975527287,0.0010641692206263542,0.05046913493424654,0.0017293822020292282,0.1381346327252686
tier_10k,3000,0_1438042988458.74_20150728002308-00095-ip-10-236-191-2_520943855_0.csv,4,40,15.0,0.15,3000,7,656,600,False,False,False,600,0,600,0.2,0.001407211961301671,,,True,2,0.08487016567960382,0.005789285991340876,0.0013916399329900742,0.07768923975527287,0.0011554760858416557,0.0752348517999053,0.0019970941357314587,0.16325914347544312
tier_10k,3000,0_1438042988458.74_20150728002308-00095-ip-10-236-191-2_520943855_0.csv,4,40,20.0,0.15,3000,7,656,800,True,False,False,656,0,656,0.2,0.0006502479070145493,,,False,0,0.08487016567960382,0.005789285991340876,0.0013916399329900742,0.07768923975527287,4.267599433660507e-05,0.083301090169698,0.0021782037802040577,0.1703937198035419
tier_10k,3000,0_1438042988458.74_20150728002308-00095-ip-10-236-191-2_520943855_0.csv,4,50,5.0,0.15,3000,7,656,250,False,False,False,250,0,250,0.2,0.006962576153176675,,,True,2,0.08487016567960382,0.005789285991340876,0.0013916399329900742,0.07768923975527287,0.0011007278226315975,0.03234306210651994,0.0012237438932061195,0.11953934468328953
tier_10k,3000,0_1438042988458.74_20150728002308-00095-ip-10-236-191-2_520943855_0.csv,4,50,10.0,0.15,3000,7,656,500,False,False,False,500,0,500,0.2,0.0024031240612796636,,,True,2,0.08487016567960382,0.005789285991340876,0.0013916399329900742,0.07768923975527287,0.0010358397848904133,0.06378272222355008,0.0017463443800807,0.1514366646297276
tier_10k,3000,0_1438042988458.74_20150728002308-00095-ip-10-236-191-2_520943855_0.csv,4,50,15.0,0.15,3000,7,656,750,True,False,False,656,0,656,0.2,0.0006502479070145493,,,False,0,0.08487016567960382,0.005789285991340876,0.0013916399329900742,0.07768923975527287,4.505133256316185e-05,0.08137094834819436,0.002448997925966978,0.16873673861846328
tier_10k,3000,0_1438042988458.74_20150728002308-00095-ip-10-236-191-2_520943855_0.csv,4,50,20.0,0.15,3000,7,656,1000,True,False,False,656,0,656,0.2,0.0006502479070145493,,,False,0,0.08487016567960382,0.005789285991340876,0.0013916399329900742,0.07768923975527287,4.430301487445831e-05,0.08180025918409228,0.0020564543083310127,0.16877273796126246
tier_10k,3000,0_1438042988061.16_20150728002308-00322-ip-10-236-191-2_739065442_3.csv,0,10,5.0,0.15,3000,85,942,50,False,True,True,50,10,50,0.25,0.21338912133891214,0.21568627450980393,22.359214663505554,True,1,0.11597472382709384,0.005493013188242912,0.0016218549571931362,0.10885985568165779,0.0008565522730350494,0.004118010867387056,0.00414069602265954,0.1250920044258237
tier_10k,3000,0_1438042988061.16_20150728002308-00322-ip-10-236-191-2_739065442_3.csv,0,10,10.0,0.15,3000,85,942,100,False,True,True,100,10,100,0.25,0.15168539325842698,0.15151515151515152,23.303756535053253,True,4,0.11597472382709384,0.005493013188242912,0.0016218549571931362,0.10885985568165779,0.0023642079904675484,0.007792400196194649,0.003701754380017519,0.12983478186652064
tier_10k,3000,0_1438042988061.16_20150728002308-00322-ip-10-236-191-2_739065442_3.csv,0,10,15.0,0.15,3000,85,942,150,False,True,True,150,10,150,0.25,0.11956521739130435,0.15151515151515152,23.381475746631622,True,4,0.11597472382709384,0.005493013188242912,0.0016218549571931362,0.10885985568165779,0.002367516979575157,0.010513512883335352,0.004324920009821653,0.13318232586607337
tier_10k,3000,0_1438042988061.16_20150728002308-00322-ip-10-236-191-2_739065442_3.csv,0,10,20.0,0.15,3000,85,942,200,False,True,True,200,10,200,0.25,0.09985315712187959,0.15151515151515152,23.400322437286377,True,3,0.11597472382709384,0.005493013188242912,0.0016218549571931362,0.10885985568165779,0.0019401218742132187,0.013223827816545963,0.004892596043646336,0.13603299809619784
tier_10k,3000,0_1438042988061.16_20150728002308-00322-ip-10-236-191-2_739065442_3.csv,0,20,5.0,0.15,3000,85,942,100,False,True,True,100,20,100,0.25,0.15168539325842698,0.15151515151515152,45.14865177869797,True,4,0.11597472382709384,0.005493013188242912,0.0016218549571931362,0.10885985568165779,0.0023429403081536293,0.007804236374795437,0.003722747787833214,0.12984645878896117
tier_10k,3000,0_1438042988061.16_20150728002308-00322-ip-10-236-191-2_739065442_3.csv,0,20,10.0,0.15,3000,85,942,200,False,True,True,200,20,200,0.25,0.09985315712187959,0.15151515151515152,45.42149031162262,True,3,0.11597472382709384,0.005493013188242912,0.0016218549571931362,0.10885985568165779,0.0019281511195003986,0.013078713789582253,0.006479383911937475,0.13746298104524612
tier_10k,3000,0_1438042988061.16_20150728002308-00322-ip-10-236-191-2_739065442_3.csv,0,20,15.0,0.15,3000,85,942,300,False,True,True,300,20,300,0.25,0.06837606837606838,0.1506849315068493,45.605047821998596,True,3,0.11597472382709384,0.005493013188242912,0.0016218549571931362,0.10885985568165779,0.0033085327595472336,0.01945281494408846,0.032737046014517546,0.1714755897410214
tier_10k,3000,0_1438042988061.16_20150728002308-00322-ip-10-236-191-2_739065442_3.csv,0,20,20.0,0.15,3000,85,942,400,False,True,True,400,20,400,0.25,0.049098819142324425,0.1506849315068493,45.605047821998596,True,3,0.11597472382709384,0.005493013188242912,0.0016218549571931362,0.10885985568165779,0.0022061080671846867,0.024616823997348547,0.12238265806809068,0.26518305763602257
tier_10k,3000,0_1438042988061.16_20150728002308-00322-ip-10-236-191-2_739065442_3.csv,0,30,5.0,0.15,3000,85,942,150,False,True,True,150,30,150,0.25,0.11956521739130435,0.15151515151515152,67.08283561468124,True,4,0.11597472382709384,0.005493013188242912,0.0016218549571931362,0.10885985568165779,0.002574895042926073,0.010676870122551918,0.006010612938553095,0.13523946749046445
tier_10k,3000,0_1438042988061.16_20150728002308-00322-ip-10-236-191-2_739065442_3.csv,0,30,10.0,0.15,3000,85,942,300,False,True,True,300,30,300,0.25,0.06837606837606838,0.15,67.45848333835602,True,3,0.11597472382709384,0.005493013188242912,0.0016218549571931362,0.10885985568165779,0.00347223412245512,0.018480948638170958,0.023657738231122494,0.16158788185566664
tier_10k,3000,0_1438042988061.16_20150728002308-00322-ip-10-236-191-2_739065442_3.csv,0,30,15.0,0.15,3000,85,942,450,False,True,True,450,30,450,0.25,0.04250797024442083,0.1504424778761062,67.57000190019608,True,3,0.11597472382709384,0.005493013188242912,0.0016218549571931362,0.10885985568165779,0.0021121096797287464,0.027985749300569296,0.04316786164417863,0.18924228567630053
tier_10k,3000,0_1438042988061.16_20150728002308-00322-ip-10-236-191-2_739065442_3.csv,0,30,20.0,0.15,3000,85,942,600,False,True,True,600,30,600,0.25,0.029640084685956247,0.1504424778761062,67.74965023994446,True,3,0.11597472382709384,0.005493013188242912,0.0016218549571931362,0.10885985568165779,0.0021839947439730167,0.0363253690302372,0.19339907681569457,0.3478852016851306
tier_10k,3000,0_1438042988061.16_20150728002308-00322-ip-10-236-191-2_739065442_3.csv,0,40,5.0,0.15,3000,85,942,200,False,True,True,200,40,200,0.25,0.09985315712187959,0.15037593984962405,88.79503834247589,True,3,0.11597472382709384,0.005493013188242912,0.0016218549571931362,0.10885985568165779,0.0025421930477023125,0.015680503100156784,0.007362190168350935,0.14156206091865897
tier_10k,3000,0_1438042988061.16_20150728002308-00322-ip-10-236-191-2_739065442_3.csv,0,40,10.0,0.15,3000,85,942,400,False,True,True,400,40,400,0.25,0.049098819142324425,0.15,89.1326230764389,True,3,0.11597472382709384,0.005493013188242912,0.0016218549571931362,0.10885985568165779,0.002282196655869484,0.025488062761723995,0.004665839020162821,0.14841291587799788
tier_10k,3000,0_1438042988061.16_20150728002308-00322-ip-10-236-191-2_739065442_3.csv,0,40,15.0,0.15,3000,85,942,600,False,True,True,600,40,600,0.25,0.029640084685956247,0.1503267973856209,89.35552686452866,True,3,0.11597472382709384,0.005493013188242912,0.0016218549571931362,0.10885985568165779,0.0021571023389697075,0.03480257419869304,0.00888521084561944,0.16182139609009027
tier_10k,3000,0_1438042988061.16_20150728002308-00322-ip-10-236-191-2_739065442_3.csv,0,40,20.0,0.15,3000,85,942,800,False,True,True,800,40,800,0.25,0.017457383446292874,0.1503267973856209,89.35552686452866,True,2,0.11597472382709384,0.005493013188242912,0.0016218549571931362,0.10885985568165779,0.0017146640457212925,0.04800633620470762,0.011811041738837957,0.17750862520188093
tier_10k,3000,0_1438042988061.16_20150728002308-00322-ip-10-236-191-2_739065442_3.csv,0,50,5.0,0.15,3000,85,942,250,False,True,True,250,50,250,0.25,0.08182912154031288,0.15028901734104047,110.08712261915207,True,4,0.11597472382709384,0.005493013188242912,0.0016218549571931362,0.10885985568165779,0.002432265318930149,0.016266232822090387,0.005014064256101847,0.13968894351273775
tier_10k,3000,0_1438042988061.16_20150728002308-00322-ip-10-236-191-2_739065442_3.csv,0,50,10.0,0.15,3000,85,942,500,False,True,True,500,50,500,0.25,0.03759057971014493,0.15053763440860216,110.5111785531044,True,3,0.11597472382709384,0.005493013188242912,0.0016218549571931362,0.10885985568165779,0.002083471044898033,0.030300543177872896,0.011278830002993345,0.15963934594765306
tier_10k,3000,0_1438042988061.16_20150728002308-00322-ip-10-236-191-2_739065442_3.csv,0,50,15.0,0.15,3000,85,942,750,False,True,True,750,50,750,0.25,0.020354406130268198,0.15053763440860216,110.5111785531044,True,2,0.11597472382709384,0.005493013188242912,0.0016218549571931362,0.10885985568165779,0.0017280629836022854,0.04306404618546367,0.01610630191862583,0.17687505157664418
tier_10k,3000,0_1438042988061.16_20150728002308-00322-ip-10-236-191-2_739065442_3.csv,0,50,20.0,0.15,3000,85,942,1000,True,True,True,942,50,942,0.25,0.006334302108949997,0.15053763440860216,110.5111785531044,False,0,0.11597472382709384,0.005493013188242912,0.0016218549571931362,0.10885985568165779,6.226310506463051e-05,0.05516492808237672,0.04771452210843563,0.2189184739254415
tier_10k,3000,1_1438042987127.36_20150728002307-00145-ip-10-236-191-2_499439925_0.csv,2,10,5.0,0.15,3000,3,426,50,False,False,False,50,0,50,0.09523809523809523,0.01509433962264151,,,True,2,0.057929137255996466,0.005584821570664644,0.0012625227682292461,0.051081792917102575,0.0005850642919540405,0.009011947084218264,0.0015171710401773453,0.06904552830383182
tier_10k,3000,1_1438042987127.36_20150728002307-00145-ip-10-236-191-2_499439925_0.csv,2,10,10.0,0.15,3000,3,426,100,False,False,False,100,0,100,0.09523809523809523,0.007168458781362007,,,True,2,0.057929137255996466,0.005584821570664644,0.0012625227682292461,0.051081792917102575,0.0006557679735124111,0.01888631097972393,0.001183296088129282,0.07865611417219043
tier_10k,3000,1_1438042987127.36_20150728002307-00145-ip-10-236-191-2_499439925_0.csv,2,10,15.0,0.15,3000,3,426,150,False,False,False,150,0,150,0.09523809523809523,0.004597701149425287,,,True,2,0.057929137255996466,0.005584821570664644,0.0012625227682292461,0.051081792917102575,0.0006580189801752567,0.02757881209254265,0.0012553869746625423,0.0874229772016406
tier_10k,3000,1_1438042987127.36_20150728002307-00145-ip-10-236-191-2_499439925_0.csv,2,10,20.0,0.15,3000,3,426,200,False,False,False,200,0,200,0.09523809523809523,0.0031847133757961785,,,True,2,0.057929137255996466,0.005584821570664644,0.0012625227682292461,0.051081792917102575,0.0006907060742378235,0.036962506361305714,0.0013388539664447308,0.09692284557968378
tier_10k,3000,1_1438042987127.36_20150728002307-00145-ip-10-236-191-2_499439925_0.csv,2,20,5.0,0.15,3000,3,426,100,False,False,False,100,0,100,0.09523809523809523,0.007168458781362007,,,True,2,0.057929137255996466,0.005584821570664644,0.0012625227682292461,0.051081792917102575,0.0005797040648758411,0.017773902975022793,0.0010207761079072952,0.07730502961203456
tier_10k,3000,1_1438042987127.36_20150728002307-00145-ip-10-236-191-2_499439925_0.csv,2,20,10.0,0.15,3000,3,426,200,False,False,False,200,0,200,0.09523809523809523,0.0031847133757961785,,,True,2,0.057929137255996466,0.005584821570664644,0.0012625227682292461,0.051081792917102575,0.000680689699947834,0.03759600780904293,0.0008577080443501472,0.09706512792035937
tier_10k,3000,1_1438042987127.36_20150728002307-00145-ip-10-236-191-2_499439925_0.csv,2,20,15.0,0.15,3000,3,426,300,False,False,False,300,0,300,0.09523809523809523,0.0017043033659991478,,,True,2,0.057929137255996466,0.005584821570664644,0.0012625227682292461,0.051081792917102575,0.000642010010778904,0.056833325419574976,0.001569362822920084,0.11697532143443823
tier_10k,3000,1_1438042987127.36_20150728002307-00145-ip-10-236-191-2_499439925_0.csv,2,20,20.0,0.15,3000,3,426,400,False,False,False,400,0,400,0.09523809523809523,0.0008331597583836701,,,True,2,0.057929137255996466,0.005584821570664644,0.0012625227682292461,0.051081792917102575,0.0007653236389160156,0.07214095816016197,0.0017379261553287506,0.13257494242861867
tier_10k,3000,1_1438042987127.36_20150728002307-00145-ip-10-236-191-2_499439925_0.csv,2,30,5.0,0.15,3000,3,426,150,False,False,False,150,0,150,0.09523809523809523,0.004597701149425287,,,True,2,0.057929137255996466,0.005584821570664644,0.0012625227682292461,0.051081792917102575,0.0006658420898020267,0.02783167501911521,0.001187679823487997,0.08761582709848881
tier_10k,3000,1_1438042987127.36_20150728002307-00145-ip-10-236-191-2_499439925_0.csv,2,30,10.0,0.15,3000,3,426,300,False,False,False,300,0,300,0.09523809523809523,0.0017043033659991478,,,True,2,0.057929137255996466,0.005584821570664644,0.0012625227682292461,0.051081792917102575,0.0006432286463677883,0.05497461184859276,0.0012804679572582245,0.11482903454452753
tier_10k,3000,1_1438042987127.36_20150728002307-00145-ip-10-236-191-2_499439925_0.csv,2,30,15.0,0.15,3000,3,426,450,True,False,False,426,0,426,0.09523809523809523,0.0005890148726255338,,,False,0,0.057929137255996466,0.005584821570664644,0.0012625227682292461,0.051081792917102575,3.215903416275978e-05,0.07594562275335193,0.0017697149887681007,0.13567816326394677
tier_10k,3000,1_1438042987127.36_20150728002307-00145-ip-10-236-191-2_499439925_0.csv,2,30,20.0,0.15,3000,3,426,600,True,False,False,426,0,426,0.09523809523809523,0.0005890148726255338,,,False,0,0.057929137255996466,0.005584821570664644,0.0012625227682292461,0.051081792917102575,3.0201859772205353e-05,0.07708877604454756,0.0018412009812891483,0.13689091801643372
tier_10k,3000,1_1438042987127.36_20150728002307-00145-ip-10-236-191-2_499439925_0.csv,2,40,5.0,0.15,3000,3,426,200,False,False,False,200,0,200,0.09523809523809523,0.0031847133757961785,,,True,2,0.057929137255996466,0.005584821570664644,0.0012625227682292461,0.051081792917102575,0.0006920588202774525,0.036927335895597935,0.0014755688607692719,0.0970257492735982
tier_10k,3000,1_1438042987127.36_20150728002307-00145-ip-10-236-191-2_499439925_0.csv,2,40,10.0,0.15,3000,3,426,400,False,False,False,400,0,400,0.09523809523809523,0.0008331597583836701,,,True,2,0.057929137255996466,0.005584821570664644,0.0012625227682292461,0.051081792917102575,0.0006956849247217178,0.07220184616744518,0.0021337331272661686,0.13296244386583567
tier_10k,3000,1_1438042987127.36_20150728002307-00145-ip-10-236-191-2_499439925_0.csv,2,40,15.0,0.15,3000,3,426,600,True,False,False,426,0,426,0.09523809523809523,0.0005890148726255338,,,False,0,0.057929137255996466,0.005584821570664644,0.0012625227682292461,0.051081792917102575,3.141583874821663e-05,0.0783684877678752,0.0024013430811464787,0.1387321255169809
tier_10k,3000,1_1438042987127.36_20150728002307-00145-ip-10-236-191-2_499439925_0.csv,2,40,20.0,0.15,3000,3,426,800,True,False,False,426,0,426,0.09523809523809523,0.0005890148726255338,,,False,0,0.057929137255996466,0.005584821570664644,0.0012625227682292461,0.051081792917102575,3.426289185881615e-05,0.07567660277709365,0.001897009089589119,0.13553855940699577
tier_10k,3000,1_1438042987127.36_20150728002307-00145-ip-10-236-191-2_499439925_0.csv,2,50,5.0,0.15,3000,3,426,250,False,False,False,250,0,250,0.09523809523809523,0.0022650056625141564,,,True,2,0.057929137255996466,0.005584821570664644,0.0012625227682292461,0.051081792917102575,0.000679119024425745,0.04529400821775198,0.0014701043255627155,0.10537386499345303
tier_10k,3000,1_1438042987127.36_20150728002307-00145-ip-10-236-191-2_499439925_0.csv,2,50,10.0,0.15,3000,3,426,500,True,False,False,426,0,426,0.09523809523809523,0.0005890148726255338,,,False,0,0.057929137255996466,0.005584821570664644,0.0012625227682292461,0.051081792917102575,3.090081736445427e-05,0.07637966517359018,0.00173281691968441,0.13607411505654454
tier_10k,3000,1_1438042987127.36_20150728002307-00145-ip-10-236-191-2_499439925_0.csv,2,50,15.0,0.15,3000,3,426,750,True,False,False,426,0,426,0.09523809523809523,0.0005890148726255338,,,False,0,0.057929137255996466,0.005584821570664644,0.0012625227682292461,0.051081792917102575,2.7937348932027817e-05,0.07593660335987806,0.0017524226568639278,0.1356474319472909
tier_10k,3000,1_1438042987127.36_20150728002307-00145-ip-10-236-191-2_499439925_0.csv,2,50,20.0,0.15,3000,3,426,1000,True,False,False,426,0,426,0.09523809523809523,0.0005890148726255338,,,False,0,0.057929137255996466,0.005584821570664644,0.0012625227682292461,0.051081792917102575,2.7884729206562042e-05,0.07498062308877707,0.0017303652130067348,0.13466952042654157
tier_10k,3000,1_1438042990112.50_20150728002310-00013-ip-10-236-191-2_321346784_4.csv,1,10,5.0,0.15,3000,14,575,50,False,True,True,50,10,50,0.3333333333333333,0.05405405405405406,0.1935483870967742,27.8934485912323,True,2,0.0697405212558806,0.005548886023461819,0.0011905021965503693,0.0630011330358684,0.000758003443479538,0.003684579860419035,0.004165480379015207,0.07835057936608791
tier_10k,3000,1_1438042990112.50_20150728002310-00013-ip-10-236-191-2_321346784_4.csv,1,10,10.0,0.15,3000,14,575,100,False,True,True,100,10,100,0.3333333333333333,0.025423728813559324,0.18181818181818182,28.989338517189026,True,2,0.0697405212558806,0.005548886023461819,0.0011905021965503693,0.0630011330358684,0.0009014611132442951,0.007969644851982594,0.0035071787424385548,0.0821204879321158
tier_10k,3000,1_1438042990112.50_20150728002310-00013-ip-10-236-191-2_321346784_4.csv,1,10,15.0,0.15,3000,14,575,150,False,True,True,150,10,150,0.3333333333333333,0.015113350125944584,0.16216216216216217,29.65494805574417,True,2,0.0697405212558806,0.005548886023461819,0.0011905021965503693,0.0630011330358684,0.000896836631000042,0.011239542160183191,0.0040813712403178215,0.08595993835479021
tier_10k,3000,1_1438042990112.50_20150728002310-00013-ip-10-236-191-2_321346784_4.csv,1,10,20.0,0.15,3000,14,575,200,False,True,True,200,10,200,0.3333333333333333,0.010050251256281407,0.15789473684210525,29.717706322669983,True,2,0.0697405212558806,0.005548886023461819,0.0011905021965503693,0.0630011330358684,0.0009138761088252068,0.01483525289222598,0.003855343908071518,0.08934683026745915
tier_10k,3000,1_1438042990112.50_20150728002310-00013-ip-10-236-191-2_321346784_4.csv,1,20,5.0,0.15,3000,14,575,100,False,False,False,100,0,100,0.3333333333333333,0.025423728813559324,,,True,2,0.0697405212558806,0.005548886023461819,0.0011905021965503693,0.0630011330358684,0.0008688829839229584,0.007998303044587374,0.0011360468342900276,0.07974530616775155
tier_10k,3000,1_1438042990112.50_20150728002310-00013-ip-10-236-191-2_321346784_4.csv,1,20,10.0,0.15,3000,14,575,200,False,False,False,200,0,200,0.3333333333333333,0.010050251256281407,,,True,2,0.0697405212558806,0.005548886023461819,0.0011905021965503693,0.0630011330358684,0.0009094779379665852,0.01354131568223238,0.0016355989500880241,0.08582841558381915
tier_10k,3000,1_1438042990112.50_20150728002310-00013-ip-10-236-191-2_321346784_4.csv,1,20,15.0,0.15,3000,14,575,300,False,False,False,300,0,300,0.3333333333333333,0.005550416281221091,,,True,2,0.0697405212558806,0.005548886023461819,0.0011905021965503693,0.0630011330358684,0.000944437924772501,0.022037021815776825,0.0014428677968680859,0.09416646836325526
tier_10k,3000,1_1438042990112.50_20150728002310-00013-ip-10-236-191-2_321346784_4.csv,1,20,20.0,0.15,3000,14,575,400,False,False,False,400,0,400,0.3333333333333333,0.003795066413662239,,,True,2,0.0697405212558806,0.005548886023461819,0.0011905021965503693,0.0630011330358684,0.0008873641490936279,0.029539441224187613,0.0014510317705571651,0.10161983640864491
tier_10k,3000,1_1438042990112.50_20150728002310-00013-ip-10-236-191-2_321346784_4.csv,1,30,5.0,0.15,3000,14,575,150,False,False,False,150,0,150,0.3333333333333333,0.015113350125944584,,,True,2,0.0697405212558806,0.005548886023461819,0.0011905021965503693,0.0630011330358684,0.0009052068926393986,0.010809288825839758,0.0012609679251909256,0.08271765615791082
tier_10k,3000,1_1438042990112.50_20150728002310-00013-ip-10-236-191-2_321346784_4.csv,1,30,10.0,0.15,3000,14,575,300,False,False,False,300,0,300,0.3333333333333333,0.005550416281221091,,,True,2,0.0697405212558806,0.005548886023461819,0.0011905021965503693,0.0630011330358684,0.0009556799195706844,0.021903687622398138,0.0015159361064434052,0.09411743516102433
tier_10k,3000,1_1438042990112.50_20150728002310-00013-ip-10-236-191-2_321346784_4.csv,1,30,15.0,0.15,3000,14,575,450,False,False,False,450,0,450,0.3333333333333333,0.0032768978700163844,,,True,2,0.0697405212558806,0.005548886023461819,0.0011905021965503693,0.0630011330358684,0.0009996690787374973,0.034552107099443674,0.001432259101420641,0.10672613233327866
tier_10k,3000,1_1438042990112.50_20150728002310-00013-ip-10-236-191-2_321346784_4.csv,1,30,20.0,0.15,3000,14,575,600,True,False,False,575,0,575,0.3333333333333333,0.002260738507912585,,,False,0,0.0697405212558806,0.005548886023461819,0.0011905021965503693,0.0630011330358684,3.990344703197479e-05,0.04273304995149374,0.0019464492797851562,0.11446126643568277
tier_10k,3000,1_1438042990112.50_20150728002310-00013-ip-10-236-191-2_321346784_4.csv,1,40,5.0,0.15,3000,14,575,200,False,False,False,200,0,200,0.3333333333333333,0.010050251256281407,,,True,2,0.0697405212558806,0.005548886023461819,0.0011905021965503693,0.0630011330358684,0.0008539389818906784,0.013622698839753866,0.0014314833097159863,0.08565018931403756
tier_10k,3000,1_1438042990112.50_20150728002310-00013-ip-10-236-191-2_321346784_4.csv,1,40,10.0,0.15,3000,14,575,400,False,False,False,400,0,400,0.3333333333333333,0.003795066413662239,,,True,2,0.0697405212558806,0.005548886023461819,0.0011905021965503693,0.0630011330358684,0.0010000471957027912,0.031696625985205173,0.0019433670677244663,0.10438236687332392
tier_10k,3000,1_1438042990112.50_20150728002310-00013-ip-10-236-191-2_321346784_4.csv,1,40,15.0,0.15,3000,14,575,600,True,False,False,575,0,575,0.3333333333333333,0.002260738507912585,,,False,0,0.0697405212558806,0.005548886023461819,0.0011905021965503693,0.0630011330358684,4.2104627937078476e-05,0.04428784968331456,0.002125510945916176,0.11619790410622954
tier_10k,3000,1_1438042990112.50_20150728002310-00013-ip-10-236-191-2_321346784_4.csv,1,40,20.0,0.15,3000,14,575,800,True,False,False,575,0,575,0.3333333333333333,0.002260738507912585,,,False,0,0.0697405212558806,0.005548886023461819,0.0011905021965503693,0.0630011330358684,4.392815753817558e-05,0.04438152210786939,0.001940219197422266,0.11610798351466656
tier_10k,3000,1_1438042990112.50_20150728002310-00013-ip-10-236-191-2_321346784_4.csv,1,50,5.0,0.15,3000,14,575,250,False,False,False,250,0,250,0.3333333333333333,0.007220216606498195,,,True,2,0.0697405212558806,0.005548886023461819,0.0011905021965503693,0.0630011330358684,0.0009300191886723042,0.017409849911928177,0.0014640609733760357,0.08954602340236306
tier_10k,3000,1_1438042990112.50_20150728002310-00013-ip-10-236-191-2_321346784_4.csv,1,50,10.0,0.15,3000,14,575,500,False,False,False,500,0,500,0.3333333333333333,0.0028832292167227293,,,True,2,0.0697405212558806,0.005548886023461819,0.0011905021965503693,0.0630011330358684,0.0009276820346713066,0.03769833408296108,0.0017325538210570812,0.11010060226544738
tier_10k,3000,1_1438042990112.50_20150728002310-00013-ip-10-236-191-2_321346784_4.csv,1,50,15.0,0.15,3000,14,575,750,True,False,False,575,0,575,0.3333333333333333,0.002260738507912585,,,False,0,0.0697405212558806,0.005548886023461819,0.0011905021965503693,0.0630011330358684,3.4854747354984283e-05,0.04337862599641085,0.0027372618205845356,0.11589287128299475
tier_10k,3000,1_1438042990112.50_20150728002310-00013-ip-10-236-191-2_321346784_4.csv,1,50,20.0,0.15,3000,14,575,1000,True,False,False,575,0,575,0.3333333333333333,0.002260738507912585,,,False,0,0.0697405212558806,0.005548886023461819,0.0011905021965503693,0.0630011330358684,4.2865052819252014e-05,0.04428450716659427,0.0018986770883202553,0.1159681431017816
tier_10k,3000,0_1438042988061.16_20150728002308-00143-ip-10-236-191-2_392191488_0.csv,0,10,5.0,0.15,3000,23,1067,50,False,True,True,50,10,50,0.06060606060606061,0.12025316455696203,0.16071428571428573,25.013520777225494,True,3,0.1282230345532298,0.004945654887706041,0.0016232910566031933,0.12165408860892057,0.0019126888364553452,0.0045744492672383785,0.005556080024689436,0.14026824850589037
tier_10k,3000,0_1438042988061.16_20150728002308-00143-ip-10-236-191-2_392191488_0.csv,0,10,10.0,0.15,3000,23,1067,100,False,True,True,100,10,100,0.06060606060606061,0.07380073800738007,0.16071428571428573,25.123879432678223,True,4,0.1282230345532298,0.004945654887706041,0.0016232910566031933,0.12165408860892057,0.0026768380776047707,0.00837366608902812,0.0055805109441280365,0.14485600357875228
tier_10k,3000,0_1438042988061.16_20150728002308-00143-ip-10-236-191-2_392191488_0.csv,0,10,15.0,0.15,3000,23,1067,150,False,True,True,150,10,150,0.06060606060606061,0.05,0.15789473684210525,25.295943081378937,True,3,0.1282230345532298,0.004945654887706041,0.0016232910566031933,0.12165408860892057,0.0036457469686865807,0.012026605196297169,0.006117859855294228,0.15001542959362268
tier_10k,3000,0_1438042988061.16_20150728002308-00143-ip-10-236-191-2_392191488_0.csv,0,10,20.0,0.15,3000,23,1067,200,False,True,True,200,10,200,0.06060606060606061,0.0380517503805175,0.15517241379310345,25.373797476291656,True,3,0.1282230345532298,0.004945654887706041,0.0016232910566031933,0.12165408860892057,0.0036667343229055405,0.015305457171052694,0.0069429911673069,0.1541404533199966
tier_10k,3000,0_1438042988061.16_20150728002308-00143-ip-10-236-191-2_392191488_0.csv,0,20,5.0,0.15,3000,23,1067,100,False,True,True,100,20,100,0.06060606060606061,0.07380073800738007,0.15584415584415584,50.83272162079811,True,4,0.1282230345532298,0.004945654887706041,0.0016232910566031933,0.12165408860892057,0.004132281057536602,0.008242412004619837,0.004468107130378485,0.14506804011762142
tier_10k,3000,0_1438042988061.16_20150728002308-00143-ip-10-236-191-2_392191488_0.csv,0,20,10.0,0.15,3000,23,1067,200,False,True,True,200,20,200,0.06060606060606061,0.0380517503805175,0.15,51.266493052244186,True,3,0.1282230345532298,0.004945654887706041,0.0016232910566031933,0.12165408860892057,0.0037239519879221916,0.016032493207603693,0.006742875091731548,0.15472452156245708
tier_10k,3000,0_1438042988061.16_20150728002308-00143-ip-10-236-191-2_392191488_0.csv,0,20,15.0,0.15,3000,23,1067,300,False,True,True,300,20,300,0.06060606060606061,0.02456778889899909,0.15,51.335035353899,True,2,0.1282230345532298,0.004945654887706041,0.0016232910566031933,0.12165408860892057,0.0028062527999281883,0.021875035017728806,0.006524327211081982,0.15943100349977612
tier_10k,3000,0_1438042988061.16_20150728002308-00143-ip-10-236-191-2_392191488_0.csv,0,20,20.0,0.15,3000,23,1067,400,False,True,True,400,20,400,0.06060606060606061,0.017077798861480076,0.15,51.335035353899,True,2,0.1282230345532298,0.004945654887706041,0.0016232910566031933,0.12165408860892057,0.00296892412006855,0.030545514076948166,0.006824401207268238,0.16856419015675783
tier_10k,3000,0_1438042988061.16_20150728002308-00143-ip-10-236-191-2_392191488_0.csv,0,30,5.0,0.15,3000,23,1067,150,False,True,True,150,30,150,0.06060606060606061,0.05,0.15,76.59104374051094,True,3,0.1282230345532298,0.004945654887706041,0.0016232910566031933,0.12165408860892057,0.003687031101435423,0.012440372724086046,0.009954374749213457,0.15430701384320855
tier_10k,3000,0_1438042988061.16_20150728002308-00143-ip-10-236-191-2_392191488_0.csv,0,30,10.0,0.15,3000,23,1067,300,False,True,True,300,30,300,0.06060606060606061,0.02456778889899909,0.15,76.69179686903954,True,2,0.1282230345532298,0.004945654887706041,0.0016232910566031933,0.12165408860892057,0.001972900703549385,0.022666950710117817,0.013034367933869362,0.16589956963434815
tier_10k,3000,0_1438042988061.16_20150728002308-00143-ip-10-236-191-2_392191488_0.csv,0,30,15.0,0.15,3000,23,1067,450,False,True,True,450,30,450,0.06060606060606061,0.014618299945858148,0.15,76.69179686903954,True,2,0.1282230345532298,0.004945654887706041,0.0016232910566031933,0.12165408860892057,0.0018632207065820694,0.030517477076500654,0.016970674972981215,0.177576360758394
tier_10k,3000,0_1438042988061.16_20150728002308-00143-ip-10-236-191-2_392191488_0.csv,0,30,20.0,0.15,3000,23,1067,600,False,True,True,600,30,600,0.06060606060606061,0.00966010733452594,0.15,76.69179686903954,True,2,0.1282230345532298,0.004945654887706041,0.0016232910566031933,0.12165408860892057,0.001966517884284258,0.03955593565478921,0.03771995520219207,0.2074676165357232
tier_10k,3000,0_1438042988061.16_20150728002308-00143-ip-10-236-191-2_392191488_0.csv,0,40,5.0,0.15,3000,23,1067,200,False,False,False,200,0,200,0.06060606060606061,0.0380517503805175,,,True,3,0.1282230345532298,0.004945654887706041,0.0016232910566031933,0.12165408860892057,0.0024206913076341152,0.014717394951730967,0.001541348174214363,0.14690453885123134
tier_10k,3000,0_1438042988061.16_20150728002308-00143-ip-10-236-191-2_392191488_0.csv,0,40,10.0,0.15,3000,23,1067,400,False,False,False,400,0,400,0.06060606060606061,0.017077798861480076,,,True,2,0.1282230345532298,0.004945654887706041,0.0016232910566031933,0.12165408860892057,0.0017481306567788124,0.027094229124486446,0.0017653335817158222,0.1588324257172644
tier_10k,3000,0_1438042988061.16_20150728002308-00143-ip-10-236-191-2_392191488_0.csv,0,40,15.0,0.15,3000,23,1067,600,False,False,False,600,0,600,0.06060606060606061,0.00966010733452594,,,True,2,0.1282230345532298,0.004945654887706041,0.0016232910566031933,0.12165408860892057,0.001850371714681387,0.038321569096297026,0.0019737742841243744,0.1703704367391765
tier_10k,3000,0_1438042988061.16_20150728002308-00143-ip-10-236-191-2_392191488_0.csv,0,40,20.0,0.15,3000,23,1067,800,False,False,False,800,0,800,0.06060606060606061,0.005870841487279843,,,True,2,0.1282230345532298,0.004945654887706041,0.0016232910566031933,0.12165408860892057,0.0019007897935807705,0.05014448193833232,0.0026986589655280113,0.18296869564801455
tier_10k,3000,0_1438042988061.16_20150728002308-00143-ip-10-236-191-2_392191488_0.csv,0,50,5.0,0.15,3000,23,1067,250,False,False,False,250,0,250,0.06060606060606061,0.030303030303030304,,,True,3,0.1282230345532298,0.004945654887706041,0.0016232910566031933,0.12165408860892057,0.0022445297800004482,0.018782435916364193,0.0013300422579050064,0.1505818134173751
tier_10k,3000,0_1438042988061.16_20150728002308-00143-ip-10-236-191-2_392191488_0.csv,0,50,10.0,0.15,3000,23,1067,500,False,False,False,500,0,500,0.06060606060606061,0.012575687005123428,,,True,2,0.1282230345532298,0.004945654887706041,0.0016232910566031933,0.12165408860892057,0.0017909128218889236,0.03386675380170345,0.0016571087762713432,0.16553948540240526
tier_10k,3000,0_1438042988061.16_20150728002308-00143-ip-10-236-191-2_392191488_0.csv,0,50,15.0,0.15,3000,23,1067,750,False,False,False,750,0,750,0.06060606060606061,0.0066273932253313695,,,True,2,0.1282230345532298,0.004945654887706041,0.0016232910566031933,0.12165408860892057,0.0016792980022728443,0.04722090810537338,0.0021939841099083424,0.1793188415467739
tier_10k,3000,0_1438042988061.16_20150728002308-00143-ip-10-236-191-2_392191488_0.csv,0,50,20.0,0.15,3000,23,1067,1000,False,False,False,1000,0,1000,0.06060606060606061,0.003423354887790034,,,True,2,0.1282230345532298,0.004945654887706041,0.0016232910566031933,0.12165408860892057,0.0017957859672605991,0.06133437203243375,0.0030012778006494045,0.19435605872422457
tier_10k,3000,1_1438042987127.36_20150728002307-00040-ip-10-236-191-2_17801588_1.csv,2,10,5.0,0.15,3000,12,858,50,False,True,True,50,10,50,1.0,0.12605042016806722,0.18181818181818182,26.552147328853607,True,4,0.10132512217387557,0.004523771815001965,0.0014704321511089802,0.09533091820776463,0.001957864034920931,0.003149509895592928,0.003637645859271288,0.11007196828722954
tier_10k,3000,1_1438042987127.36_20150728002307-00040-ip-10-236-191-2_17801588_1.csv,2,10,10.0,0.15,3000,12,858,100,False,True,True,100,10,100,1.0,0.0728744939271255,0.18181818181818182,26.711724400520325,True,3,0.10132512217387557,0.004523771815001965,0.0014704321511089802,0.09533091820776463,0.0021920809522271156,0.008131975773721933,0.003068258985877037,0.11471958877518773
tier_10k,3000,1_1438042987127.36_20150728002307-00040-ip-10-236-191-2_17801588_1.csv,2,10,15.0,0.15,3000,12,858,150,False,True,True,150,10,150,1.0,0.05191256830601093,0.18181818181818182,26.81409525871277,True,3,0.10132512217387557,0.004523771815001965,0.0014704321511089802,0.09533091820776463,0.0030138548463582993,0.012369422242045403,0.003805567044764757,0.12051619635894895
tier_10k,3000,1_1438042987127.36_20150728002307-00040-ip-10-236-191-2_17801588_1.csv,2,10,20.0,0.15,3000,12,858,200,False,True,True,200,10,200,1.0,0.04107142857142857,0.18181818181818182,26.822287440299988,True,3,0.10132512217387557,0.004523771815001965,0.0014704321511089802,0.09533091820776463,0.003028695937246084,0.014422288164496422,0.004610505886375904,0.12338870391249657
tier_10k,3000,1_1438042987127.36_20150728002307-00040-ip-10-236-191-2_17801588_1.csv,2,20,5.0,0.15,3000,12,858,100,False,True,True,100,20,100,1.0,0.0728744939271255,0.2,51.60410761833191,True,3,0.10132512217387557,0.004523771815001965,0.0014704321511089802,0.09533091820776463,0.003237635362893343,0.008785825222730637,0.004769972059875727,0.1181208798661828
tier_10k,3000,1_1438042987127.36_20150728002307-00040-ip-10-236-191-2_17801588_1.csv,2,20,10.0,0.15,3000,12,858,200,False,True,True,200,20,200,1.0,0.04107142857142857,0.2,52.059542298316956,True,3,0.10132512217387557,0.004523771815001965,0.0014704321511089802,0.09533091820776463,0.0030475659295916557,0.013795427978038788,0.005779983941465616,0.12395029002800584
tier_10k,3000,1_1438042987127.36_20150728002307-00040-ip-10-236-191-2_17801588_1.csv,2,20,15.0,0.15,3000,12,858,300,False,True,True,300,20,300,1.0,0.030263157894736843,0.2,52.397763788700104,True,3,0.10132512217387557,0.004523771815001965,0.0014704321511089802,0.09533091820776463,0.0032978281378746033,0.020683072041720152,0.006979412864893675,0.13228787016123533
tier_10k,3000,1_1438042987127.36_20150728002307-00040-ip-10-236-191-2_17801588_1.csv,2,20,20.0,0.15,3000,12,858,400,False,True,True,400,20,400,1.0,0.024072216649949848,0.2,52.53533488512039,True,2,0.10132512217387557,0.004523771815001965,0.0014704321511089802,0.09533091820776463,0.0023707160726189613,0.025054742116481066,0.007132010068744421,0.1358847850933671
tier_10k,3000,1_1438042987127.36_20150728002307-00040-ip-10-236-191-2_17801588_1.csv,2,30,5.0,0.15,3000,12,858,150,False,True,True,150,30,150,1.0,0.05191256830601093,0.15151515151515152,77.35196727514267,True,3,0.10132512217387557,0.004523771815001965,0.0014704321511089802,0.09533091820776463,0.0019426639191806316,0.009873311966657639,0.004308258183300495,0.11745113506913185
tier_10k,3000,1_1438042987127.36_20150728002307-00040-ip-10-236-191-2_17801588_1.csv,2,30,10.0,0.15,3000,12,858,300,False,True,True,300,30,300,1.0,0.030263157894736843,0.15151515151515152,78.31072580814362,True,3,0.10132512217387557,0.004523771815001965,0.0014704321511089802,0.09533091820776463,0.00205744756385684,0.018759456928819418,0.005254287738353014,0.12739821430295706
tier_10k,3000,1_1438042987127.36_20150728002307-00040-ip-10-236-191-2_17801588_1.csv,2,30,15.0,0.15,3000,12,858,450,False,True,True,450,30,450,1.0,0.02187784867821331,0.15151515151515152,78.56410926580429,True,2,0.10132512217387557,0.004523771815001965,0.0014704321511089802,0.09533091820776463,0.001448970753699541,0.02719818102195859,0.007712201680988073,0.13768636109307408
tier_10k,3000,1_1438042987127.36_20150728002307-00040-ip-10-236-191-2_17801588_1.csv,2,30,20.0,0.15,3000,12,858,600,False,True,True,600,30,600,1.0,0.015676028739386023,0.1506849315068493,78.63634544610977,True,2,0.10132512217387557,0.004523771815001965,0.0014704321511089802,0.09533091820776463,0.0015376238152384758,0.03631888097152114,0.017004109919071198,0.1561877503991127
tier_10k,3000,1_1438042987127.36_20150728002307-00040-ip-10-236-191-2_17801588_1.csv,2,40,5.0,0.15,3000,12,858,200,False,True,True,200,40,200,1.0,0.04107142857142857,0.15151515151515152,99.50479364395142,True,3,0.10132512217387557,0.004523771815001965,0.0014704321511089802,0.09533091820776463,0.0019205370917916298,0.012805335223674774,0.00552726723253727,0.12158023798838258
tier_10k,3000,1_1438042987127.36_20150728002307-00040-ip-10-236-191-2_17801588_1.csv,2,40,10.0,0.15,3000,12,858,400,False,True,True,400,40,400,1.0,0.024072216649949848,0.15151515151515152,100.60243767499924,True,2,0.10132512217387557,0.004523771815001965,0.0014704321511089802,0.09533091820776463,0.0016325460746884346,0.024163231253623962,0.00770982401445508,0.1348328492604196
tier_10k,3000,1_1438042987127.36_20150728002307-00040-ip-10-236-191-2_17801588_1.csv,2,40,15.0,0.15,3000,12,858,600,False,True,True,600,40,600,1.0,0.015676028739386023,0.15,100.86567860841751,True,2,0.10132512217387557,0.004523771815001965,0.0014704321511089802,0.09533091820776463,0.00156357791274786,0.03550466615706682,0.009202376008033752,0.1475978740490973
tier_10k,3000,1_1438042987127.36_20150728002307-00040-ip-10-236-191-2_17801588_1.csv,2,40,20.0,0.15,3000,12,858,800,False,True,True,800,40,800,1.0,0.010075566750629723,0.15,100.86567860841751,True,2,0.10132512217387557,0.004523771815001965,0.0014704321511089802,0.09533091820776463,0.0016486281529068947,0.04602915281429887,0.015863672830164433,0.16486869705840945
tier_10k,3000,1_1438042987127.36_20150728002307-00040-ip-10-236-191-2_17801588_1.csv,2,50,5.0,0.15,3000,12,858,250,False,False,False,250,0,250,1.0,0.03484848484848485,,,True,3,0.10132512217387557,0.004523771815001965,0.0014704321511089802,0.09533091820776463,0.0019088727422058582,0.015582211781293154,0.001371827907860279,0.12018977850675583
tier_10k,3000,1_1438042987127.36_20150728002307-00040-ip-10-236-191-2_17801588_1.csv,2,50,10.0,0.15,3000,12,858,500,False,False,False,500,0,500,1.0,0.01949634443541836,,,True,2,0.10132512217387557,0.004523771815001965,0.0014704321511089802,0.09533091820776463,0.00151493726298213,0.02962651802226901,0.0018853722140192986,0.13435353012755513
tier_10k,3000,1_1438042987127.36_20150728002307-00040-ip-10-236-191-2_17801588_1.csv,2,50,15.0,0.15,3000,12,858,750,False,False,False,750,0,750,1.0,0.01125703564727955,,,True,2,0.10132512217387557,0.004523771815001965,0.0014704321511089802,0.09533091820776463,0.0015624579973518848,0.04265481512993574,0.0020452123135328293,0.14758921088650823
tier_10k,3000,1_1438042987127.36_20150728002307-00040-ip-10-236-191-2_17801588_1.csv,2,50,20.0,0.15,3000,12,858,1000,True,False,False,858,0,858,1.0,0.008143875127248049,,,False,0,0.10132512217387557,0.004523771815001965,0.0014704321511089802,0.09533091820776463,5.0202012062072754e-05,0.04754874110221863,0.002341874875128269,0.1512674163095653
tier_10k,3000,1_1438042987127.36_20150728002307-00050-ip-10-236-191-2_732552166_0.csv,0,10,5.0,0.15,3000,1,1012,50,False,True,True,50,10,50,1.0,0.0392156862745098,0.18181818181818182,18.014317631721497,True,2,0.1142814913764596,0.003962841350585222,0.0013219239190220833,0.10899672610685229,0.0014311433769762516,0.002187883947044611,0.003715029451996088,0.12161744479089975
tier_10k,3000,1_1438042987127.36_20150728002307-00050-ip-10-236-191-2_732552166_0.csv,0,10,10.0,0.15,3000,1,1012,100,False,True,True,100,10,100,1.0,0.019801980198019802,0.18181818181818182,18.167763769626617,True,2,0.1142814913764596,0.003962841350585222,0.0013219239190220833,0.10899672610685229,0.0016626911237835884,0.004631632938981056,0.0033440859988331795,0.12392161227762699
tier_10k,3000,1_1438042987127.36_20150728002307-00050-ip-10-236-191-2_732552166_0.csv,0,10,15.0,0.15,3000,1,1012,150,False,True,True,150,10,150,1.0,0.013245033112582781,0.18181818181818182,18.38135987520218,True,2,0.1142814913764596,0.003962841350585222,0.0013219239190220833,0.10899672610685229,0.0016408241353929043,0.00681094778701663,0.0032812831923365593,0.12601623451337218
tier_10k,3000,1_1438042987127.36_20150728002307-00050-ip-10-236-191-2_732552166_0.csv,0,10,20.0,0.15,3000,1,1012,200,False,True,True,200,10,200,1.0,0.009950248756218905,0.18181818181818182,18.521269738674164,True,2,0.1142814913764596,0.003962841350585222,0.0013219239190220833,0.10899672610685229,0.001796661876142025,0.009091565851122141,0.003663832787424326,0.1288353600539267
tier_10k,3000,1_1438042987127.36_20150728002307-00050-ip-10-236-191-2_732552166_0.csv,0,20,5.0,0.15,3000,1,1012,100,False,False,False,100,0,100,1.0,0.019801980198019802,,,True,2,0.1142814913764596,0.003962841350585222,0.0013219239190220833,0.10899672610685229,0.0016648550517857075,0.004617705009877682,0.0007711169309914112,0.1213366910815239
tier_10k,3000,1_1438042987127.36_20150728002307-00050-ip-10-236-191-2_732552166_0.csv,0,20,10.0,0.15,3000,1,1012,200,False,False,False,200,0,200,1.0,0.009950248756218905,,,True,2,0.1142814913764596,0.003962841350585222,0.0013219239190220833,0.10899672610685229,0.0016572671011090279,0.008112099021673203,0.0010791858658194542,0.12513150135055184
tier_10k,3000,1_1438042987127.36_20150728002307-00050-ip-10-236-191-2_732552166_0.csv,0,20,15.0,0.15,3000,1,1012,300,False,False,False,300,0,300,1.0,0.006644518272425249,,,True,2,0.1142814913764596,0.003962841350585222,0.0013219239190220833,0.10899672610685229,0.0016695079393684864,0.01284091966226697,0.0012604300864040852,0.13005397142842412
tier_10k,3000,1_1438042987127.36_20150728002307-00050-ip-10-236-191-2_732552166_0.csv,0,20,20.0,0.15,3000,1,1012,400,False,False,False,400,0,400,1.0,0.004987531172069825,,,True,2,0.1142814913764596,0.003962841350585222,0.0013219239190220833,0.10899672610685229,0.0017003039829432964,0.016962965950369835,0.0015168096870183945,0.13446327950805426
tier_10k,3000,1_1438042987127.36_20150728002307-00050-ip-10-236-191-2_732552166_0.csv,0,30,5.0,0.15,3000,1,1012,150,False,False,False,150,0,150,1.0,0.013245033112582781,,,True,2,0.1142814913764596,0.003962841350585222,0.0013219239190220833,0.10899672610685229,0.0016426239162683487,0.006384777836501598,0.0009820605628192425,0.12329248851165175
tier_10k,3000,1_1438042987127.36_20150728002307-00050-ip-10-236-191-2_732552166_0.csv,0,30,10.0,0.15,3000,1,1012,300,False,False,False,300,0,300,1.0,0.006644518272425249,,,True,2,0.1142814913764596,0.003962841350585222,0.0013219239190220833,0.10899672610685229,0.0015591029077768326,0.011887599248439074,0.0013478011824190617,0.12907744431868196
tier_10k,3000,1_1438042987127.36_20150728002307-00050-ip-10-236-191-2_732552166_0.csv,0,30,15.0,0.15,3000,1,1012,450,False,False,False,450,0,450,1.0,0.004434589800443459,,,True,2,0.1142814913764596,0.003962841350585222,0.0013219239190220833,0.10899672610685229,0.001552322879433632,0.01819116296246648,0.0019061570055782795,0.13593268627300858
tier_10k,3000,1_1438042987127.36_20150728002307-00050-ip-10-236-191-2_732552166_0.csv,0,30,20.0,0.15,3000,1,1012,600,False,False,False,600,0,600,1.0,0.0031031807602792862,,,True,2,0.1142814913764596,0.003962841350585222,0.0013219239190220833,0.10899672610685229,0.0017807441763579845,0.025000891648232937,0.00180427310988307,0.14286902034655213
tier_10k,3000,1_1438042987127.36_20150728002307-00050-ip-10-236-191-2_732552166_0.csv,0,40,5.0,0.15,3000,1,1012,200,False,False,False,200,0,200,1.0,0.009950248756218905,,,True,2,0.1142814913764596,0.003962841350585222,0.0013219239190220833,0.10899672610685229,0.0014995238743722439,0.00803700229153037,0.0012502470053732395,0.12506966339424253
tier_10k,3000,1_1438042987127.36_20150728002307-00050-ip-10-236-191-2_732552166_0.csv,0,40,10.0,0.15,3000,1,1012,400,False,False,False,400,0,400,1.0,0.004987531172069825,,,True,2,0.1142814913764596,0.003962841350585222,0.0013219239190220833,0.10899672610685229,0.0017127706669270992,0.01673388807103038,0.0014770915731787682,0.1342068873345852
tier_10k,3000,1_1438042987127.36_20150728002307-00050-ip-10-236-191-2_732552166_0.csv,0,40,15.0,0.15,3000,1,1012,600,False,False,False,600,0,600,1.0,0.0031031807602792862,,,True,2,0.1142814913764596,0.003962841350585222,0.0013219239190220833,0.10899672610685229,0.001601137686520815,0.023316475097090006,0.0018556788563728333,0.14105642912909389
tier_10k,3000,1_1438042987127.36_20150728002307-00050-ip-10-236-191-2_732552166_0.csv,0,40,20.0,0.15,3000,1,1012,800,False,False,False,800,0,800,1.0,0.002041858090862685,,,True,2,0.1142814913764596,0.003962841350585222,0.0013219239190220833,0.10899672610685229,0.0016474188305437565,0.030350875109434128,0.002079855650663376,0.14836119394749403
tier_10k,3000,1_1438042987127.36_20150728002307-00050-ip-10-236-191-2_732552166_0.csv,0,50,5.0,0.15,3000,1,1012,250,False,False,False,250,0,250,1.0,0.00796812749003984,,,True,2,0.1142814913764596,0.003962841350585222,0.0013219239190220833,0.10899672610685229,0.0016833669506013393,0.011170891113579273,0.0012341542169451714,0.12837146734818816
tier_10k,3000,1_1438042987127.36_20150728002307-00050-ip-10-236-191-2_732552166_0.csv,0,50,10.0,0.15,3000,1,1012,500,False,False,False,500,0,500,1.0,0.003992015968063872,,,True,2,0.1142814913764596,0.003962841350585222,0.0013219239190220833,0.10899672610685229,0.0017554252408444881,0.023400214966386557,0.0018520313315093517,0.14129082625731826
tier_10k,3000,1_1438042987127.36_20150728002307-00050-ip-10-236-191-2_732552166_0.csv,0,50,15.0,0.15,3000,1,1012,750,False,False,False,750,0,750,1.0,0.0022740193291642978,,,True,2,0.1142814913764596,0.003962841350585222,0.0013219239190220833,0.10899672610685229,0.001865639816969633,0.028781604021787643,0.0023518726229667664,0.14728264044970274
tier_10k,3000,1_1438042987127.36_20150728002307-00050-ip-10-236-191-2_732552166_0.csv,0,50,20.0,0.15,3000,1,1012,1000,False,False,False,1000,0,1000,1.0,0.0013205678441729944,,,True,2,0.1142814913764596,0.003962841350585222,0.0013219239190220833,0.10899672610685229,0.0019683889113366604,0.03851117240265012,0.0027272719889879227,0.15748994331806898
tier_10k,3000,1_1438042987127.36_20150728002307-00263-ip-10-236-191-2_379683688_1.csv,0,10,5.0,0.15,3000,8,929,50,False,False,False,50,0,50,0.16666666666666666,0.031746031746031744,,,True,2,0.11260769097134471,0.004788630176335573,0.0016715489327907562,0.10614751186221838,0.0013421019539237022,0.0029358360916376114,0.00157989002764225,0.11846767086535692
tier_10k,3000,1_1438042987127.36_20150728002307-00263-ip-10-236-191-2_379683688_1.csv,0,10,10.0,0.15,3000,8,929,100,False,False,False,100,0,100,0.16666666666666666,0.01646090534979424,,,True,2,0.11260769097134471,0.004788630176335573,0.0016715489327907562,0.10614751186221838,0.0015113279223442078,0.006233274005353451,0.0010002418421208858,0.12135416176170111
tier_10k,3000,1_1438042987127.36_20150728002307-00263-ip-10-236-191-2_379683688_1.csv,0,10,15.0,0.15,3000,8,929,150,False,False,False,150,0,150,0.16666666666666666,0.010178117048346057,,,True,2,0.11260769097134471,0.004788630176335573,0.0016715489327907562,0.10614751186221838,0.0014668428339064121,0.008759009651839733,0.0014604809693992138,0.12429551500827074
tier_10k,3000,1_1438042987127.36_20150728002307-00263-ip-10-236-191-2_379683688_1.csv,0,10,20.0,0.15,3000,8,929,200,False,False,False,200,0,200,0.16666666666666666,0.007029876977152899,,,True,2,0.11260769097134471,0.004788630176335573,0.0016715489327907562,0.10614751186221838,0.0014704461209475994,0.011772265657782555,0.00114123011007905,0.12699352437630296
tier_10k,3000,1_1438042987127.36_20150728002307-00263-ip-10-236-191-2_379683688_1.csv,0,20,5.0,0.15,3000,8,929,100,False,False,False,100,0,100,0.16666666666666666,0.01646090534979424,,,True,2,0.11260769097134471,0.004788630176335573,0.0016715489327907562,0.10614751186221838,0.0014352179132401943,0.006170749664306641,0.0008954759687185287,0.12111074989661574
tier_10k,3000,1_1438042987127.36_20150728002307-00263-ip-10-236-191-2_379683688_1.csv,0,20,10.0,0.15,3000,8,929,200,False,False,False,200,0,200,0.16666666666666666,0.007029876977152899,,,True,2,0.11260769097134471,0.004788630176335573,0.0016715489327907562,0.10614751186221838,0.0014562979340553284,0.011111665051430464,0.0013772053644061089,0.12655418692156672
tier_10k,3000,1_1438042987127.36_20150728002307-00263-ip-10-236-191-2_379683688_1.csv,0,20,15.0,0.15,3000,8,929,300,False,False,False,300,0,300,0.16666666666666666,0.003902439024390244,,,True,2,0.11260769097134471,0.004788630176335573,0.0016715489327907562,0.10614751186221838,0.0014891019091010094,0.01685868762433529,0.0014416500926017761,0.13239875761792064
tier_10k,3000,1_1438042987127.36_20150728002307-00263-ip-10-236-191-2_379683688_1.csv,0,20,20.0,0.15,3000,8,929,400,False,False,False,400,0,400,0.16666666666666666,0.00258732212160414,,,True,2,0.11260769097134471,0.004788630176335573,0.0016715489327907562,0.10614751186221838,0.0015048501081764698,0.021220888942480087,0.0016494370065629482,0.13698446936905384
tier_10k,3000,1_1438042987127.36_20150728002307-00263-ip-10-236-191-2_379683688_1.csv,0,30,5.0,0.15,3000,8,929,150,False,False,False,150,0,150,0.16666666666666666,0.010178117048346057,,,True,2,0.11260769097134471,0.004788630176335573,0.0016715489327907562,0.10614751186221838,0.0014570700004696846,0.008938547223806381,0.0012726029381155968,0.12427731696516275
tier_10k,3000,1_1438042987127.36_20150728002307-00263-ip-10-236-191-2_379683688_1.csv,0,30,10.0,0.15,3000,8,929,300,False,False,False,300,0,300,0.16666666666666666,0.003902439024390244,,,True,2,0.11260769097134471,0.004788630176335573,0.0016715489327907562,0.10614751186221838,0.0014918828383088112,0.017565868329256773,0.0014655659906566143,0.13313255133107305
tier_10k,3000,1_1438042987127.36_20150728002307-00263-ip-10-236-191-2_379683688_1.csv,0,30,15.0,0.15,3000,8,929,450,False,False,False,450,0,450,0.16666666666666666,0.0021668472372697724,,,True,2,0.11260769097134471,0.004788630176335573,0.0016715489327907562,0.10614751186221838,0.0014012795872986317,0.023930342867970467,0.0016311327926814556,0.13957197312265635
tier_10k,3000,1_1438042987127.36_20150728002307-00263-ip-10-236-191-2_379683688_1.csv,0,30,20.0,0.15,3000,8,929,600,False,False,False,600,0,600,0.16666666666666666,0.0013508949679162446,,,True,2,0.11260769097134471,0.004788630176335573,0.0016715489327907562,0.10614751186221838,0.0016044899821281433,0.0314524550922215,0.001917501911520958,0.14758377382531762
tier_10k,3000,1_1438042987127.36_20150728002307-00263-ip-10-236-191-2_379683688_1.csv,0,40,5.0,0.15,3000,8,929,200,False,False,False,200,0,200,0.16666666666666666,0.007029876977152899,,,True,2,0.11260769097134471,0.004788630176335573,0.0016715489327907562,0.10614751186221838,0.001402365043759346,0.011607900261878967,0.0014569670893251896,0.12707639392465353
tier_10k,3000,1_1438042987127.36_20150728002307-00263-ip-10-236-191-2_379683688_1.csv,0,40,10.0,0.15,3000,8,929,400,False,False,False,400,0,400,0.16666666666666666,0.00258732212160414,,,True,2,0.11260769097134471,0.004788630176335573,0.0016715489327907562,0.10614751186221838,0.0015395861119031906,0.02192828105762601,0.001597351860255003,0.1376744732260704
tier_10k,3000,1_1438042987127.36_20150728002307-00263-ip-10-236-191-2_379683688_1.csv,0,40,15.0,0.15,3000,8,929,600,False,False,False,600,0,600,0.16666666666666666,0.0013508949679162446,,,True,2,0.11260769097134471,0.004788630176335573,0.0016715489327907562,0.10614751186221838,0.001446716021746397,0.03141990676522255,0.001918232999742031,0.14739408623427153
tier_10k,3000,1_1438042987127.36_20150728002307-00263-ip-10-236-191-2_379683688_1.csv,0,40,20.0,0.15,3000,8,929,800,False,False,False,800,0,800,0.16666666666666666,0.0007189072609633358,,,True,2,0.11260769097134471,0.004788630176335573,0.0016715489327907562,0.10614751186221838,0.0015309923328459263,0.042688353918492794,0.002447822131216526,0.15927638998255134
tier_10k,3000,1_1438042987127.36_20150728002307-00263-ip-10-236-191-2_379683688_1.csv,0,50,5.0,0.15,3000,8,929,250,False,False,False,250,0,250,0.16666666666666666,0.005161290322580645,,,True,2,0.11260769097134471,0.004788630176335573,0.0016715489327907562,0.10614751186221838,0.0015050782822072506,0.014306714292615652,0.0014493241906166077,0.12987043987959623
tier_10k,3000,1_1438042987127.36_20150728002307-00263-ip-10-236-191-2_379683688_1.csv,0,50,10.0,0.15,3000,8,929,500,False,False,False,500,0,500,0.16666666666666666,0.0018373909049150207,,,True,2,0.11260769097134471,0.004788630176335573,0.0016715489327907562,0.10614751186221838,0.0016035446897149086,0.026790589559823275,0.001821076963096857,0.14282470382750034
tier_10k,3000,1_1438042987127.36_20150728002307-00263-ip-10-236-191-2_379683688_1.csv,0,50,15.0,0.15,3000,8,929,750,False,False,False,750,0,750,0.16666666666666666,0.0008596604341285192,,,True,2,0.11260769097134471,0.004788630176335573,0.0016715489327907562,0.10614751186221838,0.0016715768724679947,0.03995187161490321,0.0022592893801629543,0.15649215877056122
tier_10k,3000,1_1438042987127.36_20150728002307-00263-ip-10-236-191-2_379683688_1.csv,0,50,20.0,0.15,3000,8,929,1000,True,False,False,929,0,929,0.16666666666666666,0.0002588326646822829,,,False,0,0.11260769097134471,0.004788630176335573,0.0016715489327907562,0.10614751186221838,5.963025614619255e-05,0.0494909412227571,0.002393665723502636,0.16455342900007963
tier_10k,3000,1_1438042990112.50_20150728002310-00139-ip-10-236-191-2_473436377_9.csv,1,10,5.0,0.15,3000,138,796,50,False,True,True,50,10,50,0.6666666666666666,0.9313304721030042,0.8837209302325582,36.46713012456894,True,2,0.09677762584760785,0.004959396086633205,0.001398853026330471,0.09041937673464417,0.0010342258028686047,0.003865450154989958,0.004062213934957981,0.10574151109904051
tier_10k,3000,1_1438042990112.50_20150728002310-00139-ip-10-236-191-2_473436377_9.csv,1,10,10.0,0.15,3000,138,796,100,False,True,True,100,10,100,0.6666666666666666,0.664756446991404,0.7654320987654321,37.797673881053925,True,3,0.09677762584760785,0.004959396086633205,0.001398853026330471,0.09041937673464417,0.00156819773837924,0.008749050088226795,0.003771563060581684,0.11086814012378454
tier_10k,3000,1_1438042990112.50_20150728002310-00139-ip-10-236-191-2_473436377_9.csv,1,10,15.0,0.15,3000,138,796,150,False,True,True,150,10,150,0.6666666666666666,0.4707070707070707,0.7654320987654321,37.797673881053925,True,3,0.09677762584760785,0.004959396086633205,0.001398853026330471,0.09041937673464417,0.0015719584189355373,0.012477078009396791,0.0038213860243558884,0.11464968184009194
tier_10k,3000,1_1438042990112.50_20150728002310-00139-ip-10-236-191-2_473436377_9.csv,1,10,20.0,0.15,3000,138,796,200,False,True,True,200,10,200,0.6666666666666666,0.34416543574593794,0.6666666666666666,37.905054688453674,True,3,0.09677762584760785,0.004959396086633205,0.001398853026330471,0.09041937673464417,0.0016139373183250427,0.01595830824226141,0.004176432266831398,0.1185280317440629
tier_10k,3000,1_1438042990112.50_20150728002310-00139-ip-10-236-191-2_473436377_9.csv,1,20,5.0,0.15,3000,138,796,100,False,True,True,100,20,100,0.6666666666666666,0.664756446991404,0.8582089552238806,71.47596603631973,True,3,0.09677762584760785,0.004959396086633205,0.001398853026330471,0.09041937673464417,0.0015601972118020058,0.008526484947651625,0.0033185482025146484,0.11018455494195223
tier_10k,3000,1_1438042990112.50_20150728002310-00139-ip-10-236-191-2_473436377_9.csv,1,20,10.0,0.15,3000,138,796,200,False,True,True,200,20,200,0.6666666666666666,0.34416543574593794,0.7555555555555555,72.14168959856033,True,3,0.09677762584760785,0.004959396086633205,0.001398853026330471,0.09041937673464417,0.0016003400087356567,0.016149745788425207,0.004102904815226793,0.1186322858557105
tier_10k,3000,1_1438042990112.50_20150728002310-00139-ip-10-236-191-2_473436377_9.csv,1,20,15.0,0.15,3000,138,796,300,False,True,True,300,20,300,0.6666666666666666,0.21356553620531624,0.6,72.90274107456207,True,3,0.09677762584760785,0.004959396086633205,0.001398853026330471,0.09041937673464417,0.0016548950225114822,0.023292205296456814,0.004648283123970032,0.12637473223730922
tier_10k,3000,1_1438042990112.50_20150728002310-00139-ip-10-236-191-2_473436377_9.csv,1,20,20.0,0.15,3000,138,796,400,False,True,True,400,20,400,0.6666666666666666,0.1464487743557511,0.4,73.99606710672379,True,3,0.09677762584760785,0.004959396086633205,0.001398853026330471,0.09041937673464417,0.001734923105686903,0.031699259765446186,0.0050736647099256516,0.13528728811070323
tier_10k,3000,1_1438042990112.50_20150728002310-00139-ip-10-236-191-2_473436377_9.csv,1,30,5.0,0.15,3000,138,796,150,False,True,True,150,30,150,0.6666666666666666,0.4707070707070707,0.8125,104.11024695634842,True,3,0.09677762584760785,0.004959396086633205,0.001398853026330471,0.09041937673464417,0.0016129156574606895,0.012449215166270733,0.003686923999339342,0.11452854983508587
tier_10k,3000,1_1438042990112.50_20150728002310-00139-ip-10-236-191-2_473436377_9.csv,1,30,10.0,0.15,3000,138,796,300,False,True,True,300,30,300,0.6666666666666666,0.21356553620531624,0.576271186440678,106.69307005405426,True,3,0.09677762584760785,0.004959396086633205,0.001398853026330471,0.09041937673464417,0.0016682399436831474,0.02415022673085332,0.006051979027688503,0.12865035282447934
tier_10k,3000,1_1438042990112.50_20150728002310-00139-ip-10-236-191-2_473436377_9.csv,1,30,15.0,0.15,3000,138,796,450,False,True,True,450,30,450,0.6666666666666666,0.12362493452069147,0.3870967741935484,110.1723040342331,True,2,0.09677762584760785,0.004959396086633205,0.001398853026330471,0.09041937673464417,0.0014724968932569027,0.034525396302342415,0.005092449951916933,0.13786999508738518
tier_10k,3000,1_1438042990112.50_20150728002310-00139-ip-10-236-191-2_473436377_9.csv,1,30,20.0,0.15,3000,138,796,600,False,True,True,600,30,600,0.6666666666666666,0.07426054122089365,0.23469387755102042,111.5780400633812,True,2,0.09677762584760785,0.004959396086633205,0.001398853026330471,0.09041937673464417,0.0014070752076804638,0.04548228811472654,0.005537052173167467,0.14920584997162223
tier_10k,3000,1_1438042990112.50_20150728002310-00139-ip-10-236-191-2_473436377_9.csv,1,40,5.0,0.15,3000,138,796,200,False,True,True,200,40,200,0.6666666666666666,0.34416543574593794,0.6966824644549763,137.18486833572388,True,3,0.09677762584760785,0.004959396086633205,0.001398853026330471,0.09041937673464417,0.0016330787912011147,0.016119428910315037,0.003953111823648214,0.11848497483879328
tier_10k,3000,1_1438042990112.50_20150728002310-00139-ip-10-236-191-2_473436377_9.csv,1,40,10.0,0.15,3000,138,796,400,False,True,True,400,40,400,0.6666666666666666,0.1464487743557511,0.4864864864864865,141.8938894867897,True,3,0.09677762584760785,0.004959396086633205,0.001398853026330471,0.09041937673464417,0.0017112339846789837,0.030083767138421535,0.004623092245310545,0.1331975758075714
tier_10k,3000,1_1438042990112.50_20150728002310-00139-ip-10-236-191-2_473436377_9.csv,1,40,15.0,0.15,3000,138,796,600,False,True,True,600,40,600,0.6666666666666666,0.07426054122089365,0.26865671641791045,146.66923588514328,True,2,0.09677762584760785,0.004959396086633205,0.001398853026330471,0.09041937673464417,0.0013614101335406303,0.04520935518667102,0.005960750859230757,0.14931083796545863
tier_10k,3000,1_1438042990112.50_20150728002310-00139-ip-10-236-191-2_473436377_9.csv,1,40,20.0,0.15,3000,138,796,800,True,True,True,796,40,796,0.6666666666666666,0.01827332559039876,0.2246376811594203,147.05983275175095,False,0,0.09677762584760785,0.004959396086633205,0.001398853026330471,0.09041937673464417,5.634315311908722e-05,0.06019577104598284,0.006833358202129602,0.16386495856568217
tier_10k,3000,1_1438042990112.50_20150728002310-00139-ip-10-236-191-2_473436377_9.csv,1,50,5.0,0.15,3000,138,796,250,False,True,True,250,50,250,0.6666666666666666,0.26567844925883694,0.5903614457831325,169.85201400518417,True,3,0.09677762584760785,0.004959396086633205,0.001398853026330471,0.09041937673464417,0.0016795066185295582,0.019546021707355976,0.004670594818890095,0.12267548078671098
tier_10k,3000,1_1438042990112.50_20150728002310-00139-ip-10-236-191-2_473436377_9.csv,1,50,10.0,0.15,3000,138,796,500,False,True,True,500,50,500,0.6666666666666666,0.10488888888888889,0.31186440677966104,179.19677209854126,True,2,0.09677762584760785,0.004959396086633205,0.001398853026330471,0.09041937673464417,0.0013381061144173145,0.03745049983263016,0.005299965385347605,0.14086796576157212
tier_10k,3000,1_1438042990112.50_20150728002310-00139-ip-10-236-191-2_473436377_9.csv,1,50,15.0,0.15,3000,138,796,750,False,True,True,750,50,750,0.6666666666666666,0.03662889958094056,0.25970149253731345,181.37065410614014,True,2,0.09677762584760785,0.004959396086633205,0.001398853026330471,0.09041937673464417,0.0014466890133917332,0.055753805208951235,0.006548632867634296,0.16052847960963845
tier_10k,3000,1_1438042990112.50_20150728002310-00139-ip-10-236-191-2_473436377_9.csv,1,50,20.0,0.15,3000,138,796,1000,True,True,True,796,50,796,0.6666666666666666,0.01827332559039876,0.25970149253731345,181.37065410614014,False,0,0.09677762584760785,0.004959396086633205,0.001398853026330471,0.09041937673464417,5.306024104356766e-05,0.059696811717003584,0.006972061935812235,0.16350123193114996
tier_10k,3000,1_1438042987127.36_20150728002307-00017-ip-10-236-191-2_861030184_5.csv,1,10,5.0,0.15,3000,6,920,50,False,True,True,50,10,50,1.0,0.08130081300813008,0.36363636363636365,27.610271394252777,True,3,0.10327371675521135,0.0037246160209178925,0.001749939750880003,0.09779916098341346,0.0017009028233587742,0.002803088165819645,0.00385386124253273,0.11163358669728041
tier_10k,3000,1_1438042987127.36_20150728002307-00017-ip-10-236-191-2_861030184_5.csv,1,10,10.0,0.15,3000,6,920,100,False,True,True,100,10,100,1.0,0.04484304932735426,0.36363636363636365,27.90684884786606,True,3,0.10327371675521135,0.0037246160209178925,0.001749939750880003,0.09779916098341346,0.001961483620107174,0.006334561388939619,0.0036886646412312984,0.11526016285642982
tier_10k,3000,1_1438042987127.36_20150728002307-00017-ip-10-236-191-2_861030184_5.csv,1,10,15.0,0.15,3000,6,920,150,False,True,True,150,10,150,1.0,0.031791907514450865,0.36363636363636365,28.108875274658203,True,2,0.10327371675521135,0.0037246160209178925,0.001749939750880003,0.09779916098341346,0.0014918600209057331,0.00918865716084838,0.004191642161458731,0.1181476297788322
tier_10k,3000,1_1438042987127.36_20150728002307-00017-ip-10-236-191-2_861030184_5.csv,1,10,20.0,0.15,3000,6,920,200,False,True,True,200,10,200,1.0,0.02466367713004484,0.36363636363636365,28.212446749210358,True,2,0.10327371675521135,0.0037246160209178925,0.001749939750880003,0.09779916098341346,0.0016433950513601303,0.012336444109678268,0.003900777082890272,0.12115616770461202
tier_10k,3000,1_1438042987127.36_20150728002307-00017-ip-10-236-191-2_861030184_5.csv,1,20,5.0,0.15,3000,6,920,100,False,True,True,100,20,100,1.0,0.04484304932735426,0.19047619047619047,54.13467347621918,True,3,0.10327371675521135,0.0037246160209178925,0.001749939750880003,0.09779916098341346,0.0019517107866704464,0.006297298241406679,0.0034305891022086143,0.11495491163805127
tier_10k,3000,1_1438042987127.36_20150728002307-00017-ip-10-236-191-2_861030184_5.csv,1,20,10.0,0.15,3000,6,920,200,False,True,True,200,20,200,1.0,0.02466367713004484,0.19047619047619047,55.021034598350525,True,2,0.10327371675521135,0.0037246160209178925,0.001749939750880003,0.09779916098341346,0.0014823307283222675,0.011921515688300133,0.0038838163018226624,0.12056298786774278
tier_10k,3000,1_1438042987127.36_20150728002307-00017-ip-10-236-191-2_861030184_5.csv,1,20,15.0,0.15,3000,6,920,300,False,True,True,300,20,300,1.0,0.017027863777089782,0.19047619047619047,55.31014996767044,True,2,0.10327371675521135,0.0037246160209178925,0.001749939750880003,0.09779916098341346,0.0015273652970790863,0.017333413939923048,0.005183962639421225,0.12732026865705848
tier_10k,3000,1_1438042987127.36_20150728002307-00017-ip-10-236-191-2_861030184_5.csv,1,20,20.0,0.15,3000,6,920,400,False,True,True,400,20,400,1.0,0.013002364066193853,0.19047619047619047,55.432332038879395,True,2,0.10327371675521135,0.0037246160209178925,0.001749939750880003,0.09779916098341346,0.0017069526948034763,0.023128320928663015,0.006358650978654623,0.1344696064479649
tier_10k,3000,1_1438042987127.36_20150728002307-00017-ip-10-236-191-2_861030184_5.csv,1,30,5.0,0.15,3000,6,920,150,False,False,False,150,0,150,1.0,0.031791907514450865,,,True,2,0.10327371675521135,0.0037246160209178925,0.001749939750880003,0.09779916098341346,0.0016475641168653965,0.009105974808335304,0.001260572113096714,0.11528947483748198
tier_10k,3000,1_1438042987127.36_20150728002307-00017-ip-10-236-191-2_861030184_5.csv,1,30,10.0,0.15,3000,6,920,300,False,False,False,300,0,300,1.0,0.017027863777089782,,,True,2,0.10327371675521135,0.0037246160209178925,0.001749939750880003,0.09779916098341346,0.0013990802690386772,0.016611339058727026,0.0015090913511812687,0.12279481068253517
tier_10k,3000,1_1438042987127.36_20150728002307-00017-ip-10-236-191-2_861030184_5.csv,1,30,15.0,0.15,3000,6,920,450,False,False,False,450,0,450,1.0,0.011627906976744186,,,True,2,0.10327371675521135,0.0037246160209178925,0.001749939750880003,0.09779916098341346,0.0014342800714075565,0.024761223699897528,0.0017730719409883022,0.13124375604093075
tier_10k,3000,1_1438042987127.36_20150728002307-00017-ip-10-236-191-2_861030184_5.csv,1,30,20.0,0.15,3000,6,920,600,False,False,False,600,0,600,1.0,0.00820283370618941,,,True,2,0.10327371675521135,0.0037246160209178925,0.001749939750880003,0.09779916098341346,0.0016271802596747875,0.03306167805567384,0.0021917899139225483,0.1401559696532786
tier_10k,3000,1_1438042987127.36_20150728002307-00017-ip-10-236-191-2_861030184_5.csv,1,40,5.0,0.15,3000,6,920,200,False,False,False,200,0,200,1.0,0.02466367713004484,,,True,2,0.10327371675521135,0.0037246160209178925,0.001749939750880003,0.09779916098341346,0.0015109190717339516,0.011662208009511232,0.0014205542393028736,0.11786897387355566
tier_10k,3000,1_1438042987127.36_20150728002307-00017-ip-10-236-191-2_861030184_5.csv,1,40,10.0,0.15,3000,6,920,400,False,False,False,400,0,400,1.0,0.013002364066193853,,,True,2,0.10327371675521135,0.0037246160209178925,0.001749939750880003,0.09779916098341346,0.0015529859811067581,0.022998198866844177,0.001657069195061922,0.12948354566469789
tier_10k,3000,1_1438042987127.36_20150728002307-00017-ip-10-236-191-2_861030184_5.csv,1,40,15.0,0.15,3000,6,920,600,False,False,False,600,0,600,1.0,0.00820283370618941,,,True,2,0.10327371675521135,0.0037246160209178925,0.001749939750880003,0.09779916098341346,0.0014598709531128407,0.033353823237121105,0.0018221247009932995,0.13991103880107403
tier_10k,3000,1_1438042987127.36_20150728002307-00017-ip-10-236-191-2_861030184_5.csv,1,40,20.0,0.15,3000,6,920,800,False,False,False,800,0,800,1.0,0.005306319343945972,,,True,2,0.10327371675521135,0.0037246160209178925,0.001749939750880003,0.09779916098341346,0.0015375809744000435,0.04180835513398051,0.0022911098785698414,0.14891221094876528
tier_10k,3000,1_1438042987127.36_20150728002307-00017-ip-10-236-191-2_861030184_5.csv,1,50,5.0,0.15,3000,6,920,250,False,False,False,250,0,250,1.0,0.020146520146520148,,,True,2,0.10327371675521135,0.0037246160209178925,0.001749939750880003,0.09779916098341346,0.001506288070231676,0.01512487092986703,0.0012837979011237621,0.12119023455306888
tier_10k,3000,1_1438042987127.36_20150728002307-00017-ip-10-236-191-2_861030184_5.csv,1,50,10.0,0.15,3000,6,920,500,False,False,False,500,0,500,1.0,0.010516252390057362,,,True,2,0.10327371675521135,0.0037246160209178925,0.001749939750880003,0.09779916098341346,0.001578575000166893,0.029174984898418188,0.001614934764802456,0.1356439208611846
tier_10k,3000,1_1438042987127.36_20150728002307-00017-ip-10-236-191-2_861030184_5.csv,1,50,15.0,0.15,3000,6,920,750,False,False,False,750,0,750,1.0,0.00596529284164859,,,True,2,0.10327371675521135,0.0037246160209178925,0.001749939750880003,0.09779916098341346,0.00150007801130414,0.040664519648998976,0.0023001376539468765,0.14774004882201552
tier_10k,3000,1_1438042987127.36_20150728002307-00017-ip-10-236-191-2_861030184_5.csv,1,50,20.0,0.15,3000,6,920,1000,True,False,False,920,0,920,1.0,0.004027828634199927,,,False,0,0.10327371675521135,0.0037246160209178925,0.001749939750880003,0.09779916098341346,6.362795829772949e-05,0.04855336109176278,0.002291494980454445,0.1541837528347969
tier_10k,4000,0_1438042988458.74_20150728002308-00103-ip-10-236-191-2_666285279_1.csv,0,10,5.0,0.15,4000,24,1184,50,False,True,True,50,10,50,0.125,0.1476510067114094,0.1590909090909091,34.803489565849304,True,3,0.13722130469977856,0.005880502983927727,0.0017354167066514492,0.12960538500919938,0.0021961648017168045,0.004818973131477833,0.004714259412139654,0.14895288366824389
tier_10k,4000,0_1438042988458.74_20150728002308-00103-ip-10-236-191-2_666285279_1.csv,0,10,10.0,0.15,4000,24,1184,100,False,True,True,100,10,100,0.125,0.08480565371024736,0.15,35.55732697248459,True,2,0.13722130469977856,0.005880502983927727,0.0017354167066514492,0.12960538500919938,0.0019054659642279148,0.010010676924139261,0.009593674913048744,0.15873281378298998
tier_10k,4000,0_1438042988458.74_20150728002308-00103-ip-10-236-191-2_666285279_1.csv,0,10,15.0,0.15,4000,24,1184,150,False,True,True,150,10,150,0.125,0.05542725173210162,0.1509433962264151,35.70362859964371,True,2,0.13722130469977856,0.005880502983927727,0.0017354167066514492,0.12960538500919938,0.0018754140473902225,0.014313430991023779,0.005931794177740812,0.15934369061142206
tier_10k,4000,0_1438042988458.74_20150728002308-00103-ip-10-236-191-2_666285279_1.csv,0,10,20.0,0.15,4000,24,1184,200,False,True,True,200,10,200,0.125,0.039538714991762765,0.1509433962264151,35.70362859964371,True,2,0.13722130469977856,0.005880502983927727,0.0017354167066514492,0.12960538500919938,0.0018742941319942474,0.01854937383905053,0.006902894005179405,0.16454971674829721
tier_10k,4000,0_1438042988458.74_20150728002308-00103-ip-10-236-191-2_666285279_1.csv,0,20,5.0,0.15,4000,24,1184,100,False,True,True,100,20,100,0.125,0.08480565371024736,0.15,66.0166323184967,True,2,0.13722130469977856,0.005880502983927727,0.0017354167066514492,0.12960538500919938,0.001842475961893797,0.009976909030228853,0.003801967017352581,0.15284450259059668
tier_10k,4000,0_1438042988458.74_20150728002308-00103-ip-10-236-191-2_666285279_1.csv,0,20,10.0,0.15,4000,24,1184,200,False,True,True,200,20,200,0.125,0.039538714991762765,0.15,66.10266065597534,True,2,0.13722130469977856,0.005880502983927727,0.0017354167066514492,0.12960538500919938,0.0018864721059799194,0.018379306886345148,0.004033831879496574,0.16152269067242742
tier_10k,4000,0_1438042988458.74_20150728002308-00103-ip-10-236-191-2_666285279_1.csv,0,20,15.0,0.15,4000,24,1184,300,False,True,True,300,20,300,0.125,0.023622047244094488,0.15,66.10266065597534,True,2,0.13722130469977856,0.005880502983927727,0.0017354167066514492,0.12960538500919938,0.001915391068905592,0.026600860059261322,0.004393796902149916,0.17013327265158296
tier_10k,4000,0_1438042988458.74_20150728002308-00103-ip-10-236-191-2_666285279_1.csv,0,20,20.0,0.15,4000,24,1184,400,False,True,True,400,20,400,0.125,0.0158311345646438,0.15,66.10266065597534,True,2,0.13722130469977856,0.005880502983927727,0.0017354167066514492,0.12960538500919938,0.00229544285684824,0.03907533083111048,0.004927156027406454,0.1835211208090186
tier_10k,4000,0_1438042988458.74_20150728002308-00103-ip-10-236-191-2_666285279_1.csv,0,30,5.0,0.15,4000,24,1184,150,False,True,True,150,30,150,0.125,0.05542725173210162,0.1509433962264151,88.24963530898094,True,2,0.13722130469977856,0.005880502983927727,0.0017354167066514492,0.12960538500919938,0.001971350982785225,0.014424474909901619,0.0258665569126606,0.17948561906814575
tier_10k,4000,0_1438042988458.74_20150728002308-00103-ip-10-236-191-2_666285279_1.csv,0,30,10.0,0.15,4000,24,1184,300,False,True,True,300,30,300,0.125,0.023622047244094488,0.1509433962264151,88.24963530898094,True,2,0.13722130469977856,0.005880502983927727,0.0017354167066514492,0.12960538500919938,0.0020646597258746624,0.026841057930141687,0.057209859136492014,0.2233393588103354
tier_10k,4000,0_1438042988458.74_20150728002308-00103-ip-10-236-191-2_666285279_1.csv,0,30,15.0,0.15,4000,24,1184,450,False,True,True,450,30,450,0.125,0.013590033975084938,0.1509433962264151,88.24963530898094,True,2,0.13722130469977856,0.005880502983927727,0.0017354167066514492,0.12960538500919938,0.00217850087210536,0.04173598624765873,0.15092192497104406,0.3320602816529572
tier_10k,4000,0_1438042988458.74_20150728002308-00103-ip-10-236-191-2_666285279_1.csv,0,30,20.0,0.15,4000,24,1184,600,False,True,True,600,30,600,0.125,0.009056603773584906,0.1509433962264151,88.24963530898094,True,2,0.13722130469977856,0.005880502983927727,0.0017354167066514492,0.12960538500919938,0.0027123531326651573,0.05474174674600363,0.30086996499449015,0.49554798984900117
tier_10k,4000,0_1438042988458.74_20150728002308-00103-ip-10-236-191-2_666285279_1.csv,0,40,5.0,0.15,4000,24,1184,200,False,True,True,200,40,200,0.125,0.039538714991762765,0.15079365079365079,109.98279809951782,True,2,0.13722130469977856,0.005880502983927727,0.0017354167066514492,0.12960538500919938,0.0021481113508343697,0.018731866031885147,0.7710229698568583,0.929127259645611
tier_10k,4000,0_1438042988458.74_20150728002308-00103-ip-10-236-191-2_666285279_1.csv,0,40,10.0,0.15,4000,24,1184,400,False,True,True,400,40,400,0.125,0.0158311345646438,0.15079365079365079,109.98279809951782,True,2,0.13722130469977856,0.005880502983927727,0.0017354167066514492,0.12960538500919938,0.0031007668003439903,0.04221642389893532,0.2201624270528555,0.40270392084494233
tier_10k,4000,0_1438042988458.74_20150728002308-00103-ip-10-236-191-2_666285279_1.csv,0,40,15.0,0.15,4000,24,1184,600,False,True,True,600,40,600,0.125,0.009056603773584906,0.15079365079365079,109.98279809951782,True,2,0.13722130469977856,0.005880502983927727,0.0017354167066514492,0.12960538500919938,0.0036538373678922653,0.06250423798337579,0.3331009829416871,0.536483658477664
tier_10k,4000,0_1438042988458.74_20150728002308-00103-ip-10-236-191-2_666285279_1.csv,0,40,20.0,0.15,4000,24,1184,800,False,True,True,800,40,800,0.125,0.0055878928987194414,0.15079365079365079,109.98279809951782,True,2,0.13722130469977856,0.005880502983927727,0.0017354167066514492,0.12960538500919938,0.003961800131946802,0.07909086719155312,1.960863261949271,2.1811408195644617
tier_10k,4000,0_1438042988458.74_20150728002308-00103-ip-10-236-191-2_666285279_1.csv,0,50,5.0,0.15,4000,24,1184,250,False,False,False,250,0,250,0.125,0.02973977695167286,,,True,2,0.13722130469977856,0.005880502983927727,0.0017354167066514492,0.12960538500919938,0.00238379230722785,0.024464529938995838,0.0020132693462073803,0.16608488373458385
tier_10k,4000,0_1438042988458.74_20150728002308-00103-ip-10-236-191-2_666285279_1.csv,0,50,10.0,0.15,4000,24,1184,500,False,False,False,500,0,500,0.125,0.011764705882352941,,,True,2,0.13722130469977856,0.005880502983927727,0.0017354167066514492,0.12960538500919938,0.001978109125047922,0.045262763276696205,0.0018871696665883064,0.18635105388239026
tier_10k,4000,0_1438042988458.74_20150728002308-00103-ip-10-236-191-2_666285279_1.csv,0,50,15.0,0.15,4000,24,1184,750,False,False,False,750,0,750,0.125,0.006284367635506678,,,True,2,0.13722130469977856,0.005880502983927727,0.0017354167066514492,0.12960538500919938,0.0021389261819422245,0.05999133316799998,0.0026932368054986,0.20204649353399873
tier_10k,4000,0_1438042988458.74_20150728002308-00103-ip-10-236-191-2_666285279_1.csv,0,50,20.0,0.15,4000,24,1184,1000,False,False,False,1000,0,1000,0.125,0.003616636528028933,,,True,2,0.13722130469977856,0.005880502983927727,0.0017354167066514492,0.12960538500919938,0.0022146529518067837,0.08098815893754363,0.002672255039215088,0.2230979586020112
tier_10k,4000,1_1438042987127.36_20150728002307-00144-ip-10-236-191-2_676020729_0.csv,1,10,5.0,0.15,4000,3484,3027,50,False,True,True,50,10,50,0.6,0.7806451612903226,0.8269230769230769,36.12818244099617,True,3,0.3547538388520479,0.007613440975546837,0.0039495849050581455,0.34319081297144294,0.006048534065485001,0.009453244972974062,0.004002308938652277,0.3742601810954511
tier_10k,4000,1_1438042987127.36_20150728002307-00144-ip-10-236-191-2_676020729_0.csv,1,10,10.0,0.15,4000,3484,3027,100,False,True,True,100,10,100,0.6,0.6718146718146718,0.6923076923076923,39.139015913009644,True,2,0.3547538388520479,0.007613440975546837,0.0039495849050581455,0.34319081297144294,0.005214205943048,0.020158908795565367,0.0038491301238536835,0.3839777638204396
tier_10k,4000,1_1438042987127.36_20150728002307-00144-ip-10-236-191-2_676020729_0.csv,1,10,15.0,0.15,4000,3484,3027,150,False,True,True,150,10,150,0.6,0.6451612903225806,0.6727272727272727,42.09442710876465,True,2,0.3547538388520479,0.007613440975546837,0.0039495849050581455,0.34319081297144294,0.005007566884160042,0.0304394350387156,0.003422717098146677,0.3936252905987203
tier_10k,4000,1_1438042987127.36_20150728002307-00144-ip-10-236-191-2_676020729_0.csv,1,10,20.0,0.15,4000,3484,3027,200,False,True,True,200,10,200,0.6,0.6334371754932503,0.6727272727272727,42.97965270280838,True,2,0.3547538388520479,0.007613440975546837,0.0039495849050581455,0.34319081297144294,0.00507735600695014,0.039588072802871466,0.00427585793659091,0.4036968136206269
tier_10k,4000,1_1438042987127.36_20150728002307-00144-ip-10-236-191-2_676020729_0.csv,1,20,5.0,0.15,4000,3484,3027,100,False,True,True,100,20,100,0.6,0.6718146718146718,0.7432432432432432,71.21132788062096,True,2,0.3547538388520479,0.007613440975546837,0.0039495849050581455,0.34319081297144294,0.00498114712536335,0.01997783873230219,0.0038439887575805187,0.3835584558546543
tier_10k,4000,1_1438042987127.36_20150728002307-00144-ip-10-236-191-2_676020729_0.csv,1,20,10.0,0.15,4000,3484,3027,200,False,True,True,200,20,200,0.6,0.6334371754932503,0.6981132075471698,78.12124997377396,True,2,0.3547538388520479,0.007613440975546837,0.0039495849050581455,0.34319081297144294,0.005019054282456636,0.039757573045790195,0.004227032884955406,0.40375932352617383
tier_10k,4000,1_1438042987127.36_20150728002307-00144-ip-10-236-191-2_676020729_0.csv,1,20,15.0,0.15,4000,3484,3027,300,False,True,True,300,20,300,0.6,0.6220095693779905,0.6822429906542056,85.63316717743874,True,2,0.3547538388520479,0.007613440975546837,0.0039495849050581455,0.34319081297144294,0.005034736357629299,0.05929703498259187,0.004424974787980318,0.42351236613467336
tier_10k,4000,1_1438042987127.36_20150728002307-00144-ip-10-236-191-2_676020729_0.csv,1,20,20.0,0.15,4000,3484,3027,400,False,True,True,400,20,400,0.6,0.608440797186401,0.6373626373626373,88.01377671957016,True,2,0.3547538388520479,0.007613440975546837,0.0039495849050581455,0.34319081297144294,0.0051417299546301365,0.08346902905032039,0.005033134948462248,0.44839966762810946
tier_10k,4000,1_1438042987127.36_20150728002307-00144-ip-10-236-191-2_676020729_0.csv,1,30,5.0,0.15,4000,3484,3027,150,False,True,True,150,30,150,0.6,0.6451612903225806,0.6666666666666666,108.47225546836853,True,2,0.3547538388520479,0.007613440975546837,0.0039495849050581455,0.34319081297144294,0.008253591135144234,0.029985956847667694,0.0031477422453463078,0.3961435705423355
tier_10k,4000,1_1438042987127.36_20150728002307-00144-ip-10-236-191-2_676020729_0.csv,1,30,10.0,0.15,4000,3484,3027,300,False,True,True,300,30,300,0.6,0.6220095693779905,0.6666666666666666,118.45982274413109,True,2,0.3547538388520479,0.007613440975546837,0.0039495849050581455,0.34319081297144294,0.008239624090492725,0.06022553006187081,0.003859646152704954,0.42708082403987646
tier_10k,4000,1_1438042987127.36_20150728002307-00144-ip-10-236-191-2_676020729_0.csv,1,30,15.0,0.15,4000,3484,3027,450,False,True,True,450,30,450,0.6,0.5940040650406504,0.6402877697841727,124.08256396651268,True,2,0.3547538388520479,0.007613440975546837,0.0039495849050581455,0.34319081297144294,0.008594183251261711,0.09000063221901655,0.005420370027422905,0.45877161202952266
tier_10k,4000,1_1438042987127.36_20150728002307-00144-ip-10-236-191-2_676020729_0.csv,1,30,20.0,0.15,4000,3484,3027,600,False,True,True,600,30,600,0.6,0.5452086553323029,0.49645390070921985,131.8455330133438,True,2,0.3547538388520479,0.007613440975546837,0.0039495849050581455,0.34319081297144294,0.008617089129984379,0.11976069118827581,0.00668342923745513,0.4898177436552942
tier_10k,4000,1_1438042987127.36_20150728002307-00144-ip-10-236-191-2_676020729_0.csv,1,40,5.0,0.15,4000,3484,3027,200,False,True,True,200,40,200,0.6,0.6334371754932503,0.6504854368932039,142.5484742820263,True,2,0.3547538388520479,0.007613440975546837,0.0039495849050581455,0.34319081297144294,0.008421519305557013,0.04009525664150715,0.0038249092176556587,0.4070980018004775
tier_10k,4000,1_1438042987127.36_20150728002307-00144-ip-10-236-191-2_676020729_0.csv,1,40,10.0,0.15,4000,3484,3027,400,False,True,True,400,40,400,0.6,0.608440797186401,0.6467661691542289,154.6588705778122,True,2,0.3547538388520479,0.007613440975546837,0.0039495849050581455,0.34319081297144294,0.008678784128278494,0.08179750386625528,0.005100324749946594,0.45033269096165895
tier_10k,4000,1_1438042987127.36_20150728002307-00144-ip-10-236-191-2_676020729_0.csv,1,40,15.0,0.15,4000,3484,3027,600,False,True,True,600,40,600,0.6,0.5452086553323029,0.518324607329843,168.95375788211823,True,2,0.3547538388520479,0.007613440975546837,0.0039495849050581455,0.34319081297144294,0.008351224940270185,0.11765034310519695,0.005695680622011423,0.48645341908559203
tier_10k,4000,1_1438042987127.36_20150728002307-00144-ip-10-236-191-2_676020729_0.csv,1,40,20.0,0.15,4000,3484,3027,800,False,True,True,800,40,800,0.6,0.4663586485706035,0.3924731182795699,177.53448230028152,True,2,0.3547538388520479,0.007613440975546837,0.0039495849050581455,0.34319081297144294,0.008686008397489786,0.15657065156847239,0.007709825877100229,0.5277226315811276
tier_10k,4000,1_1438042987127.36_20150728002307-00144-ip-10-236-191-2_676020729_0.csv,1,50,5.0,0.15,4000,3484,3027,250,False,True,True,250,50,250,0.6,0.6265457543281121,0.640625,182.5921586751938,True,2,0.3547538388520479,0.007613440975546837,0.0039495849050581455,0.34319081297144294,0.007855859119445086,0.049061356112360954,0.004328903276473284,0.4160024248994887
tier_10k,4000,1_1438042987127.36_20150728002307-00144-ip-10-236-191-2_676020729_0.csv,1,50,10.0,0.15,4000,3484,3027,500,False,True,True,500,50,500,0.6,0.5796579657965797,0.6074380165289256,191.32641142606735,True,2,0.3547538388520479,0.007613440975546837,0.0039495849050581455,0.34319081297144294,0.008615786209702492,0.09859809326007962,0.0058143250644207,0.467784462030977
tier_10k,4000,1_1438042987127.36_20150728002307-00144-ip-10-236-191-2_676020729_0.csv,1,50,15.0,0.15,4000,3484,3027,750,False,True,True,750,50,750,0.6,0.48708372237784003,0.4008438818565401,215.0706121325493,True,2,0.3547538388520479,0.007613440975546837,0.0039495849050581455,0.34319081297144294,0.009990228340029716,0.2062206333503127,0.008610555902123451,0.5795780676417053
tier_10k,4000,1_1438042987127.36_20150728002307-00144-ip-10-236-191-2_676020729_0.csv,1,50,20.0,0.15,4000,3484,3027,1000,False,True,True,1000,50,1000,0.6,0.40013510470614727,0.3025210084033613,225.56269615888596,True,3,0.3547538388520479,0.007613440975546837,0.0039495849050581455,0.34319081297144294,0.012602351140230894,0.2642958830110729,0.011351310182362795,0.6430065929889679
tier_10k,4000,0_1438042988061.16_20150728002308-00282-ip-10-236-191-2_894007386_3.csv,0,10,5.0,0.15,4000,393,1484,50,False,True,True,50,10,50,0.6,0.6120689655172413,0.6,19.224753677845,True,2,0.2365583023056388,0.007499708794057369,0.0029624858871102333,0.2260961076244712,0.0029107369482517242,0.00223352899774909,0.0041670529171824455,0.24587250221520662
tier_10k,4000,0_1438042988061.16_20150728002308-00282-ip-10-236-191-2_894007386_3.csv,0,10,10.0,0.15,4000,393,1484,100,False,True,True,100,10,100,0.6,0.5,0.5925925925925926,19.24947065114975,True,2,0.2365583023056388,0.007499708794057369,0.0029624858871102333,0.2260961076244712,0.005134731996804476,0.004458757117390633,0.004477111157029867,0.25063162157312036
tier_10k,4000,0_1438042988061.16_20150728002308-00282-ip-10-236-191-2_894007386_3.csv,0,10,15.0,0.15,4000,393,1484,150,False,True,True,150,10,150,0.6,0.40608228980322003,0.5925925925925926,19.24947065114975,True,3,0.2365583023056388,0.007499708794057369,0.0029624858871102333,0.2260961076244712,0.005467880051583052,0.0070297750644385815,0.004351986106485128,0.2534106345847249
tier_10k,4000,0_1438042988061.16_20150728002308-00282-ip-10-236-191-2_894007386_3.csv,0,10,20.0,0.15,4000,393,1484,200,False,True,True,200,10,200,0.6,0.34966887417218545,0.5925925925925926,19.24947065114975,True,3,0.2365583023056388,0.007499708794057369,0.0029624858871102333,0.2260961076244712,0.006453226320445538,0.00902930274605751,0.005245634820312262,0.2572894664481282
tier_10k,4000,0_1438042988061.16_20150728002308-00282-ip-10-236-191-2_894007386_3.csv,0,20,5.0,0.15,4000,393,1484,100,False,True,True,100,20,100,0.6,0.5,0.58,38.12419492006302,True,2,0.2365583023056388,0.007499708794057369,0.0029624858871102333,0.2260961076244712,0.004234153777360916,0.004149506334215403,0.0034194309264421463,0.24836412351578474
tier_10k,4000,0_1438042988061.16_20150728002308-00282-ip-10-236-191-2_894007386_3.csv,0,20,10.0,0.15,4000,393,1484,200,False,True,True,200,20,200,0.6,0.34966887417218545,0.58,38.12419492006302,True,3,0.2365583023056388,0.007499708794057369,0.0029624858871102333,0.2260961076244712,0.005782752297818661,0.008815668988972902,0.004730238113552332,0.25588962715119123
tier_10k,4000,0_1438042988061.16_20150728002308-00282-ip-10-236-191-2_894007386_3.csv,0,20,15.0,0.15,4000,393,1484,300,False,True,True,300,20,300,0.6,0.2902166776099803,0.5533980582524272,38.129732608795166,True,4,0.2365583023056388,0.007499708794057369,0.0029624858871102333,0.2260961076244712,0.008030968718230724,0.013360945973545313,0.005239267833530903,0.26319232024252415
tier_10k,4000,0_1438042988061.16_20150728002308-00282-ip-10-236-191-2_894007386_3.csv,0,20,20.0,0.15,4000,393,1484,400,False,True,True,400,20,400,0.6,0.25526579739217653,0.5333333333333333,38.14056318998337,True,4,0.2365583023056388,0.007499708794057369,0.0029624858871102333,0.2260961076244712,0.006636099889874458,0.017309918999671936,0.0068032098934054375,0.2673101304098964
tier_10k,4000,0_1438042988061.16_20150728002308-00282-ip-10-236-191-2_894007386_3.csv,0,30,5.0,0.15,4000,393,1484,150,False,True,True,150,30,150,0.6,0.40608228980322003,0.5694444444444444,56.807289838790894,True,3,0.2365583023056388,0.007499708794057369,0.0029624858871102333,0.2260961076244712,0.006221333984285593,0.007056236732751131,0.003786081913858652,0.25362468929961324
tier_10k,4000,0_1438042988061.16_20150728002308-00282-ip-10-236-191-2_894007386_3.csv,0,30,10.0,0.15,4000,393,1484,300,False,True,True,300,30,300,0.6,0.2902166776099803,0.525974025974026,56.84245753288269,True,4,0.2365583023056388,0.007499708794057369,0.0029624858871102333,0.2260961076244712,0.006721826735883951,0.013002012856304646,0.005455336067825556,0.26174039440229535
tier_10k,4000,0_1438042988061.16_20150728002308-00282-ip-10-236-191-2_894007386_3.csv,0,30,15.0,0.15,4000,393,1484,450,False,True,True,450,30,450,0.6,0.23763736263736263,0.5163398692810458,56.87475574016571,True,3,0.2365583023056388,0.007499708794057369,0.0029624858871102333,0.2260961076244712,0.005241714883595705,0.019755038898438215,0.007080873008817434,0.2686384101398289
tier_10k,4000,0_1438042988061.16_20150728002308-00282-ip-10-236-191-2_894007386_3.csv,0,30,20.0,0.15,4000,393,1484,600,False,True,True,600,30,600,0.6,0.19350180505415163,0.5163398692810458,56.87475574016571,True,3,0.2365583023056388,0.007499708794057369,0.0029624858871102333,0.2260961076244712,0.005556265823543072,0.026981348171830177,0.008214350324124098,0.2773127472028136
tier_10k,4000,0_1438042988061.16_20150728002308-00282-ip-10-236-191-2_894007386_3.csv,0,40,5.0,0.15,4000,393,1484,200,False,True,True,200,40,200,0.6,0.34966887417218545,0.5583756345177665,75.30283206701279,True,3,0.2365583023056388,0.007499708794057369,0.0029624858871102333,0.2260961076244712,0.0045131491497159,0.008718437049537897,0.004465676844120026,0.25425793090835214
tier_10k,4000,0_1438042988061.16_20150728002308-00282-ip-10-236-191-2_894007386_3.csv,0,40,10.0,0.15,4000,393,1484,400,False,True,True,400,40,400,0.6,0.25526579739217653,0.47641509433962265,75.4810779094696,True,4,0.2365583023056388,0.007499708794057369,0.0029624858871102333,0.2260961076244712,0.0067557538859546185,0.017315912060439587,0.0069353641010820866,0.2675680164247751
tier_10k,4000,0_1438042988061.16_20150728002308-00282-ip-10-236-191-2_894007386_3.csv,0,40,15.0,0.15,4000,393,1484,600,False,True,True,600,40,600,0.6,0.19350180505415163,0.47641509433962265,75.4810779094696,True,3,0.2365583023056388,0.007499708794057369,0.0029624858871102333,0.2260961076244712,0.0050583952106535435,0.02702738158404827,0.007481526117771864,0.27612822921946645
tier_10k,4000,0_1438042988061.16_20150728002308-00282-ip-10-236-191-2_894007386_3.csv,0,40,20.0,0.15,4000,393,1484,800,False,True,True,800,40,800,0.6,0.14415862808145766,0.4597156398104265,75.53843486309052,True,2,0.2365583023056388,0.007499708794057369,0.0029624858871102333,0.2260961076244712,0.004443410784006119,0.03710380010306835,0.00949085596948862,0.28759890561923385
tier_10k,4000,0_1438042988061.16_20150728002308-00282-ip-10-236-191-2_894007386_3.csv,0,50,5.0,0.15,4000,393,1484,250,False,True,True,250,50,250,0.6,0.3139427516158818,0.5115384615384615,93.77454781532288,True,2,0.2365583023056388,0.007499708794057369,0.0029624858871102333,0.2260961076244712,0.0028960909694433212,0.010863192845135927,0.004641987849026918,0.2549617253243923
tier_10k,4000,0_1438042988061.16_20150728002308-00282-ip-10-236-191-2_894007386_3.csv,0,50,10.0,0.15,4000,393,1484,500,False,True,True,500,50,500,0.6,0.22236503856041132,0.467680608365019,93.94991683959961,True,3,0.2365583023056388,0.007499708794057369,0.0029624858871102333,0.2260961076244712,0.003989341668784618,0.02209124295040965,0.006543422117829323,0.26918445993214846
tier_10k,4000,0_1438042988061.16_20150728002308-00282-ip-10-236-191-2_894007386_3.csv,0,50,15.0,0.15,4000,393,1484,750,False,True,True,750,50,750,0.6,0.15499855949294153,0.4448669201520912,94.03577435016632,True,2,0.2365583023056388,0.007499708794057369,0.0029624858871102333,0.2260961076244712,0.003104926086962223,0.034566684160381556,0.007753455080091953,0.28198554925620556
tier_10k,4000,0_1438042988061.16_20150728002308-00282-ip-10-236-191-2_894007386_3.csv,0,50,20.0,0.15,4000,393,1484,1000,False,True,True,1000,50,1000,0.6,0.10584300609876057,0.4448669201520912,94.03577435016632,True,2,0.2365583023056388,0.007499708794057369,0.0029624858871102333,0.2260961076244712,0.0033870087936520576,0.046855995897203684,0.009863095823675394,0.29666651831939816
tier_10k,4000,0_1438042988458.74_20150728002308-00249-ip-10-236-191-2_328699461_4.csv,2,10,5.0,0.15,4000,6776,3335,50,False,True,True,50,10,50,0.6,0.9983948635634029,0.9875,20.65971279144287,True,1,0.5273874197155237,0.010479340329766273,0.006552419159561396,0.510355660226196,0.004735344089567661,0.006819854956120253,0.0044671460054814816,0.5434125647880137
tier_10k,4000,0_1438042988458.74_20150728002308-00249-ip-10-236-191-2_328699461_4.csv,2,10,10.0,0.15,4000,6776,3335,100,False,True,True,100,10,100,0.6,0.9986254295532646,0.9787234042553191,21.6045019030571,True,1,0.5273874197155237,0.010479340329766273,0.006552419159561396,0.510355660226196,0.005298670846968889,0.014013742096722126,0.004875231068581343,0.5515776467509568
tier_10k,4000,0_1438042988458.74_20150728002308-00249-ip-10-236-191-2_328699461_4.csv,2,10,15.0,0.15,4000,6776,3335,150,False,True,True,150,10,150,0.6,0.9987179487179487,0.972972972972973,21.64310848712921,True,1,0.5273874197155237,0.010479340329766273,0.006552419159561396,0.510355660226196,0.00674803601577878,0.023857272695749998,0.005047373007982969,0.563042831607163
tier_10k,4000,0_1438042988458.74_20150728002308-00249-ip-10-236-191-2_328699461_4.csv,2,10,20.0,0.15,4000,6776,3335,200,False,True,True,200,10,200,0.6,0.9987951807228915,0.972972972972973,21.64310848712921,True,1,0.5273874197155237,0.010479340329766273,0.006552419159561396,0.510355660226196,0.005366988014429808,0.027489956934005022,0.004937204997986555,0.5651838006451726
tier_10k,4000,0_1438042988458.74_20150728002308-00249-ip-10-236-191-2_328699461_4.csv,2,20,5.0,0.15,4000,6776,3335,100,False,True,True,100,20,100,0.6,0.9986254295532646,0.9863945578231292,41.92216783761978,True,1,0.5273874197155237,0.010479340329766273,0.006552419159561396,0.510355660226196,0.004437885247170925,0.011970752850174904,0.0042274631559848785,0.548025487922132
tier_10k,4000,0_1438042988458.74_20150728002308-00249-ip-10-236-191-2_328699461_4.csv,2,20,10.0,0.15,4000,6776,3335,200,False,True,True,200,20,200,0.6,0.9987951807228915,0.984375,42.269244849681854,True,1,0.5273874197155237,0.010479340329766273,0.006552419159561396,0.510355660226196,0.0045484439469873905,0.026095553301274776,0.005046083126217127,0.5630794544704258
tier_10k,4000,0_1438042988458.74_20150728002308-00249-ip-10-236-191-2_328699461_4.csv,2,20,15.0,0.15,4000,6776,3335,300,False,True,True,300,20,300,0.6,0.9746787603930461,0.8947368421052632,48.30901896953583,True,4,0.5273874197155237,0.010479340329766273,0.006552419159561396,0.510355660226196,0.01116361003369093,0.03851346764713526,0.006114515941590071,0.5831813225522637
tier_10k,4000,0_1438042988458.74_20150728002308-00249-ip-10-236-191-2_328699461_4.csv,2,20,20.0,0.15,4000,6776,3335,400,False,True,True,400,20,400,0.6,0.9466076696165192,0.819047619047619,51.691704511642456,True,4,0.5273874197155237,0.010479340329766273,0.006552419159561396,0.510355660226196,0.01300315698608756,0.05012507410719991,0.007903093937784433,0.598420939873904
tier_10k,4000,0_1438042988458.74_20150728002308-00249-ip-10-236-191-2_328699461_4.csv,2,30,5.0,0.15,4000,6776,3335,150,False,True,True,150,30,150,0.6,0.9987179487179487,0.9911894273127754,62.23179733753204,True,1,0.5273874197155237,0.010479340329766273,0.006552419159561396,0.510355660226196,0.004484975710511208,0.019201196264475584,0.004371218848973513,0.5554469297640026
tier_10k,4000,0_1438042988458.74_20150728002308-00249-ip-10-236-191-2_328699461_4.csv,2,30,10.0,0.15,4000,6776,3335,300,False,True,True,300,30,300,0.6,0.9746787603930461,0.9186602870813397,69.09585011005402,True,4,0.5273874197155237,0.010479340329766273,0.006552419159561396,0.510355660226196,0.01126591069623828,0.038728561252355576,0.006478383205831051,0.5838626059703529
tier_10k,4000,0_1438042988458.74_20150728002308-00249-ip-10-236-191-2_328699461_4.csv,2,30,15.0,0.15,4000,6776,3335,450,False,True,True,450,30,450,0.6,0.9339194554736245,0.8925925925925926,73.7069560289383,True,4,0.5273874197155237,0.010479340329766273,0.006552419159561396,0.510355660226196,0.011841867119073868,0.05663527315482497,0.009145050309598446,0.6050121546722949
tier_10k,4000,0_1438042988458.74_20150728002308-00249-ip-10-236-191-2_328699461_4.csv,2,30,20.0,0.15,4000,6776,3335,600,False,True,True,600,30,600,0.6,0.9019515636021632,0.8925925925925926,73.7069560289383,True,4,0.5273874197155237,0.010479340329766273,0.006552419159561396,0.510355660226196,0.012059020809829235,0.0767373088747263,0.011277544312179089,0.6274636778980494
tier_10k,4000,0_1438042988458.74_20150728002308-00249-ip-10-236-191-2_328699461_4.csv,2,40,5.0,0.15,4000,6776,3335,200,False,True,True,200,40,200,0.6,0.9987951807228915,0.9920948616600791,82.14510494470596,True,1,0.5273874197155237,0.010479340329766273,0.006552419159561396,0.510355660226196,0.004896162077784538,0.02654291782528162,0.004976894240826368,0.5638055838644505
tier_10k,4000,0_1438042988458.74_20150728002308-00249-ip-10-236-191-2_328699461_4.csv,2,40,10.0,0.15,4000,6776,3335,400,False,True,True,400,40,400,0.6,0.9466076696165192,0.9036827195467422,94.0967847108841,True,4,0.5273874197155237,0.010479340329766273,0.006552419159561396,0.510355660226196,0.011522558983415365,0.05032805213704705,0.008059498853981495,0.5972999124787748
tier_10k,4000,0_1438042988458.74_20150728002308-00249-ip-10-236-191-2_328699461_4.csv,2,40,15.0,0.15,4000,6776,3335,600,False,True,True,600,40,600,0.6,0.9019515636021632,0.8958333333333334,94.74224835634232,True,4,0.5273874197155237,0.010479340329766273,0.006552419159561396,0.510355660226196,0.011534384917467833,0.07554692402482033,0.01110304705798626,0.6255740118212998
tier_10k,4000,0_1438042988458.74_20150728002308-00249-ip-10-236-191-2_328699461_4.csv,2,40,20.0,0.15,4000,6776,3335,800,False,True,True,800,40,800,0.6,0.8511380323054332,0.615,118.99644374847412,True,3,0.5273874197155237,0.010479340329766273,0.006552419159561396,0.510355660226196,0.009456517174839973,0.09940724400803447,0.01532876631245017,0.6515823099762201
tier_10k,4000,0_1438042988458.74_20150728002308-00249-ip-10-236-191-2_328699461_4.csv,2,50,5.0,0.15,4000,6776,3335,250,False,True,True,250,50,250,0.6,0.992931392931393,0.9870967741935484,102.29765123128891,True,2,0.5273874197155237,0.010479340329766273,0.006552419159561396,0.510355660226196,0.00683110486716032,0.03302239812910557,0.005420461762696505,0.5726637090556324
tier_10k,4000,0_1438042988458.74_20150728002308-00249-ip-10-236-191-2_328699461_4.csv,2,50,10.0,0.15,4000,6776,3335,500,False,True,True,500,50,500,0.6,0.92230252968508,0.9030612244897959,115.40891563892365,True,4,0.5273874197155237,0.010479340329766273,0.006552419159561396,0.510355660226196,0.011495758313685656,0.06256836093962193,0.008865040261298418,0.6103187967091799
tier_10k,4000,0_1438042988458.74_20150728002308-00249-ip-10-236-191-2_328699461_4.csv,2,50,15.0,0.15,4000,6776,3335,750,False,True,True,750,50,750,0.6,0.8644815027793751,0.6239669421487604,147.89952617883682,True,3,0.5273874197155237,0.010479340329766273,0.006552419159561396,0.510355660226196,0.00934418523684144,0.09185471991077065,0.013485944829881191,0.6420744466595352
tier_10k,4000,0_1438042988458.74_20150728002308-00249-ip-10-236-191-2_328699461_4.csv,2,50,20.0,0.15,4000,6776,3335,1000,False,True,True,1000,50,1000,0.6,0.7972230698809887,0.6239669421487604,147.89952617883682,True,3,0.5273874197155237,0.010479340329766273,0.006552419159561396,0.510355660226196,0.009642807766795158,0.12806863570585847,0.010621778201311827,0.675723219756037
tier_10k,4000,1_1438042990112.50_20150728002310-00273-ip-10-236-191-2_869240800_0.csv,1,10,5.0,0.15,4000,2,1397,50,False,False,False,50,0,50,0.06,0.030303030303030304,,,True,2,0.2218842157162726,0.0065155960619449615,0.002493151929229498,0.21287546772509813,0.002852358855307102,0.0035631516948342323,0.0014516287483274937,0.22975380159914494
tier_10k,4000,1_1438042990112.50_20150728002310-00273-ip-10-236-191-2_869240800_0.csv,1,10,10.0,0.15,4000,2,1397,100,False,False,False,100,0,100,0.06,0.020134228187919462,,,True,2,0.2218842157162726,0.0065155960619449615,0.002493151929229498,0.21287546772509813,0.002797461114823818,0.006618778686970472,0.00125155970454216,0.23255384666845202
tier_10k,4000,1_1438042990112.50_20150728002310-00273-ip-10-236-191-2_869240800_0.csv,1,10,15.0,0.15,4000,2,1397,150,False,False,False,150,0,150,0.06,0.014150943396226415,,,True,2,0.2218842157162726,0.0065155960619449615,0.002493151929229498,0.21287546772509813,0.0027503059245646,0.009849672205746174,0.0015697409398853779,0.23605574434623122
tier_10k,4000,1_1438042990112.50_20150728002310-00273-ip-10-236-191-2_869240800_0.csv,1,10,20.0,0.15,4000,2,1397,200,False,False,False,200,0,200,0.06,0.010452961672473868,,,True,2,0.2218842157162726,0.0065155960619449615,0.002493151929229498,0.21287546772509813,0.0027482789009809494,0.013223052024841309,0.0015943441540002823,0.23945190384984016
tier_10k,4000,1_1438042990112.50_20150728002310-00273-ip-10-236-191-2_869240800_0.csv,1,20,5.0,0.15,4000,2,1397,100,False,False,False,100,0,100,0.06,0.020134228187919462,,,True,2,0.2218842157162726,0.0065155960619449615,0.002493151929229498,0.21287546772509813,0.0027122460305690765,0.006560259964317083,0.001443557906895876,0.23260215669870377
tier_10k,4000,1_1438042990112.50_20150728002310-00273-ip-10-236-191-2_869240800_0.csv,1,20,10.0,0.15,4000,2,1397,200,False,False,False,200,0,200,0.06,0.010452961672473868,,,True,2,0.2218842157162726,0.0065155960619449615,0.002493151929229498,0.21287546772509813,0.00274509284645319,0.013063219841569662,0.0015709768049418926,0.23926540976390243
tier_10k,4000,1_1438042990112.50_20150728002310-00273-ip-10-236-191-2_869240800_0.csv,1,20,15.0,0.15,4000,2,1397,300,False,False,False,300,0,300,0.06,0.006756756756756757,,,True,2,0.2218842157162726,0.0065155960619449615,0.002493151929229498,0.21287546772509813,0.0027829078026115894,0.02035611728206277,0.0021181530319154263,0.24714357173070312
tier_10k,4000,1_1438042990112.50_20150728002310-00273-ip-10-236-191-2_869240800_0.csv,1,20,20.0,0.15,4000,2,1397,400,False,False,False,400,0,400,0.06,0.0046439628482972135,,,True,2,0.2218842157162726,0.0065155960619449615,0.002493151929229498,0.21287546772509813,0.002812831662595272,0.026977618224918842,0.00177439721301198,0.25345108984038234
tier_10k,4000,1_1438042990112.50_20150728002310-00273-ip-10-236-191-2_869240800_0.csv,1,30,5.0,0.15,4000,2,1397,150,False,False,False,150,0,150,0.06,0.014150943396226415,,,True,2,0.2218842157162726,0.0065155960619449615,0.002493151929229498,0.21287546772509813,0.0027234992012381554,0.009763197973370552,0.0015768571756780148,0.235949641559273
tier_10k,4000,1_1438042990112.50_20150728002310-00273-ip-10-236-191-2_869240800_0.csv,1,30,10.0,0.15,4000,2,1397,300,False,False,False,300,0,300,0.06,0.006756756756756757,,,True,2,0.2218842157162726,0.0065155960619449615,0.002493151929229498,0.21287546772509813,0.0027848840691149235,0.020251510199159384,0.0017857509665191174,0.24670841777697206
tier_10k,4000,1_1438042990112.50_20150728002310-00273-ip-10-236-191-2_869240800_0.csv,1,30,15.0,0.15,4000,2,1397,450,False,False,False,450,0,450,0.06,0.0038910505836575876,,,True,2,0.2218842157162726,0.0065155960619449615,0.002493151929229498,0.21287546772509813,0.002846403978765011,0.02990346821025014,0.002003009431064129,0.25663889991119504
tier_10k,4000,1_1438042990112.50_20150728002310-00273-ip-10-236-191-2_869240800_0.csv,1,30,20.0,0.15,4000,2,1397,600,False,False,False,600,0,600,0.06,0.002571795970852979,,,True,2,0.2218842157162726,0.0065155960619449615,0.002493151929229498,0.21287546772509813,0.0029088170267641544,0.03959602490067482,0.002375875599682331,0.26676698261871934
tier_10k,4000,1_1438042990112.50_20150728002310-00273-ip-10-236-191-2_869240800_0.csv,1,40,5.0,0.15,4000,2,1397,200,False,False,False,200,0,200,0.06,0.010452961672473868,,,True,2,0.2218842157162726,0.0065155960619449615,0.002493151929229498,0.21287546772509813,0.002745301928371191,0.013133065309375525,0.0014976151287555695,0.23926208773627877
tier_10k,4000,1_1438042990112.50_20150728002310-00273-ip-10-236-191-2_869240800_0.csv,1,40,10.0,0.15,4000,2,1397,400,False,False,False,400,0,400,0.06,0.0046439628482972135,,,True,2,0.2218842157162726,0.0065155960619449615,0.002493151929229498,0.21287546772509813,0.0028159082867205143,0.026742482092231512,0.0019364370964467525,0.2533811326138675
tier_10k,4000,1_1438042990112.50_20150728002310-00273-ip-10-236-191-2_869240800_0.csv,1,40,15.0,0.15,4000,2,1397,600,False,False,False,600,0,600,0.06,0.002571795970852979,,,True,2,0.2218842157162726,0.0065155960619449615,0.002493151929229498,0.21287546772509813,0.0029219351708889008,0.039553770795464516,0.002379230223596096,0.2667411006987095
tier_10k,4000,1_1438042990112.50_20150728002310-00273-ip-10-236-191-2_869240800_0.csv,1,40,20.0,0.15,4000,2,1397,800,False,False,False,800,0,800,0.06,0.0016538037486218302,,,True,2,0.2218842157162726,0.0065155960619449615,0.002493151929229498,0.21287546772509813,0.0030051949433982372,0.05234998511150479,0.0029832078143954277,0.28022471675649285
tier_10k,4000,1_1438042990112.50_20150728002310-00273-ip-10-236-191-2_869240800_0.csv,1,50,5.0,0.15,4000,2,1397,250,False,False,False,250,0,250,0.06,0.008287292817679558,,,True,2,0.2218842157162726,0.0065155960619449615,0.002493151929229498,0.21287546772509813,0.0029345927760004997,0.016852579079568386,0.0019583669491112232,0.24363184068351984
tier_10k,4000,1_1438042990112.50_20150728002310-00273-ip-10-236-191-2_869240800_0.csv,1,50,10.0,0.15,4000,2,1397,500,False,False,False,500,0,500,0.06,0.0033482142857142855,,,True,2,0.2218842157162726,0.0065155960619449615,0.002493151929229498,0.21287546772509813,0.0030397800728678703,0.03324884409084916,0.0024632723070681095,0.2606379915960133
tier_10k,4000,1_1438042990112.50_20150728002310-00273-ip-10-236-191-2_869240800_0.csv,1,50,15.0,0.15,4000,2,1397,750,False,False,False,750,0,750,0.06,0.0018359853121175031,,,True,2,0.2218842157162726,0.0065155960619449615,0.002493151929229498,0.21287546772509813,0.0031214668415486813,0.04986210400238633,0.0026787370443344116,0.27754871593788266
tier_10k,4000,1_1438042990112.50_20150728002310-00273-ip-10-236-191-2_869240800_0.csv,1,50,20.0,0.15,4000,2,1397,1000,False,False,False,1000,0,1000,0.06,0.0011051759071652237,,,True,2,0.2218842157162726,0.0065155960619449615,0.002493151929229498,0.21287546772509813,0.00325702503323555,0.066927304957062,0.0032237619161605835,0.29529467644169927
tier_10k,4000,0_1438042988061.16_20150728002308-00096-ip-10-236-191-2_895004754_0.csv,0,10,5.0,0.15,4000,1,1265,50,False,True,True,50,10,50,0.6666666666666666,0.038461538461538464,0.16666666666666666,18.14771580696106,True,2,0.19335727533325553,0.005863466765731573,0.0024167648516595364,0.18507704371586442,0.002510491292923689,0.0030912780202925205,0.004238673020154238,0.20320031745359302
tier_10k,4000,0_1438042988061.16_20150728002308-00096-ip-10-236-191-2_895004754_0.csv,0,10,10.0,0.15,4000,1,1265,100,False,True,True,100,10,100,0.6666666666666666,0.0196078431372549,0.16666666666666666,18.288285553455353,True,2,0.19335727533325553,0.005863466765731573,0.0024167648516595364,0.18507704371586442,0.002560216933488846,0.00583642115816474,0.004500189330428839,0.20625622104853392
tier_10k,4000,0_1438042988061.16_20150728002308-00096-ip-10-236-191-2_895004754_0.csv,0,10,15.0,0.15,4000,1,1265,150,False,True,True,150,10,150,0.6666666666666666,0.013157894736842105,0.16666666666666666,18.288692831993103,True,2,0.19335727533325553,0.005863466765731573,0.0024167648516595364,0.18507704371586442,0.0025589358992874622,0.00864741625264287,0.0041048601269721985,0.20867060730233788
tier_10k,4000,0_1438042988061.16_20150728002308-00096-ip-10-236-191-2_895004754_0.csv,0,10,20.0,0.15,4000,1,1265,200,False,True,True,200,10,200,0.6666666666666666,0.009900990099009901,0.16666666666666666,18.302644312381744,True,2,0.19335727533325553,0.005863466765731573,0.0024167648516595364,0.18507704371586442,0.0025353720411658287,0.011557247955352068,0.004725417122244835,0.21217729430645704
tier_10k,4000,0_1438042988061.16_20150728002308-00096-ip-10-236-191-2_895004754_0.csv,0,20,5.0,0.15,4000,1,1265,100,False,False,False,100,0,100,0.6666666666666666,0.0196078431372549,,,True,2,0.19335727533325553,0.005863466765731573,0.0024167648516595364,0.18507704371586442,0.0024901959113776684,0.005820982623845339,0.0014148112386465073,0.20308511797338724
tier_10k,4000,0_1438042988061.16_20150728002308-00096-ip-10-236-191-2_895004754_0.csv,0,20,10.0,0.15,4000,1,1265,200,False,False,False,200,0,200,0.6666666666666666,0.009900990099009901,,,True,2,0.19335727533325553,0.005863466765731573,0.0024167648516595364,0.18507704371586442,0.0025291158817708492,0.011313376948237419,0.0014004223048686981,0.20860212668776512
tier_10k,4000,0_1438042988061.16_20150728002308-00096-ip-10-236-191-2_895004754_0.csv,0,20,15.0,0.15,4000,1,1265,300,False,False,False,300,0,300,0.6666666666666666,0.006622516556291391,,,True,2,0.19335727533325553,0.005863466765731573,0.0024167648516595364,0.18507704371586442,0.0025745145976543427,0.017066832166165113,0.001669806893914938,0.21467034751549363
tier_10k,4000,0_1438042988061.16_20150728002308-00096-ip-10-236-191-2_895004754_0.csv,0,20,20.0,0.15,4000,1,1265,400,False,False,False,400,0,400,0.6666666666666666,0.004975124378109453,,,True,2,0.19335727533325553,0.005863466765731573,0.0024167648516595364,0.18507704371586442,0.0025972388684749603,0.02251202380284667,0.0016855290159583092,0.22015385935083032
tier_10k,4000,0_1438042988061.16_20150728002308-00096-ip-10-236-191-2_895004754_0.csv,0,30,5.0,0.15,4000,1,1265,150,False,False,False,150,0,150,0.6666666666666666,0.013157894736842105,,,True,2,0.19335727533325553,0.005863466765731573,0.0024167648516595364,0.18507704371586442,0.002508362289518118,0.008722622878849506,0.0013638148084282875,0.20595396123826504
tier_10k,4000,0_1438042988061.16_20150728002308-00096-ip-10-236-191-2_895004754_0.csv,0,30,10.0,0.15,4000,1,1265,300,False,False,False,300,0,300,0.6666666666666666,0.006622516556291391,,,True,2,0.19335727533325553,0.005863466765731573,0.0024167648516595364,0.18507704371586442,0.00256319809705019,0.017041883897036314,0.0016765259206295013,0.21464096615090966
tier_10k,4000,0_1438042988061.16_20150728002308-00096-ip-10-236-191-2_895004754_0.csv,0,30,15.0,0.15,4000,1,1265,450,False,False,False,450,0,450,0.6666666666666666,0.004424778761061947,,,True,2,0.19335727533325553,0.005863466765731573,0.0024167648516595364,0.18507704371586442,0.0026571378111839294,0.025684236083179712,0.001789012923836708,0.22348962631076574
tier_10k,4000,0_1438042988061.16_20150728002308-00096-ip-10-236-191-2_895004754_0.csv,0,30,20.0,0.15,4000,1,1265,600,False,False,False,600,0,600,0.6666666666666666,0.003105590062111801,,,True,2,0.19335727533325553,0.005863466765731573,0.0024167648516595364,0.18507704371586442,0.002679071854799986,0.03545643389225006,0.0023170700296759605,0.2338117165490985
tier_10k,4000,0_1438042988061.16_20150728002308-00096-ip-10-236-191-2_895004754_0.csv,0,40,5.0,0.15,4000,1,1265,200,False,False,False,200,0,200,0.6666666666666666,0.009900990099009901,,,True,2,0.19335727533325553,0.005863466765731573,0.0024167648516595364,0.18507704371586442,0.0025430722162127495,0.011393448803573847,0.0013548783026635647,0.20865045115351677
tier_10k,4000,0_1438042988061.16_20150728002308-00096-ip-10-236-191-2_895004754_0.csv,0,40,10.0,0.15,4000,1,1265,400,False,False,False,400,0,400,0.6666666666666666,0.004975124378109453,,,True,2,0.19335727533325553,0.005863466765731573,0.0024167648516595364,0.18507704371586442,0.002578374929726124,0.022403955925256014,0.0017729750834405422,0.22011428233236074
tier_10k,4000,0_1438042988061.16_20150728002308-00096-ip-10-236-191-2_895004754_0.csv,0,40,15.0,0.15,4000,1,1265,600,False,False,False,600,0,600,0.6666666666666666,0.003105590062111801,,,True,2,0.19335727533325553,0.005863466765731573,0.0024167648516595364,0.18507704371586442,0.0026794499717652798,0.03580813016742468,0.002086812164634466,0.23393350327387452
tier_10k,4000,0_1438042988061.16_20150728002308-00096-ip-10-236-191-2_895004754_0.csv,0,40,20.0,0.15,4000,1,1265,800,False,False,False,800,0,800,0.6666666666666666,0.00211864406779661,,,True,2,0.19335727533325553,0.005863466765731573,0.0024167648516595364,0.18507704371586442,0.0027498281560838223,0.04405077686533332,0.002501274924725294,0.24266113433986902
tier_10k,4000,0_1438042988061.16_20150728002308-00096-ip-10-236-191-2_895004754_0.csv,0,50,5.0,0.15,4000,1,1265,250,False,False,False,250,0,250,0.6666666666666666,0.007936507936507936,,,True,2,0.19335727533325553,0.005863466765731573,0.0024167648516595364,0.18507704371586442,0.002551581244915724,0.014117687940597534,0.0016657579690217972,0.21169419027864933
tier_10k,4000,0_1438042988061.16_20150728002308-00096-ip-10-236-191-2_895004754_0.csv,0,50,10.0,0.15,4000,1,1265,500,False,False,False,500,0,500,0.6666666666666666,0.00398406374501992,,,True,2,0.19335727533325553,0.005863466765731573,0.0024167648516595364,0.18507704371586442,0.0026095579378306866,0.02809197176247835,0.001771189272403717,0.2258318504318595
tier_10k,4000,0_1438042988061.16_20150728002308-00096-ip-10-236-191-2_895004754_0.csv,0,50,15.0,0.15,4000,1,1265,750,False,False,False,750,0,750,0.6666666666666666,0.0023014959723820483,,,True,2,0.19335727533325553,0.005863466765731573,0.0024167648516595364,0.18507704371586442,0.0019934680312871933,0.03076823800802231,0.002389059867709875,0.22850963240489364
tier_10k,4000,0_1438042988061.16_20150728002308-00096-ip-10-236-191-2_895004754_0.csv,0,50,20.0,0.15,4000,1,1265,1000,False,False,False,1000,0,1000,0.6666666666666666,0.0014635931211123307,,,True,2,0.19335727533325553,0.005863466765731573,0.0024167648516595364,0.18507704371586442,0.002402976620942354,0.040487679187208414,0.0029332670383155346,0.23918299842625856
tier_10k,4000,1_1438042987127.36_20150728002307-00114-ip-10-236-191-2_902351685_191.csv,0,10,5.0,0.15,4000,410,1502,50,False,True,True,50,10,50,0.5,0.8421052631578947,0.7948717948717948,18.294734477996826,True,2,0.1755536636337638,0.006218467839062214,0.002213187050074339,0.16712200874462724,0.0021041431464254856,0.0016252570785582066,0.004025170113891363,0.1833104696124792
tier_10k,4000,1_1438042987127.36_20150728002307-00114-ip-10-236-191-2_902351685_191.csv,0,10,10.0,0.15,4000,410,1502,100,False,True,True,100,10,100,0.5,0.6310904872389791,0.5,18.942940771579742,True,2,0.1755536636337638,0.006218467839062214,0.002213187050074339,0.16712200874462724,0.0023869569413363934,0.0033216136507689953,0.00311888474971056,0.18438266264274716
tier_10k,4000,1_1438042987127.36_20150728002307-00114-ip-10-236-191-2_902351685_191.csv,0,10,15.0,0.15,4000,410,1502,150,False,True,True,150,10,150,0.5,0.5625879043600562,0.4852941176470588,19.142824172973633,True,2,0.1755536636337638,0.006218467839062214,0.002213187050074339,0.16712200874462724,0.0023435079492628574,0.0049280328676104546,0.0032865451648831367,0.1861133798956871
tier_10k,4000,1_1438042987127.36_20150728002307-00114-ip-10-236-191-2_902351685_191.csv,0,10,20.0,0.15,4000,410,1502,200,False,True,True,200,10,200,0.5,0.5,0.4507042253521127,19.21106594800949,True,2,0.1755536636337638,0.006218467839062214,0.002213187050074339,0.16712200874462724,0.0023706089705228806,0.0064860437996685505,0.0038627651520073414,0.18827484967187047
tier_10k,4000,1_1438042987127.36_20150728002307-00114-ip-10-236-191-2_902351685_191.csv,0,20,5.0,0.15,4000,410,1502,100,False,True,True,100,20,100,0.5,0.6310904872389791,0.5163934426229508,37.631425857543945,True,2,0.1755536636337638,0.006218467839062214,0.002213187050074339,0.16712200874462724,0.0025034057907760143,0.003319026902318001,0.0028301971033215523,0.1842080787755549
tier_10k,4000,1_1438042987127.36_20150728002307-00114-ip-10-236-191-2_902351685_191.csv,0,20,10.0,0.15,4000,410,1502,200,False,True,True,200,20,200,0.5,0.5,0.46616541353383456,38.129755079746246,True,2,0.1755536636337638,0.006218467839062214,0.002213187050074339,0.16712200874462724,0.002370447851717472,0.00647928100079298,0.003912505228072405,0.1883176793344319
tier_10k,4000,1_1438042987127.36_20150728002307-00114-ip-10-236-191-2_902351685_191.csv,0,20,15.0,0.15,4000,410,1502,300,False,True,True,300,20,300,0.5,0.4239504473503097,0.45588235294117646,38.12994784116745,True,3,0.1755536636337638,0.006218467839062214,0.002213187050074339,0.16712200874462724,0.003397839143872261,0.009594208095222712,0.00451699597761035,0.19306444097310305
tier_10k,4000,1_1438042987127.36_20150728002307-00114-ip-10-236-191-2_902351685_191.csv,0,20,20.0,0.15,4000,410,1502,400,False,True,True,400,20,400,0.5,0.37272727272727274,0.45255474452554745,38.13879853487015,True,2,0.1755536636337638,0.006218467839062214,0.002213187050074339,0.16712200874462724,0.002421538345515728,0.0130708497017622,0.004531481768935919,0.19557926850393414
tier_10k,4000,1_1438042987127.36_20150728002307-00114-ip-10-236-191-2_902351685_191.csv,0,30,5.0,0.15,4000,410,1502,150,False,True,True,150,30,150,0.5,0.5625879043600562,0.5,56.69651836156845,True,2,0.1755536636337638,0.006218467839062214,0.002213187050074339,0.16712200874462724,0.0023106359876692295,0.004862979985773563,0.003307062666863203,0.18603604706004262
tier_10k,4000,1_1438042987127.36_20150728002307-00114-ip-10-236-191-2_902351685_191.csv,0,30,10.0,0.15,4000,410,1502,300,False,True,True,300,30,300,0.5,0.4239504473503097,0.44390243902439025,56.941809833049774,True,3,0.1755536636337638,0.006218467839062214,0.002213187050074339,0.16712200874462724,0.003423350863158703,0.010166165884584188,0.004002301953732967,0.19314719550311565
tier_10k,4000,1_1438042987127.36_20150728002307-00114-ip-10-236-191-2_902351685_191.csv,0,30,15.0,0.15,4000,410,1502,450,False,True,True,450,30,450,0.5,0.35211923614345597,0.4396135265700483,56.959493815898895,True,3,0.1755536636337638,0.006218467839062214,0.002213187050074339,0.16712200874462724,0.003225766122341156,0.01557905413210392,0.004467940889298916,0.19882828649133444
tier_10k,4000,1_1438042987127.36_20150728002307-00114-ip-10-236-191-2_902351685_191.csv,0,30,20.0,0.15,4000,410,1502,600,False,True,True,600,30,600,0.5,0.3022556390977444,0.3948497854077253,56.992841362953186,True,3,0.1755536636337638,0.006218467839062214,0.002213187050074339,0.16712200874462724,0.003319665789604187,0.01928786700591445,0.005351743195205927,0.20351464673876762
tier_10k,4000,1_1438042987127.36_20150728002307-00114-ip-10-236-191-2_902351685_191.csv,0,40,5.0,0.15,4000,410,1502,200,False,True,True,200,40,200,0.5,0.5,0.45384615384615384,75.62354427576065,True,2,0.1755536636337638,0.006218467839062214,0.002213187050074339,0.16712200874462724,0.0023711062967777252,0.006459629163146019,0.0037084538489580154,0.18809455633163452
tier_10k,4000,1_1438042987127.36_20150728002307-00114-ip-10-236-191-2_902351685_191.csv,0,40,10.0,0.15,4000,410,1502,400,False,True,True,400,40,400,0.5,0.37272727272727274,0.4290909090909091,75.71386915445328,True,2,0.1755536636337638,0.006218467839062214,0.002213187050074339,0.16712200874462724,0.0026465170085430145,0.013045425061136484,0.004518798086792231,0.19576621381565928
tier_10k,4000,1_1438042987127.36_20150728002307-00114-ip-10-236-191-2_902351685_191.csv,0,40,15.0,0.15,4000,410,1502,600,False,True,True,600,40,600,0.5,0.3022556390977444,0.38263665594855306,75.77999150753021,True,3,0.1755536636337638,0.006218467839062214,0.002213187050074339,0.16712200874462724,0.0033269738778471947,0.021145200822502375,0.005362099967896938,0.2053897837176919
tier_10k,4000,1_1438042987127.36_20150728002307-00114-ip-10-236-191-2_902351685_191.csv,0,40,20.0,0.15,4000,410,1502,800,False,True,True,800,40,800,0.5,0.24227174694464415,0.38235294117647056,75.79787278175354,True,2,0.1755536636337638,0.006218467839062214,0.002213187050074339,0.16712200874462724,0.002598453313112259,0.026424525305628777,0.006848994176834822,0.21142731793224812
tier_10k,4000,1_1438042987127.36_20150728002307-00114-ip-10-236-191-2_902351685_191.csv,0,50,5.0,0.15,4000,410,1502,250,False,True,True,250,50,250,0.5,0.45854063018242125,0.4517133956386293,94.20141172409058,True,2,0.1755536636337638,0.006218467839062214,0.002213187050074339,0.16712200874462724,0.0023740059696137905,0.00811000308021903,0.004158491734415293,0.19019793765619397
tier_10k,4000,1_1438042987127.36_20150728002307-00114-ip-10-236-191-2_902351685_191.csv,0,50,10.0,0.15,4000,410,1502,500,False,True,True,500,50,500,0.5,0.3321114369501466,0.3894736842105263,94.48559564352036,True,3,0.1755536636337638,0.006218467839062214,0.002213187050074339,0.16712200874462724,0.0032785958610475063,0.015818783082067966,0.005009551998227835,0.19966241670772433
tier_10k,4000,1_1438042987127.36_20150728002307-00114-ip-10-236-191-2_902351685_191.csv,0,50,15.0,0.15,4000,410,1502,750,False,True,True,750,50,750,0.5,0.2577109355085394,0.37628865979381443,94.54402631521225,True,2,0.1755536636337638,0.006218467839062214,0.002213187050074339,0.16712200874462724,0.0025473092682659626,0.02575402893126011,0.006495873909443617,0.2103525954298675
tier_10k,4000,1_1438042987127.36_20150728002307-00114-ip-10-236-191-2_902351685_191.csv,0,50,20.0,0.15,4000,410,1502,1000,False,True,True,1000,50,1000,0.5,0.18729158947758429,0.37628865979381443,94.54402631521225,True,2,0.1755536636337638,0.006218467839062214,0.002213187050074339,0.16712200874462724,0.0026615741662681103,0.03343758499249816,0.007988241035491228,0.21964283986017108
tier_10k,4000,1_1438042987127.36_20150728002307-00182-ip-10-236-191-2_150862475_5.csv,8,10,5.0,0.15,4000,1177,1383,50,False,True,True,50,10,50,0.3333333333333333,0.35359116022099446,0.3225806451612903,84.2131479382515,True,2,0.16427903668954968,0.005146555136889219,0.002389696892350912,0.15674278466030955,0.001996483188122511,0.026031676679849625,0.0038475426845252514,0.19615722866728902
tier_10k,4000,1_1438042987127.36_20150728002307-00182-ip-10-236-191-2_150862475_5.csv,8,10,10.0,0.15,4000,1177,1383,100,False,True,True,100,10,100,0.3333333333333333,0.26636568848758463,0.325,81.42552238702774,True,2,0.16427903668954968,0.005146555136889219,0.002389696892350912,0.15674278466030955,0.0022741002030670643,0.04641304071992636,0.0033636679872870445,0.2163317184895277
tier_10k,4000,1_1438042987127.36_20150728002307-00182-ip-10-236-191-2_150862475_5.csv,8,10,15.0,0.15,4000,1177,1383,150,False,True,True,150,10,150,0.3333333333333333,0.24242424242424243,0.325,81.42552238702774,True,2,0.16427903668954968,0.005146555136889219,0.002389696892350912,0.15674278466030955,0.0021532787941396236,0.06247128592804074,0.003965476993471384,0.23287090472877026
tier_10k,4000,1_1438042987127.36_20150728002307-00182-ip-10-236-191-2_150862475_5.csv,8,10,20.0,0.15,4000,1177,1383,200,False,True,True,200,10,200,0.3333333333333333,0.23117709437963946,0.325,81.42552238702774,True,2,0.16427903668954968,0.005146555136889219,0.002389696892350912,0.15674278466030955,0.0021085687913000584,0.08229266526177526,0.00430573895573616,0.252987802028656
tier_10k,4000,1_1438042987127.36_20150728002307-00182-ip-10-236-191-2_150862475_5.csv,8,20,5.0,0.15,4000,1177,1383,100,False,True,True,100,20,100,0.3333333333333333,0.26636568848758463,0.2948717948717949,136.7729522883892,True,2,0.16427903668954968,0.005146555136889219,0.002389696892350912,0.15674278466030955,0.002265274990350008,0.046763119753450155,0.0035200659185647964,0.21682933066040277
tier_10k,4000,1_1438042987127.36_20150728002307-00182-ip-10-236-191-2_150862475_5.csv,8,20,10.0,0.15,4000,1177,1383,200,False,True,True,200,20,200,0.3333333333333333,0.23117709437963946,0.2804878048780488,139.13197666406631,True,2,0.16427903668954968,0.005146555136889219,0.002389696892350912,0.15674278466030955,0.0020939400419592857,0.08381773997098207,0.004388497211039066,0.25458105467259884
tier_10k,4000,1_1438042987127.36_20150728002307-00182-ip-10-236-191-2_150862475_5.csv,8,20,15.0,0.15,4000,1177,1383,300,False,True,True,300,20,300,0.3333333333333333,0.2203742203742204,0.2804878048780488,139.13197666406631,True,2,0.16427903668954968,0.005146555136889219,0.002389696892350912,0.15674278466030955,0.0021908110938966274,0.11685370188206434,0.004446438979357481,0.2877718056552112
tier_10k,4000,1_1438042987127.36_20150728002307-00182-ip-10-236-191-2_150862475_5.csv,8,20,20.0,0.15,4000,1177,1383,400,False,True,True,400,20,400,0.3333333333333333,0.21112767014406358,0.27058823529411763,140.76134330034256,True,2,0.16427903668954968,0.005146555136889219,0.002389696892350912,0.15674278466030955,0.0023960922844707966,0.1548042856156826,0.005142039619386196,0.32662375969812274
tier_10k,4000,1_1438042987127.36_20150728002307-00182-ip-10-236-191-2_150862475_5.csv,8,30,5.0,0.15,4000,1177,1383,150,False,True,True,150,30,150,0.3333333333333333,0.24242424242424243,0.2578125,185.13290885090828,True,2,0.16427903668954968,0.005146555136889219,0.002389696892350912,0.15674278466030955,0.0025378158316016197,0.06324147898703814,0.004181322176009417,0.23424182133749127
tier_10k,4000,1_1438042987127.36_20150728002307-00182-ip-10-236-191-2_150862475_5.csv,8,30,10.0,0.15,4000,1177,1383,300,False,True,True,300,30,300,0.3333333333333333,0.2203742203742204,0.2578125,188.75820341706276,True,2,0.16427903668954968,0.005146555136889219,0.002389696892350912,0.15674278466030955,0.002342674881219864,0.11805791640654206,0.004483483266085386,0.28916507260873914
tier_10k,4000,1_1438042987127.36_20150728002307-00182-ip-10-236-191-2_150862475_5.csv,8,30,15.0,0.15,4000,1177,1383,450,False,True,True,450,30,450,0.3333333333333333,0.20536100302637267,0.25190839694656486,194.8274190723896,True,2,0.16427903668954968,0.005146555136889219,0.002389696892350912,0.15674278466030955,0.002492282073944807,0.17545655323192477,0.00457982812076807,0.3468096377328038
tier_10k,4000,1_1438042987127.36_20150728002307-00182-ip-10-236-191-2_150862475_5.csv,8,30,20.0,0.15,4000,1177,1383,600,False,True,True,600,30,600,0.3333333333333333,0.18294460641399418,0.1506849315068493,305.2417161464691,True,3,0.16427903668954968,0.005146555136889219,0.002389696892350912,0.15674278466030955,0.003307520877569914,0.2429891168139875,0.02151820994913578,0.4320957316085696
tier_10k,4000,1_1438042987127.36_20150728002307-00182-ip-10-236-191-2_150862475_5.csv,8,40,5.0,0.15,4000,1177,1383,200,False,True,True,200,40,200,0.3333333333333333,0.23117709437963946,0.24157303370786518,235.4546032845974,True,2,0.16427903668954968,0.005146555136889219,0.002389696892350912,0.15674278466030955,0.0022274041548371315,0.08094614325091243,0.004766912665218115,0.25222149351611733
tier_10k,4000,1_1438042987127.36_20150728002307-00182-ip-10-236-191-2_150862475_5.csv,8,40,10.0,0.15,4000,1177,1383,400,False,True,True,400,40,400,0.3333333333333333,0.21112767014406358,0.23756906077348067,240.44393530488014,True,2,0.16427903668954968,0.005146555136889219,0.002389696892350912,0.15674278466030955,0.002380178775638342,0.15305436681956053,0.004861814901232719,0.3245776235125959
tier_10k,4000,1_1438042987127.36_20150728002307-00182-ip-10-236-191-2_150862475_5.csv,8,40,15.0,0.15,4000,1177,1383,600,False,True,True,600,40,600,0.3333333333333333,0.18294460641399418,0.1509433962264151,391.1401771903038,True,3,0.16427903668954968,0.005146555136889219,0.002389696892350912,0.15674278466030955,0.0034210537560284138,0.23492687521502376,0.013096874114125967,0.41572568751871586
tier_10k,4000,1_1438042987127.36_20150728002307-00182-ip-10-236-191-2_150862475_5.csv,8,40,20.0,0.15,4000,1177,1383,800,False,True,True,800,40,800,0.3333333333333333,0.15125586530499585,0.1509433962264151,406.16780319809914,True,3,0.16427903668954968,0.005146555136889219,0.002389696892350912,0.15674278466030955,0.003268357366323471,0.3209268022328615,0.059464768040925264,0.5479411166161299
tier_10k,4000,1_1438042987127.36_20150728002307-00182-ip-10-236-191-2_150862475_5.csv,8,50,5.0,0.15,4000,1177,1383,250,False,True,True,250,50,250,0.3333333333333333,0.22464375523889354,0.2324561403508772,283.200689047575,True,2,0.16427903668954968,0.005146555136889219,0.002389696892350912,0.15674278466030955,0.002409430220723152,0.09882879490032792,0.004487143829464912,0.2700069067068398
tier_10k,4000,1_1438042987127.36_20150728002307-00182-ip-10-236-191-2_150862475_5.csv,8,50,10.0,0.15,4000,1177,1383,500,False,True,True,500,50,500,0.3333333333333333,0.1973892405063291,0.1925133689839572,358.54126742482185,True,3,0.16427903668954968,0.005146555136889219,0.002389696892350912,0.15674278466030955,0.003163636662065983,0.1948768701404333,0.005437436047941446,0.3677589357830584
tier_10k,4000,1_1438042987127.36_20150728002307-00182-ip-10-236-191-2_150862475_5.csv,8,50,15.0,0.15,4000,1177,1383,750,False,True,True,750,50,750,0.3333333333333333,0.15996425379803395,0.15037593984962405,492.35110875964165,True,3,0.16427903668954968,0.005146555136889219,0.002389696892350912,0.15674278466030955,0.0032309810630977154,0.29770517302677035,0.009256821125745773,0.4744741269387305
tier_10k,4000,1_1438042987127.36_20150728002307-00182-ip-10-236-191-2_150862475_5.csv,8,50,20.0,0.15,4000,1177,1383,1000,False,True,True,1000,50,1000,0.3333333333333333,0.11969823973176864,0.15,493.92485186457634,True,3,0.16427903668954968,0.005146555136889219,0.002389696892350912,0.15674278466030955,0.0034283013083040714,0.3987072058953345,0.08757945662364364,0.6539964396506548
tier_10k,4000,1_1438042987127.36_20150728002307-00015-ip-10-236-191-2_372255835_10.csv,2,10,5.0,0.15,4000,1,912,50,False,True,True,50,10,50,0.5,0.03773584905660377,0.15384615384615385,32.321337163448334,True,2,0.1155777401290834,0.013717716094106436,0.0018598400056362152,0.10000018402934074,0.0012701773084700108,0.004403534345328808,0.0038398103788495064,0.12509314203634858
tier_10k,4000,1_1438042987127.36_20150728002307-00015-ip-10-236-191-2_372255835_10.csv,2,10,10.0,0.15,4000,1,912,100,False,True,True,100,10,100,0.5,0.019417475728155338,0.15384615384615385,33.397196531295776,True,2,0.1155777401290834,0.013717716094106436,0.0018598400056362152,0.10000018402934074,0.0014440841041505337,0.00929642328992486,0.003961561247706413,0.13028141111135483
tier_10k,4000,1_1438042987127.36_20150728002307-00015-ip-10-236-191-2_372255835_10.csv,2,10,15.0,0.15,4000,1,912,150,False,True,True,150,10,150,0.5,0.013071895424836602,0.15384615384615385,33.7892079949379,True,2,0.1155777401290834,0.013717716094106436,0.0018598400056362152,0.10000018402934074,0.0014287140220403671,0.013747047167271376,0.003792318981140852,0.1345476545393467
tier_10k,4000,1_1438042987127.36_20150728002307-00015-ip-10-236-191-2_372255835_10.csv,2,10,20.0,0.15,4000,1,912,200,False,True,True,200,10,200,0.5,0.009852216748768473,0.15384615384615385,33.90683054924011,True,2,0.1155777401290834,0.013717716094106436,0.0018598400056362152,0.10000018402934074,0.001571571920067072,0.017719913739711046,0.004072384908795357,0.1389434332959354
tier_10k,4000,1_1438042987127.36_20150728002307-00015-ip-10-236-191-2_372255835_10.csv,2,20,5.0,0.15,4000,1,912,100,False,False,False,100,0,100,0.5,0.019417475728155338,,,True,2,0.1155777401290834,0.013717716094106436,0.0018598400056362152,0.10000018402934074,0.0015298831276595592,0.00936525734141469,0.0010879742912948132,0.12756242277100682
tier_10k,4000,1_1438042987127.36_20150728002307-00015-ip-10-236-191-2_372255835_10.csv,2,20,10.0,0.15,4000,1,912,200,False,False,False,200,0,200,0.5,0.009852216748768473,,,True,2,0.1155777401290834,0.013717716094106436,0.0018598400056362152,0.10000018402934074,0.001272501889616251,0.01659707585349679,0.0012930291704833508,0.13474186323583126
tier_10k,4000,1_1438042987127.36_20150728002307-00015-ip-10-236-191-2_372255835_10.csv,2,20,15.0,0.15,4000,1,912,300,False,False,False,300,0,300,0.5,0.005797101449275362,,,True,2,0.1155777401290834,0.013717716094106436,0.0018598400056362152,0.10000018402934074,0.0013375752605497837,0.02403266914188862,0.0013848417438566685,0.1423343662172556
tier_10k,4000,1_1438042987127.36_20150728002307-00015-ip-10-236-191-2_372255835_10.csv,2,20,20.0,0.15,4000,1,912,400,False,False,False,400,0,400,0.5,0.0039447731755424065,,,True,2,0.1155777401290834,0.013717716094106436,0.0018598400056362152,0.10000018402934074,0.0013576778583228588,0.03337969304993749,0.001809747889637947,0.15212632343173027
tier_10k,4000,1_1438042987127.36_20150728002307-00015-ip-10-236-191-2_372255835_10.csv,2,30,5.0,0.15,4000,1,912,150,False,False,False,150,0,150,0.5,0.013071895424836602,,,True,2,0.1155777401290834,0.013717716094106436,0.0018598400056362152,0.10000018402934074,0.0013306690379977226,0.012956430204212666,0.0015546591021120548,0.13142101233825088
tier_10k,4000,1_1438042987127.36_20150728002307-00015-ip-10-236-191-2_372255835_10.csv,2,30,10.0,0.15,4000,1,912,300,False,False,False,300,0,300,0.5,0.005797101449275362,,,True,2,0.1155777401290834,0.013717716094106436,0.0018598400056362152,0.10000018402934074,0.0015043709427118301,0.027587497141212225,0.001541408710181713,0.14621287398040295
tier_10k,4000,1_1438042987127.36_20150728002307-00015-ip-10-236-191-2_372255835_10.csv,2,30,15.0,0.15,4000,1,912,450,False,False,False,450,0,450,0.5,0.0032948929159802307,,,True,2,0.1155777401290834,0.013717716094106436,0.0018598400056362152,0.10000018402934074,0.0015690037980675697,0.0402872241102159,0.00206168694421649,0.1594975902698934
tier_10k,4000,1_1438042987127.36_20150728002307-00015-ip-10-236-191-2_372255835_10.csv,2,30,20.0,0.15,4000,1,912,600,False,False,False,600,0,600,0.5,0.0020964360587002098,,,True,2,0.1155777401290834,0.013717716094106436,0.0018598400056362152,0.10000018402934074,0.0016608741134405136,0.050706063862890005,0.0021569468080997467,0.1701035499572754
tier_10k,4000,1_1438042987127.36_20150728002307-00015-ip-10-236-191-2_372255835_10.csv,2,40,5.0,0.15,4000,1,912,200,False,False,False,200,0,200,0.5,0.009852216748768473,,,True,2,0.1155777401290834,0.013717716094106436,0.0018598400056362152,0.10000018402934074,0.0014119469560682774,0.01715861726552248,0.0013564652763307095,0.13550654891878366
tier_10k,4000,1_1438042987127.36_20150728002307-00015-ip-10-236-191-2_372255835_10.csv,2,40,10.0,0.15,4000,1,912,400,False,False,False,400,0,400,0.5,0.0039447731755424065,,,True,2,0.1155777401290834,0.013717716094106436,0.0018598400056362152,0.10000018402934074,0.0014338837936520576,0.03203991614282131,0.0019877851009368896,0.15104099083691835
tier_10k,4000,1_1438042987127.36_20150728002307-00015-ip-10-236-191-2_372255835_10.csv,2,40,15.0,0.15,4000,1,912,600,False,False,False,600,0,600,0.5,0.0020964360587002098,,,True,2,0.1155777401290834,0.013717716094106436,0.0018598400056362152,0.10000018402934074,0.001660659909248352,0.04992613894864917,0.002047253306955099,0.16921366099268198
tier_10k,4000,1_1438042987127.36_20150728002307-00015-ip-10-236-191-2_372255835_10.csv,2,40,20.0,0.15,4000,1,912,800,False,False,False,800,0,800,0.5,0.001375515818431912,,,True,2,0.1155777401290834,0.013717716094106436,0.0018598400056362152,0.10000018402934074,0.0015452466905117035,0.0700734918937087,0.002486168872565031,0.18968426994979382
tier_10k,4000,1_1438042987127.36_20150728002307-00015-ip-10-236-191-2_372255835_10.csv,2,50,5.0,0.15,4000,1,912,250,False,False,False,250,0,250,0.5,0.007407407407407408,,,True,2,0.1155777401290834,0.013717716094106436,0.0018598400056362152,0.10000018402934074,0.001514463685452938,0.0213958160020411,0.0014612791128456593,0.1399511219933629
tier_10k,4000,1_1438042987127.36_20150728002307-00015-ip-10-236-191-2_372255835_10.csv,2,50,10.0,0.15,4000,1,912,500,False,False,False,500,0,500,0.5,0.002828854314002829,,,True,2,0.1155777401290834,0.013717716094106436,0.0018598400056362152,0.10000018402934074,0.0015692231245338917,0.039721301291137934,0.0018478259444236755,0.15871796105057
tier_10k,4000,1_1438042987127.36_20150728002307-00015-ip-10-236-191-2_372255835_10.csv,2,50,15.0,0.15,4000,1,912,750,False,False,False,750,0,750,0.5,0.0015048908954100827,,,True,2,0.1155777401290834,0.013717716094106436,0.0018598400056362152,0.10000018402934074,0.001555121038109064,0.06392790004611015,0.002266006078571081,0.18332842225208879
tier_10k,4000,1_1438042987127.36_20150728002307-00015-ip-10-236-191-2_372255835_10.csv,2,50,20.0,0.15,4000,1,912,1000,True,False,False,912,0,912,0.5,0.0009458500827618822,,,False,0,0.1155777401290834,0.013717716094106436,0.0018598400056362152,0.10000018402934074,5.7108234614133835e-05,0.07688452117145061,0.0025921668857336044,0.19511310337111354
tier_10k,4000,0_1438042988458.74_20150728002308-00325-ip-10-236-191-2_265100376_0.csv,0,10,5.0,0.15,4000,1,1374,50,False,False,False,50,0,50,0.1111111111111111,0.017241379310344827,,,True,2,0.1691073509864509,0.013751524966210127,0.002067156136035919,0.15328866988420486,0.001980917062610388,0.00233369879424572,0.0017537837848067284,0.17517768498510122
tier_10k,4000,0_1438042988458.74_20150728002308-00325-ip-10-236-191-2_265100376_0.csv,0,10,10.0,0.15,4000,1,1374,100,False,False,False,100,0,100,0.1111111111111111,0.009259259259259259,,,True,2,0.1691073509864509,0.013751524966210127,0.002067156136035919,0.15328866988420486,0.002116759307682514,0.004180428106337786,0.0010233242064714432,0.17642938811331987
tier_10k,4000,0_1438042988458.74_20150728002308-00325-ip-10-236-191-2_265100376_0.csv,0,10,15.0,0.15,4000,1,1374,150,False,False,False,150,0,150,0.1111111111111111,0.006329113924050633,,,True,2,0.1691073509864509,0.013751524966210127,0.002067156136035919,0.15328866988420486,0.001993364654481411,0.006163509096950293,0.0010057124309241772,0.17827136674895883
tier_10k,4000,0_1438042988458.74_20150728002308-00325-ip-10-236-191-2_265100376_0.csv,0,10,20.0,0.15,4000,1,1374,200,False,False,False,200,0,200,0.1111111111111111,0.004807692307692308,,,True,2,0.1691073509864509,0.013751524966210127,0.002067156136035919,0.15328866988420486,0.0019879997707903385,0.008259501308202744,0.0013035149313509464,0.1806597588583827
tier_10k,4000,0_1438042988458.74_20150728002308-00325-ip-10-236-191-2_265100376_0.csv,0,20,5.0,0.15,4000,1,1374,100,False,False,False,100,0,100,0.1111111111111111,0.009259259259259259,,,True,2,0.1691073509864509,0.013751524966210127,0.002067156136035919,0.15328866988420486,0.0019666049629449844,0.004082013387233019,0.0010776040144264698,0.17623501224443316
tier_10k,4000,0_1438042988458.74_20150728002308-00325-ip-10-236-191-2_265100376_0.csv,0,20,10.0,0.15,4000,1,1374,200,False,False,False,200,0,200,0.1111111111111111,0.004807692307692308,,,True,2,0.1691073509864509,0.013751524966210127,0.002067156136035919,0.15328866988420486,0.0019922489300370216,0.008084733970463276,0.0012218188494443893,0.1804074407555163
tier_10k,4000,0_1438042988458.74_20150728002308-00325-ip-10-236-191-2_265100376_0.csv,0,20,15.0,0.15,4000,1,1374,300,False,False,False,300,0,300,0.1111111111111111,0.002805049088359046,,,True,2,0.1691073509864509,0.013751524966210127,0.002067156136035919,0.15328866988420486,0.0020184661261737347,0.011771203018724918,0.0012862542644143105,0.1841849279589951
tier_10k,4000,0_1438042988458.74_20150728002308-00325-ip-10-236-191-2_265100376_0.csv,0,20,20.0,0.15,4000,1,1374,400,False,False,False,400,0,400,0.1111111111111111,0.0019175455417066154,,,True,2,0.1691073509864509,0.013751524966210127,0.002067156136035919,0.15328866988420486,0.0020104050636291504,0.01573868142440915,0.0015217680484056473,0.18837970681488514
tier_10k,4000,0_1438042988458.74_20150728002308-00325-ip-10-236-191-2_265100376_0.csv,0,30,5.0,0.15,4000,1,1374,150,False,False,False,150,0,150,0.1111111111111111,0.006329113924050633,,,True,2,0.1691073509864509,0.013751524966210127,0.002067156136035919,0.15328866988420486,0.002187049947679043,0.0063080391846597195,0.0010311231017112732,0.17863511573523283
tier_10k,4000,0_1438042988458.74_20150728002308-00325-ip-10-236-191-2_265100376_0.csv,0,30,10.0,0.15,4000,1,1374,300,False,False,False,300,0,300,0.1111111111111111,0.002805049088359046,,,True,2,0.1691073509864509,0.013751524966210127,0.002067156136035919,0.15328866988420486,0.0020185462199151516,0.011805321089923382,0.0011865231208503246,0.1841192808933556
tier_10k,4000,0_1438042988458.74_20150728002308-00325-ip-10-236-191-2_265100376_0.csv,0,30,15.0,0.15,4000,1,1374,450,False,False,False,450,0,450,0.1111111111111111,0.0016090104585679806,,,True,2,0.1691073509864509,0.013751524966210127,0.002067156136035919,0.15328866988420486,0.0020635779947042465,0.01748631475493312,0.0015108110383152962,0.19016946805641055
tier_10k,4000,0_1438042988458.74_20150728002308-00325-ip-10-236-191-2_265100376_0.csv,0,30,20.0,0.15,4000,1,1374,600,False,False,False,600,0,600,0.1111111111111111,0.0010395010395010396,,,True,2,0.1691073509864509,0.013751524966210127,0.002067156136035919,0.15328866988420486,0.0021154452115297318,0.023106310050934553,0.0020093857310712337,0.19634000910446048
tier_10k,4000,0_1438042988458.74_20150728002308-00325-ip-10-236-191-2_265100376_0.csv,0,40,5.0,0.15,4000,1,1374,200,False,False,False,200,0,200,0.1111111111111111,0.004807692307692308,,,True,2,0.1691073509864509,0.013751524966210127,0.002067156136035919,0.15328866988420486,0.002006134018301964,0.008080122992396355,0.0012538312003016472,0.18044892000034451
tier_10k,4000,0_1438042988458.74_20150728002308-00325-ip-10-236-191-2_265100376_0.csv,0,40,10.0,0.15,4000,1,1374,400,False,False,False,400,0,400,0.1111111111111111,0.0019175455417066154,,,True,2,0.1691073509864509,0.013751524966210127,0.002067156136035919,0.15328866988420486,0.0020639365538954735,0.016329973936080933,0.0016573150642216206,0.18916011275723577
tier_10k,4000,0_1438042988458.74_20150728002308-00325-ip-10-236-191-2_265100376_0.csv,0,40,15.0,0.15,4000,1,1374,600,False,False,False,600,0,600,0.1111111111111111,0.0010395010395010396,,,True,2,0.1691073509864509,0.013751524966210127,0.002067156136035919,0.15328866988420486,0.002136101946234703,0.023363064043223858,0.002045168075710535,0.1966531239449978
tier_10k,4000,0_1438042988458.74_20150728002308-00325-ip-10-236-191-2_265100376_0.csv,0,40,20.0,0.15,4000,1,1374,800,False,False,False,800,0,800,0.1111111111111111,0.0006675567423230974,,,True,2,0.1691073509864509,0.013751524966210127,0.002067156136035919,0.15328866988420486,0.0022368100471794605,0.030791471246629953,0.0025393920950591564,0.20467667607590556
tier_10k,4000,0_1438042988458.74_20150728002308-00325-ip-10-236-191-2_265100376_0.csv,0,50,5.0,0.15,4000,1,1374,250,False,False,False,250,0,250,0.1111111111111111,0.003552397868561279,,,True,2,0.1691073509864509,0.013751524966210127,0.002067156136035919,0.15328866988420486,0.002371429931372404,0.010746583342552185,0.0015346040017902851,0.1837614942342043
tier_10k,4000,0_1438042988458.74_20150728002308-00325-ip-10-236-191-2_265100376_0.csv,0,50,10.0,0.15,4000,1,1374,500,False,False,False,500,0,500,0.1111111111111111,0.001386001386001386,,,True,2,0.1691073509864509,0.013751524966210127,0.002067156136035919,0.15328866988420486,0.002386969979852438,0.02046853583306074,0.00210780743509531,0.19407261768355966
tier_10k,4000,0_1438042988458.74_20150728002308-00325-ip-10-236-191-2_265100376_0.csv,0,50,15.0,0.15,4000,1,1374,750,False,False,False,750,0,750,0.1111111111111111,0.000741839762611276,,,True,2,0.1691073509864509,0.013751524966210127,0.002067156136035919,0.15328866988420486,0.002532477956265211,0.030156581662595272,0.0023875688202679157,0.20418591378256679
tier_10k,4000,0_1438042988458.74_20150728002308-00325-ip-10-236-191-2_265100376_0.csv,0,50,20.0,0.15,4000,1,1374,1000,False,False,False,1000,0,1000,0.1111111111111111,0.0004569339730408956,,,True,2,0.1691073509864509,0.013751524966210127,0.002067156136035919,0.15328866988420486,0.0024157571606338024,0.038914595264941454,0.002824100200086832,0.2132636192254722
tier_10k,4000,1_1438042987127.36_20150728002307-00000-ip-10-236-191-2_300770320_2.csv,0,10,5.0,0.15,4000,6784,3484,50,False,True,True,50,10,50,0.11538461538461539,0.983085250338295,0.8685714285714285,34.04046767950058,True,2,0.41506404196843505,0.015020429156720638,0.005040479823946953,0.39500313298776746,0.00531975831836462,0.008929969742894173,0.004973393864929676,0.43428933527320623
tier_10k,4000,1_1438042987127.36_20150728002307-00000-ip-10-236-191-2_300770320_2.csv,0,10,10.0,0.15,4000,6784,3484,100,False,True,True,100,10,100,0.11538461538461539,0.9853886616014027,0.8496732026143791,34.3203130364418,True,2,0.41506404196843505,0.015020429156720638,0.005040479823946953,0.39500313298776746,0.005744053982198238,0.01752266101539135,0.0038992268964648247,0.44223181065171957
tier_10k,4000,1_1438042987127.36_20150728002307-00000-ip-10-236-191-2_300770320_2.csv,0,10,15.0,0.15,4000,6784,3484,150,False,True,True,150,10,150,0.11538461538461539,0.9865663621708759,0.8357142857142857,34.429691553115845,True,2,0.41506404196843505,0.015020429156720638,0.005040479823946953,0.39500313298776746,0.005695597268640995,0.024437832180410624,0.004042014945298433,0.44924117578193545
tier_10k,4000,1_1438042987127.36_20150728002307-00000-ip-10-236-191-2_300770320_2.csv,0,10,20.0,0.15,4000,6784,3484,200,False,True,True,200,10,200,0.11538461538461539,0.987290289781393,0.8174603174603174,34.44478452205658,True,2,0.41506404196843505,0.015020429156720638,0.005040479823946953,0.39500313298776746,0.0056732515804469585,0.032783831004053354,0.004228747915476561,0.4577516340650618
tier_10k,4000,1_1438042987127.36_20150728002307-00000-ip-10-236-191-2_300770320_2.csv,0,20,5.0,0.15,4000,6784,3484,100,False,True,True,100,20,100,0.11538461538461539,0.9853886616014027,0.9327485380116959,66.98610097169876,True,2,0.41506404196843505,0.015020429156720638,0.005040479823946953,0.39500313298776746,0.005762438755482435,0.016750359907746315,0.0038541778922080994,0.4414328788407147
tier_10k,4000,1_1438042987127.36_20150728002307-00000-ip-10-236-191-2_300770320_2.csv,0,20,10.0,0.15,4000,6784,3484,200,False,True,True,200,20,200,0.11538461538461539,0.987290289781393,0.9057377049180327,67.61628234386444,True,2,0.41506404196843505,0.015020429156720638,0.005040479823946953,0.39500313298776746,0.00570417707785964,0.03241960797458887,0.004522642120718956,0.45771229872480035
tier_10k,4000,1_1438042987127.36_20150728002307-00000-ip-10-236-191-2_300770320_2.csv,0,20,15.0,0.15,4000,6784,3484,300,False,True,True,300,20,300,0.11538461538461539,0.9855072463768116,0.9036144578313253,67.94869410991669,True,2,0.41506404196843505,0.015020429156720638,0.005040479823946953,0.39500313298776746,0.006087029352784157,0.04934213822707534,0.005090563092380762,0.47558603761717677
tier_10k,4000,1_1438042987127.36_20150728002307-00000-ip-10-236-191-2_300770320_2.csv,0,20,20.0,0.15,4000,6784,3484,400,False,True,True,400,20,400,0.11538461538461539,0.9560889929742389,0.9133858267716536,69.80645781755447,True,3,0.41506404196843505,0.015020429156720638,0.005040479823946953,0.39500313298776746,0.008125237189233303,0.06438184482976794,0.005520566366612911,0.49309389013797045
tier_10k,4000,1_1438042987127.36_20150728002307-00000-ip-10-236-191-2_300770320_2.csv,0,30,5.0,0.15,4000,6784,3484,150,False,True,True,150,30,150,0.11538461538461539,0.9865663621708759,0.9452380952380952,98.97084659337997,True,2,0.41506404196843505,0.015020429156720638,0.005040479823946953,0.39500313298776746,0.006153428927063942,0.02438900899142027,0.00383798498660326,0.4494464220479131
tier_10k,4000,1_1438042987127.36_20150728002307-00000-ip-10-236-191-2_300770320_2.csv,0,30,10.0,0.15,4000,6784,3484,300,False,True,True,300,30,300,0.11538461538461539,0.9855072463768116,0.9429223744292238,100.06196910142899,True,2,0.41506404196843505,0.015020429156720638,0.005040479823946953,0.39500313298776746,0.005909443832933903,0.04932721983641386,0.004285538103431463,0.47458801232278347
tier_10k,4000,1_1438042987127.36_20150728002307-00000-ip-10-236-191-2_300770320_2.csv,0,30,15.0,0.15,4000,6784,3484,450,False,True,True,450,30,450,0.11538461538461539,0.9442838370565046,0.9251592356687898,103.43997383117676,True,3,0.41506404196843505,0.015020429156720638,0.005040479823946953,0.39500313298776746,0.007778399158269167,0.07149020908400416,0.004964865744113922,0.4992993208579719
tier_10k,4000,1_1438042987127.36_20150728002307-00000-ip-10-236-191-2_300770320_2.csv,0,30,20.0,0.15,4000,6784,3484,600,False,True,True,600,30,600,0.11538461538461539,0.9130132219902575,0.9240121580547113,103.47673469781876,True,3,0.41506404196843505,0.015020429156720638,0.005040479823946953,0.39500313298776746,0.007997794076800346,0.09574604174122214,0.006201394833624363,0.5250112842768431
tier_10k,4000,1_1438042987127.36_20150728002307-00000-ip-10-236-191-2_300770320_2.csv,0,40,5.0,0.15,4000,6784,3484,200,False,True,True,200,40,200,0.11538461538461539,0.987290289781393,0.9504310344827587,129.7887145280838,True,2,0.41506404196843505,0.015020429156720638,0.005040479823946953,0.39500313298776746,0.005777184851467609,0.03450773796066642,0.003952530678361654,0.45930321142077446
tier_10k,4000,1_1438042987127.36_20150728002307-00000-ip-10-236-191-2_300770320_2.csv,0,40,10.0,0.15,4000,6784,3484,400,False,True,True,400,40,400,0.11538461538461539,0.9560889929742389,0.9361979166666666,136.10238373279572,True,3,0.41506404196843505,0.015020429156720638,0.005040479823946953,0.39500313298776746,0.007716466672718525,0.06431086035445333,0.004583579022437334,0.4916768311522901
tier_10k,4000,1_1438042987127.36_20150728002307-00000-ip-10-236-191-2_300770320_2.csv,0,40,15.0,0.15,4000,6784,3484,600,False,True,True,600,40,600,0.11538461538461539,0.9130132219902575,0.9294117647058824,136.48730182647705,True,3,0.41506404196843505,0.015020429156720638,0.005040479823946953,0.39500313298776746,0.00790834380313754,0.09740659268572927,0.0057718330062925816,0.526152694132179
tier_10k,4000,1_1438042987127.36_20150728002307-00000-ip-10-236-191-2_300770320_2.csv,0,40,20.0,0.15,4000,6784,3484,800,False,True,True,800,40,800,0.11538461538461539,0.8688298918387414,0.9043600562587905,137.8966322541237,True,4,0.41506404196843505,0.015020429156720638,0.005040479823946953,0.39500313298776746,0.009844124782830477,0.12500408990308642,0.00775282084941864,0.5576671068556607
tier_10k,4000,1_1438042987127.36_20150728002307-00000-ip-10-236-191-2_300770320_2.csv,0,50,5.0,0.15,4000,6784,3484,250,False,True,True,250,50,250,0.11538461538461539,0.9879051765844219,0.9529652351738241,160.98637557029724,True,2,0.41506404196843505,0.015020429156720638,0.005040479823946953,0.39500313298776746,0.006317854858934879,0.0423835520632565,0.004462340846657753,0.4682297999970615
tier_10k,4000,1_1438042987127.36_20150728002307-00000-ip-10-236-191-2_300770320_2.csv,0,50,10.0,0.15,4000,6784,3484,500,False,True,True,500,50,500,0.11538461538461539,0.9332023575638507,0.9410058027079303,168.2265766263008,True,3,0.41506404196843505,0.015020429156720638,0.005040479823946953,0.39500313298776746,0.008200102020055056,0.07923226803541183,0.00607311213389039,0.5085718240588903
tier_10k,4000,1_1438042987127.36_20150728002307-00000-ip-10-236-191-2_300770320_2.csv,0,50,15.0,0.15,4000,6784,3484,750,False,True,True,750,50,750,0.11538461538461539,0.8832298136645963,0.9125138427464009,169.937641620636,True,3,0.41506404196843505,0.015020429156720638,0.005040479823946953,0.39500313298776746,0.008486001752316952,0.11515560373663902,0.006868293974548578,0.5455757812596858
tier_10k,4000,1_1438042987127.36_20150728002307-00000-ip-10-236-191-2_300770320_2.csv,0,50,20.0,0.15,4000,6784,3484,1000,False,True,True,1000,50,1000,0.11538461538461539,0.8147746631562646,0.8734439834024896,172.82788783311844,True,3,0.41506404196843505,0.015020429156720638,0.005040479823946953,0.39500313298776746,0.008372202981263399,0.16262083686888218,0.008705331943929195,0.5947642559185624
tier_10k,4000,0_1438042988061.16_20150728002308-00164-ip-10-236-191-2_873456340_3.csv,0,10,5.0,0.15,4000,4295,3731,50,False,True,True,50,10,50,0.8,0.9983739837398374,0.9895833333333334,15.02145105600357,True,1,0.4373881556093693,0.008934299927204847,0.005058337934315205,0.4233955177478492,0.00443093478679657,0.0035746488720178604,0.004390579182654619,0.44978685257956386
tier_10k,4000,0_1438042988061.16_20150728002308-00164-ip-10-236-191-2_873456340_3.csv,0,10,10.0,0.15,4000,4295,3731,100,False,True,True,100,10,100,0.8,0.9979231568016614,0.9795918367346939,15.308177471160889,True,1,0.4373881556093693,0.008934299927204847,0.005058337934315205,0.4233955177478492,0.004477669019252062,0.007202620152384043,0.004055957309901714,0.45312628895044327
tier_10k,4000,0_1438042988061.16_20150728002308-00164-ip-10-236-191-2_873456340_3.csv,0,10,15.0,0.15,4000,4295,3731,150,False,True,True,150,10,150,0.8,0.9556113902847572,0.8913043478260869,16.53476172685623,True,3,0.4373881556093693,0.008934299927204847,0.005058337934315205,0.4233955177478492,0.008575137238949537,0.009928169194608927,0.00426469324156642,0.4601578526198864
tier_10k,4000,0_1438042988061.16_20150728002308-00164-ip-10-236-191-2_873456340_3.csv,0,10,20.0,0.15,4000,4295,3731,200,False,True,True,200,10,200,0.8,0.9211102994886778,0.8333333333333334,16.67668777704239,True,4,0.4373881556093693,0.008934299927204847,0.005058337934315205,0.4233955177478492,0.010676153935492039,0.012879909947514534,0.004324166104197502,0.46527046244591475
tier_10k,4000,0_1438042988061.16_20150728002308-00164-ip-10-236-191-2_873456340_3.csv,0,20,5.0,0.15,4000,4295,3731,100,False,True,True,100,20,100,0.8,0.9979231568016614,0.9905660377358491,29.753916144371033,True,1,0.4373881556093693,0.008934299927204847,0.005058337934315205,0.4233955177478492,0.004329403396695852,0.007139360066503286,0.003569462802261114,0.4524282137863338
tier_10k,4000,0_1438042988061.16_20150728002308-00164-ip-10-236-191-2_873456340_3.csv,0,20,10.0,0.15,4000,4295,3731,200,False,True,True,200,20,200,0.8,0.9211102994886778,0.8625,31.647356629371643,True,4,0.4373881556093693,0.008934299927204847,0.005058337934315205,0.4233955177478492,0.010431434027850628,0.012842927128076553,0.004072500858455896,0.46473680157214403
tier_10k,4000,0_1438042988061.16_20150728002308-00164-ip-10-236-191-2_873456340_3.csv,0,20,15.0,0.15,4000,4295,3731,300,False,True,True,300,20,300,0.8,0.8700834326579261,0.8333333333333334,32.0924454331398,True,3,0.4373881556093693,0.008934299927204847,0.005058337934315205,0.4233955177478492,0.00879956316202879,0.018961040768772364,0.0049049523659050465,0.4700555745512247
tier_10k,4000,0_1438042988061.16_20150728002308-00164-ip-10-236-191-2_873456340_3.csv,0,20,20.0,0.15,4000,4295,3731,400,False,True,True,400,20,400,0.8,0.8115384615384615,0.8018867924528302,32.18579751253128,True,3,0.4373881556093693,0.008934299927204847,0.005058337934315205,0.4233955177478492,0.008674651850014925,0.026234877295792103,0.006317799910902977,0.4786171345040202
tier_10k,4000,0_1438042988061.16_20150728002308-00164-ip-10-236-191-2_873456340_3.csv,0,30,5.0,0.15,4000,4295,3731,150,False,True,True,150,30,150,0.8,0.9556113902847572,0.9139072847682119,45.765898644924164,True,3,0.4373881556093693,0.008934299927204847,0.005058337934315205,0.4233955177478492,0.008702702820301056,0.0096808560192585,0.0038791862316429615,0.4596527237445116
tier_10k,4000,0_1438042988061.16_20150728002308-00164-ip-10-236-191-2_873456340_3.csv,0,30,10.0,0.15,4000,4295,3731,300,False,True,True,300,30,300,0.8,0.8700834326579261,0.8235294117647058,46.98231142759323,True,3,0.4373881556093693,0.008934299927204847,0.005058337934315205,0.4233955177478492,0.008573456201702356,0.019090526271611452,0.004840067122131586,0.4698939616791904
tier_10k,4000,0_1438042988061.16_20150728002308-00164-ip-10-236-191-2_873456340_3.csv,0,30,15.0,0.15,4000,4295,3731,450,False,True,True,450,30,450,0.8,0.7831233295150821,0.7122302158273381,47.78409481048584,True,4,0.4373881556093693,0.008934299927204847,0.005058337934315205,0.4233955177478492,0.010808673221617937,0.02921063220128417,0.006566078867763281,0.48397526843473315
tier_10k,4000,0_1438042988061.16_20150728002308-00164-ip-10-236-191-2_873456340_3.csv,0,30,20.0,0.15,4000,4295,3731,600,False,True,True,600,30,600,0.8,0.7119424460431655,0.5,50.40952283143997,True,3,0.4373881556093693,0.008934299927204847,0.005058337934315205,0.4233955177478492,0.008638567756861448,0.03503947565332055,0.005943546071648598,0.4870114987716079
tier_10k,4000,0_1438042988061.16_20150728002308-00164-ip-10-236-191-2_873456340_3.csv,0,40,5.0,0.15,4000,4295,3731,200,False,True,True,200,40,200,0.8,0.9211102994886778,0.8654970760233918,60.6413369178772,True,4,0.4373881556093693,0.008934299927204847,0.005058337934315205,0.4233955177478492,0.010433393996208906,0.012986253015697002,0.004244440700858831,0.4650540784932673
tier_10k,4000,0_1438042988061.16_20150728002308-00164-ip-10-236-191-2_873456340_3.csv,0,40,10.0,0.15,4000,4295,3731,400,False,True,True,400,40,400,0.8,0.8115384615384615,0.7529411764705882,62.0323224067688,True,3,0.4373881556093693,0.008934299927204847,0.005058337934315205,0.4233955177478492,0.008641286287456751,0.02477069990709424,0.006081678904592991,0.4768837057054043
tier_10k,4000,0_1438042988061.16_20150728002308-00164-ip-10-236-191-2_873456340_3.csv,0,40,15.0,0.15,4000,4295,3731,600,False,True,True,600,40,600,0.8,0.7119424460431655,0.42962962962962964,66.47950631380081,True,3,0.4373881556093693,0.008934299927204847,0.005058337934315205,0.4233955177478492,0.008671284187585115,0.034529536962509155,0.005768660921603441,0.4863595077767968
tier_10k,4000,0_1438042988061.16_20150728002308-00164-ip-10-236-191-2_873456340_3.csv,0,40,20.0,0.15,4000,4295,3731,800,False,True,True,800,40,800,0.8,0.6413920258123992,0.4253731343283582,67.69502884149551,True,4,0.4373881556093693,0.008934299927204847,0.005058337934315205,0.4233955177478492,0.010772287845611572,0.04332525888457894,0.007551853079348803,0.4990393267944455
tier_10k,4000,0_1438042988061.16_20150728002308-00164-ip-10-236-191-2_873456340_3.csv,0,50,5.0,0.15,4000,4295,3731,250,False,True,True,250,50,250,0.8,0.8936855670103093,0.8448275862068966,75.74386125802994,True,4,0.4373881556093693,0.008934299927204847,0.005058337934315205,0.4233955177478492,0.010332515928894281,0.015764180105179548,0.004606056027114391,0.4680927232839167
tier_10k,4000,0_1438042988061.16_20150728002308-00164-ip-10-236-191-2_873456340_3.csv,0,50,10.0,0.15,4000,4295,3731,500,False,True,True,500,50,500,0.8,0.7584308327598073,0.6282722513089005,78.52862864732742,True,3,0.4373881556093693,0.008934299927204847,0.005058337934315205,0.4233955177478492,0.00866173766553402,0.03120518196374178,0.00823700288310647,0.4854939435608685
tier_10k,4000,0_1438042988061.16_20150728002308-00164-ip-10-236-191-2_873456340_3.csv,0,50,15.0,0.15,4000,4295,3731,750,False,True,True,750,50,750,0.8,0.6567017887772605,0.37012987012987014,83.60541307926178,True,4,0.4373881556093693,0.008934299927204847,0.005058337934315205,0.4233955177478492,0.012162134051322937,0.04209070699289441,0.0071241590194404125,0.4987671384587884
tier_10k,4000,0_1438042988061.16_20150728002308-00164-ip-10-236-191-2_873456340_3.csv,0,50,20.0,0.15,4000,4295,3731,1000,False,True,True,1000,50,1000,0.8,0.5877835327737095,0.37341772151898733,84.30061846971512,True,4,0.4373881556093693,0.008934299927204847,0.005058337934315205,0.4233955177478492,0.010739754885435104,0.05403851764276624,0.009807140100747347,0.5119758015498519
tier_10k,4000,0_1438042988458.74_20150728002308-00046-ip-10-236-191-2_688841822_2.csv,2,10,5.0,0.15,4000,1,978,50,False,True,True,50,10,50,0.7450980392156863,0.38,0.6333333333333333,39.1331924200058,True,2,0.1185801480896771,0.007249375339597464,0.0016534458845853806,0.10967732686549425,0.0014135371893644333,0.00504376320168376,0.0043532969430089,0.12939304020255804
tier_10k,4000,0_1438042988458.74_20150728002308-00046-ip-10-236-191-2_688841822_2.csv,2,10,10.0,0.15,4000,1,978,100,False,True,True,100,10,100,0.7450980392156863,0.25333333333333335,0.6333333333333333,39.85572898387909,True,2,0.1185801480896771,0.007249375339597464,0.0016534458845853806,0.10967732686549425,0.001576488371938467,0.010691699106246233,0.003754946868866682,0.13460503704845905
tier_10k,4000,0_1438042988458.74_20150728002308-00046-ip-10-236-191-2_688841822_2.csv,2,10,15.0,0.15,4000,1,978,150,False,True,True,150,10,150,0.7450980392156863,0.1688888888888889,0.6129032258064516,40.38787692785263,True,2,0.1185801480896771,0.007249375339597464,0.0016534458845853806,0.10967732686549425,0.0015495331026613712,0.015662176068872213,0.0036587859503924847,0.13945230608806014
tier_10k,4000,0_1438042988458.74_20150728002308-00046-ip-10-236-191-2_688841822_2.csv,2,10,20.0,0.15,4000,1,978,200,False,True,True,200,10,200,0.7450980392156863,0.12666666666666668,0.6129032258064516,40.69116687774658,True,2,0.1185801480896771,0.007249375339597464,0.0016534458845853806,0.10967732686549425,0.0015292572788894176,0.020029757171869278,0.004025234840810299,0.1441661291755736
tier_10k,4000,0_1438042988458.74_20150728002308-00046-ip-10-236-191-2_688841822_2.csv,2,20,5.0,0.15,4000,1,978,100,False,True,True,100,20,100,0.7450980392156863,0.25333333333333335,0.5428571428571428,77.32736676931381,True,2,0.1185801480896771,0.007249375339597464,0.0016534458845853806,0.10967732686549425,0.0014844960533082485,0.010595180094242096,0.0036186818033456802,0.13428024481981993
tier_10k,4000,0_1438042988458.74_20150728002308-00046-ip-10-236-191-2_688841822_2.csv,2,20,10.0,0.15,4000,1,978,200,False,True,True,200,20,200,0.7450980392156863,0.12666666666666668,0.5205479452054794,78.5607402920723,True,2,0.1185801480896771,0.007249375339597464,0.0016534458845853806,0.10967732686549425,0.0015297257341444492,0.019698294810950756,0.004086374770849943,0.14389637671411037
tier_10k,4000,0_1438042988458.74_20150728002308-00046-ip-10-236-191-2_688841822_2.csv,2,20,15.0,0.15,4000,1,978,300,False,True,True,300,20,300,0.7450980392156863,0.07421875,0.4662576687116564,79.3983239531517,True,2,0.1185801480896771,0.007249375339597464,0.0016534458845853806,0.10967732686549425,0.0015616398304700851,0.029448100831359625,0.0044021629728376865,0.1539937979541719
tier_10k,4000,0_1438042988458.74_20150728002308-00046-ip-10-236-191-2_688841822_2.csv,2,20,20.0,0.15,4000,1,978,400,False,True,True,400,20,400,0.7450980392156863,0.049868766404199474,0.4470588235294118,80.38337504863739,True,2,0.1185801480896771,0.007249375339597464,0.0016534458845853806,0.10967732686549425,0.0015967763029038906,0.03889392828568816,0.005106058903038502,0.16417859122157097
tier_10k,4000,0_1438042988458.74_20150728002308-00046-ip-10-236-191-2_688841822_2.csv,2,30,5.0,0.15,4000,1,978,150,False,True,True,150,30,150,0.7450980392156863,0.1688888888888889,0.4578313253012048,115.32284444570541,True,2,0.1185801480896771,0.007249375339597464,0.0016534458845853806,0.10967732686549425,0.001513125840574503,0.015382999088615179,0.003954879939556122,0.1394328153692186
tier_10k,4000,0_1438042988458.74_20150728002308-00046-ip-10-236-191-2_688841822_2.csv,2,30,10.0,0.15,4000,1,978,300,False,True,True,300,30,300,0.7450980392156863,0.07421875,0.3958333333333333,117.23326134681702,True,2,0.1185801480896771,0.007249375339597464,0.0016534458845853806,0.10967732686549425,0.0015737577341496944,0.02907044580206275,0.004281023982912302,0.15350718423724174
tier_10k,4000,0_1438042988458.74_20150728002308-00046-ip-10-236-191-2_688841822_2.csv,2,30,15.0,0.15,4000,1,978,450,False,True,True,450,30,450,0.7450980392156863,0.04215196894065446,0.3619047619047619,118.9143254160881,True,2,0.1185801480896771,0.007249375339597464,0.0016534458845853806,0.10967732686549425,0.0016064890660345554,0.04412093432620168,0.0050789047963917255,0.16938833193853498
tier_10k,4000,0_1438042988458.74_20150728002308-00046-ip-10-236-191-2_688841822_2.csv,2,30,20.0,0.15,4000,1,978,600,False,True,True,600,30,600,0.7450980392156863,0.027075169219807623,0.3438914027149321,120.01964324712753,True,2,0.1185801480896771,0.007249375339597464,0.0016534458845853806,0.10967732686549425,0.0016783238388597965,0.056097015272825956,0.005812925286591053,0.18217028584331274
tier_10k,4000,0_1438042988458.74_20150728002308-00046-ip-10-236-191-2_688841822_2.csv,2,40,5.0,0.15,4000,1,978,200,False,True,True,200,40,200,0.7450980392156863,0.12666666666666668,0.39378238341968913,152.8332765698433,True,2,0.1185801480896771,0.007249375339597464,0.0016534458845853806,0.10967732686549425,0.0015289797447621822,0.02000920521095395,0.003912400919944048,0.14403257239609957
tier_10k,4000,0_1438042988458.74_20150728002308-00046-ip-10-236-191-2_688841822_2.csv,2,40,10.0,0.15,4000,1,978,400,False,True,True,400,40,400,0.7450980392156863,0.049868766404199474,0.3064516129032258,156.30508530139923,True,2,0.1185801480896771,0.007249375339597464,0.0016534458845853806,0.10967732686549425,0.0015933900140225887,0.03893851861357689,0.004854363389313221,0.1639682473614812
tier_10k,4000,0_1438042988458.74_20150728002308-00046-ip-10-236-191-2_688841822_2.csv,2,40,15.0,0.15,4000,1,978,600,False,True,True,600,40,600,0.7450980392156863,0.027075169219807623,0.2889733840304182,158.03867107629776,True,2,0.1185801480896771,0.007249375339597464,0.0016534458845853806,0.10967732686549425,0.0016557173803448677,0.056490725837647915,0.005726344883441925,0.1824547522701323
tier_10k,4000,0_1438042988458.74_20150728002308-00046-ip-10-236-191-2_688841822_2.csv,2,40,20.0,0.15,4000,1,978,800,False,True,True,800,40,800,0.7450980392156863,0.01444317749904979,0.2261904761904762,158.67826414108276,True,2,0.1185801480896771,0.007249375339597464,0.0016534458845853806,0.10967732686549425,0.0017706206999719143,0.0747203859500587,0.006674519740045071,0.20174751011654735
tier_10k,4000,0_1438042988458.74_20150728002308-00046-ip-10-236-191-2_688841822_2.csv,2,50,5.0,0.15,4000,1,978,250,False,True,True,250,50,250,0.7450980392156863,0.09523809523809523,0.33043478260869563,190.92855340242386,True,2,0.1185801480896771,0.007249375339597464,0.0016534458845853806,0.10967732686549425,0.0015624761581420898,0.024283042643219233,0.004148223903030157,0.1485757348127663
tier_10k,4000,0_1438042988458.74_20150728002308-00046-ip-10-236-191-2_688841822_2.csv,2,50,10.0,0.15,4000,1,978,500,False,True,True,500,50,500,0.7450980392156863,0.03613884926295768,0.2629757785467128,195.07849991321564,True,2,0.1185801480896771,0.007249375339597464,0.0016534458845853806,0.10967732686549425,0.0016454490832984447,0.04781103366985917,0.005578008014708757,0.17361636832356453
tier_10k,4000,0_1438042988458.74_20150728002308-00046-ip-10-236-191-2_688841822_2.csv,2,50,15.0,0.15,4000,1,978,750,False,True,True,750,50,750,0.7450980392156863,0.01725703905540418,0.21288515406162464,196.5953962802887,True,2,0.1185801480896771,0.007249375339597464,0.0016534458845853806,0.10967732686549425,0.0017833039164543152,0.0704451841302216,0.007453097961843014,0.19826370850205421
tier_10k,4000,0_1438042988458.74_20150728002308-00046-ip-10-236-191-2_688841822_2.csv,2,50,20.0,0.15,4000,1,978,1000,True,True,True,978,50,978,0.7450980392156863,0.004067216097613186,0.152,197.28475189208984,False,0,0.1185801480896771,0.007249375339597464,0.0016534458845853806,0.10967732686549425,6.406987085938454e-05,0.0957542541436851,0.009511345997452736,0.2239122400060296
tier_10k,4000,1_1438042990112.50_20150728002310-00103-ip-10-236-191-2_381157664_0.csv,3,10,5.0,0.15,4000,4076,2195,50,False,True,True,50,10,50,0.47058823529411764,0.993238674780257,0.9771689497716894,19.605778098106384,True,2,0.2620138730853796,0.009331556037068367,0.00391054805368185,0.24877176899462938,0.0028802896849811077,0.008085584733635187,0.003810265101492405,0.27679223800078034
tier_10k,4000,1_1438042990112.50_20150728002310-00103-ip-10-236-191-2_381157664_0.csv,3,10,10.0,0.15,4000,4076,2195,100,False,True,True,100,10,100,0.47058823529411764,0.9945750452079566,0.9210526315789473,20.26633358001709,True,1,0.2620138730853796,0.009331556037068367,0.00391054805368185,0.24877176899462938,0.002241159789264202,0.012632797006517649,0.0040155500173568726,0.28090499714016914
tier_10k,4000,1_1438042990112.50_20150728002310-00103-ip-10-236-191-2_381157664_0.csv,3,10,15.0,0.15,4000,4076,2195,150,False,True,True,150,10,150,0.47058823529411764,0.9951612903225806,0.9052631578947369,21.166332125663757,True,1,0.2620138730853796,0.009331556037068367,0.00391054805368185,0.24877176899462938,0.0021833586506545544,0.019891066011041403,0.003364869859069586,0.2874548863619566
tier_10k,4000,1_1438042990112.50_20150728002310-00103-ip-10-236-191-2_381157664_0.csv,3,10,20.0,0.15,4000,4076,2195,200,False,True,True,200,10,200,0.47058823529411764,0.9954545454545455,0.8860759493670886,21.223617017269135,True,1,0.2620138730853796,0.009331556037068367,0.00391054805368185,0.24877176899462938,0.002193636726588011,0.025557936169207096,0.003730008378624916,0.2934972671791911
tier_10k,4000,1_1438042990112.50_20150728002310-00103-ip-10-236-191-2_381157664_0.csv,3,20,5.0,0.15,4000,4076,2195,100,False,True,True,100,20,100,0.47058823529411764,0.9945750452079566,0.9742120343839542,38.86294314265251,True,1,0.2620138730853796,0.009331556037068367,0.00391054805368185,0.24877176899462938,0.00235318997874856,0.012444747146219015,0.0035060220398008823,0.2803196841850877
tier_10k,4000,1_1438042990112.50_20150728002310-00103-ip-10-236-191-2_381157664_0.csv,3,20,10.0,0.15,4000,4076,2195,200,False,True,True,200,20,200,0.47058823529411764,0.9954545454545455,0.9415584415584416,41.270457953214645,True,1,0.2620138730853796,0.009331556037068367,0.00391054805368185,0.24877176899462938,0.0021850820630788803,0.026893043890595436,0.004305532202124596,0.29539920575916767
tier_10k,4000,1_1438042990112.50_20150728002310-00103-ip-10-236-191-2_381157664_0.csv,3,20,15.0,0.15,4000,4076,2195,300,False,True,True,300,20,300,0.47058823529411764,0.9861959118662065,0.9774305555555556,44.683004319667816,True,2,0.2620138730853796,0.009331556037068367,0.00391054805368185,0.24877176899462938,0.003521244041621685,0.03936776705086231,0.004793090280145407,0.30969782499596477
tier_10k,4000,1_1438042990112.50_20150728002310-00103-ip-10-236-191-2_381157664_0.csv,3,20,20.0,0.15,4000,4076,2195,400,False,True,True,400,20,400,0.47058823529411764,0.9629005059021922,0.9640564826700898,45.231187760829926,True,3,0.2620138730853796,0.009331556037068367,0.00391054805368185,0.24877176899462938,0.004615970887243748,0.05143858911469579,0.005836517084389925,0.32390688825398684
tier_10k,4000,1_1438042990112.50_20150728002310-00103-ip-10-236-191-2_381157664_0.csv,3,30,5.0,0.15,4000,4076,2195,150,False,True,True,150,30,150,0.47058823529411764,0.9951612903225806,0.97,60.50353166460991,True,1,0.2620138730853796,0.009331556037068367,0.00391054805368185,0.24877176899462938,0.002350756898522377,0.019650864880532026,0.0037711751647293568,0.2877883859910071
tier_10k,4000,1_1438042990112.50_20150728002310-00103-ip-10-236-191-2_381157664_0.csv,3,30,10.0,0.15,4000,4076,2195,300,False,True,True,300,30,300,0.47058823529411764,0.9861959118662065,0.9777628032345014,65.74180406332016,True,2,0.2620138730853796,0.009331556037068367,0.00391054805368185,0.24877176899462938,0.0032701799646019936,0.03842589491978288,0.005188757553696632,0.30890046106651425
tier_10k,4000,1_1438042990112.50_20150728002310-00103-ip-10-236-191-2_381157664_0.csv,3,30,15.0,0.15,4000,4076,2195,450,False,True,True,450,30,450,0.47058823529411764,0.952116585704372,0.9750865051903114,66.55364346504211,True,3,0.2620138730853796,0.009331556037068367,0.00391054805368185,0.24877176899462938,0.0048672049306333065,0.054878667928278446,0.006846841890364885,0.32860860973596573
tier_10k,4000,1_1438042990112.50_20150728002310-00103-ip-10-236-191-2_381157664_0.csv,3,30,20.0,0.15,4000,4076,2195,600,False,True,True,600,30,600,0.47058823529411764,0.9165712103856434,0.9656518345042935,66.93116670846939,True,4,0.2620138730853796,0.009331556037068367,0.00391054805368185,0.24877176899462938,0.006008940748870373,0.07221902394667268,0.009782330133020878,0.3500262233428657
tier_10k,4000,1_1438042990112.50_20150728002310-00103-ip-10-236-191-2_381157664_0.csv,3,40,5.0,0.15,4000,4076,2195,200,False,True,True,200,40,200,0.47058823529411764,0.9954545454545455,0.9758713136729222,79.73530521988869,True,1,0.2620138730853796,0.009331556037068367,0.00391054805368185,0.24877176899462938,0.0025375839322805405,0.0249198111705482,0.004128348082304001,0.29360159393399954
tier_10k,4000,1_1438042990112.50_20150728002310-00103-ip-10-236-191-2_381157664_0.csv,3,40,10.0,0.15,4000,4076,2195,400,False,True,True,400,40,400,0.47058823529411764,0.9629005059021922,0.9740090968161144,87.43280130624771,True,3,0.2620138730853796,0.009331556037068367,0.00391054805368185,0.24877176899462938,0.004910778254270554,0.050431798212230206,0.005914370063692331,0.32327276188880205
tier_10k,4000,1_1438042990112.50_20150728002310-00103-ip-10-236-191-2_381157664_0.csv,3,40,15.0,0.15,4000,4076,2195,600,False,True,True,600,40,600,0.47058823529411764,0.9165712103856434,0.9663608562691132,88.0245755314827,True,4,0.2620138730853796,0.009331556037068367,0.00391054805368185,0.24877176899462938,0.0059072403237223625,0.07364166108891368,0.009593325667083263,0.35115791903808713
tier_10k,4000,1_1438042990112.50_20150728002310-00103-ip-10-236-191-2_381157664_0.csv,3,40,20.0,0.15,4000,4076,2195,800,False,True,True,800,40,800,0.47058823529411764,0.8492149852323955,0.7686170212765957,96.54664885997772,True,4,0.2620138730853796,0.009331556037068367,0.00391054805368185,0.24877176899462938,0.005837148055434227,0.09889128198847175,0.006886010058224201,0.3736301329918206
tier_10k,4000,1_1438042990112.50_20150728002310-00103-ip-10-236-191-2_381157664_0.csv,3,50,5.0,0.15,4000,4076,2195,250,False,True,True,250,50,250,0.47058823529411764,0.9956730769230769,0.9800884955752213,98.72103816270828,True,1,0.2620138730853796,0.009331556037068367,0.00391054805368185,0.24877176899462938,0.0023093479685485363,0.031516585033386946,0.004500470124185085,0.3003420061431825
tier_10k,4000,1_1438042990112.50_20150728002310-00103-ip-10-236-191-2_381157664_0.csv,3,50,10.0,0.15,4000,4076,2195,500,False,True,True,500,50,500,0.47058823529411764,0.9419483985765125,0.9703748488512697,108.07132256031036,True,3,0.2620138730853796,0.009331556037068367,0.00391054805368185,0.24877176899462938,0.004774301312863827,0.060618611983954906,0.0072254640981554985,0.3346341769210994
tier_10k,4000,1_1438042990112.50_20150728002310-00103-ip-10-236-191-2_381157664_0.csv,3,50,15.0,0.15,4000,4076,2195,750,False,True,True,750,50,750,0.47058823529411764,0.8680169879124469,0.7784946236559139,119.41263830661774,True,3,0.2620138730853796,0.009331556037068367,0.00391054805368185,0.24877176899462938,0.004692882299423218,0.09275897592306137,0.0063795181922614574,0.36584713589400053
tier_10k,4000,1_1438042990112.50_20150728002310-00103-ip-10-236-191-2_381157664_0.csv,3,50,20.0,0.15,4000,4076,2195,1000,False,True,True,1000,50,1000,0.47058823529411764,0.7750540735400144,0.5545171339563862,126.2556619644165,True,3,0.2620138730853796,0.009331556037068367,0.00391054805368185,0.24877176899462938,0.004885155241936445,0.12269406206905842,0.007877219934016466,0.397472043056041
tier_10k,4000,1_1438042987127.36_20150728002307-00080-ip-10-236-191-2_899463259_102.csv,1,10,5.0,0.15,4000,1,1475,50,False,False,False,50,0,50,0.2,0.03389830508474576,,,True,2,0.17495942348614335,0.006461392156779766,0.0018445891328155994,0.16665344219654799,0.0023612119257450104,0.0021574366837739944,0.0017353068105876446,0.18121542921289802
tier_10k,4000,1_1438042987127.36_20150728002307-00080-ip-10-236-191-2_899463259_102.csv,1,10,10.0,0.15,4000,1,1475,100,False,False,False,100,0,100,0.2,0.01834862385321101,,,True,2,0.17495942348614335,0.006461392156779766,0.0018445891328155994,0.16665344219654799,0.002391805872321129,0.003996145911514759,0.0009260796941816807,0.18227488826960325
tier_10k,4000,1_1438042987127.36_20150728002307-00080-ip-10-236-191-2_899463259_102.csv,1,10,15.0,0.15,4000,1,1475,150,False,False,False,150,0,150,0.2,0.01238390092879257,,,True,2,0.17495942348614335,0.006461392156779766,0.0018445891328155994,0.16665344219654799,0.0021850699558854103,0.005973690189421177,0.0009918599389493465,0.18411132879555225
tier_10k,4000,1_1438042987127.36_20150728002307-00080-ip-10-236-191-2_899463259_102.csv,1,10,20.0,0.15,4000,1,1475,200,False,False,False,200,0,200,0.2,0.008456659619450317,,,True,2,0.17495942348614335,0.006461392156779766,0.0018445891328155994,0.16665344219654799,0.002379827667027712,0.007957952097058296,0.0012691193260252476,0.18656782107427716
tier_10k,4000,1_1438042987127.36_20150728002307-00080-ip-10-236-191-2_899463259_102.csv,1,20,5.0,0.15,4000,1,1475,100,False,False,False,100,0,100,0.2,0.01834862385321101,,,True,2,0.17495942348614335,0.006461392156779766,0.0018445891328155994,0.16665344219654799,0.0023657791316509247,0.003955547232180834,0.0009236810728907585,0.1822059997357428
tier_10k,4000,1_1438042987127.36_20150728002307-00080-ip-10-236-191-2_899463259_102.csv,1,20,10.0,0.15,4000,1,1475,200,False,False,False,200,0,200,0.2,0.008456659619450317,,,True,2,0.17495942348614335,0.006461392156779766,0.0018445891328155994,0.16665344219654799,0.0023926235735416412,0.007926279213279486,0.001161731779575348,0.18644157657399774
tier_10k,4000,1_1438042987127.36_20150728002307-00080-ip-10-236-191-2_899463259_102.csv,1,20,15.0,0.15,4000,1,1475,300,False,False,False,300,0,300,0.2,0.005063291139240506,,,True,2,0.17495942348614335,0.006461392156779766,0.0018445891328155994,0.16665344219654799,0.002406222280114889,0.011542805004864931,0.001429055817425251,0.1903391401283443
tier_10k,4000,1_1438042987127.36_20150728002307-00080-ip-10-236-191-2_899463259_102.csv,1,20,20.0,0.15,4000,1,1475,400,False,False,False,400,0,400,0.2,0.0033613445378151263,,,True,2,0.17495942348614335,0.006461392156779766,0.0018445891328155994,0.16665344219654799,0.0021860701963305473,0.01399814011529088,0.0015990501269698143,0.1927441474981606
tier_10k,4000,1_1438042987127.36_20150728002307-00080-ip-10-236-191-2_899463259_102.csv,1,30,5.0,0.15,4000,1,1475,150,False,False,False,150,0,150,0.2,0.01238390092879257,,,True,2,0.17495942348614335,0.006461392156779766,0.0018445891328155994,0.16665344219654799,0.0021150908432900906,0.005360390990972519,0.0008442532271146774,0.1832805317826569
tier_10k,4000,1_1438042987127.36_20150728002307-00080-ip-10-236-191-2_899463259_102.csv,1,30,10.0,0.15,4000,1,1475,300,False,False,False,300,0,300,0.2,0.005063291139240506,,,True,2,0.17495942348614335,0.006461392156779766,0.0018445891328155994,0.16665344219654799,0.00214810436591506,0.010559224989265203,0.0014213938266038895,0.18908948451280594
tier_10k,4000,1_1438042987127.36_20150728002307-00080-ip-10-236-191-2_899463259_102.csv,1,30,15.0,0.15,4000,1,1475,450,False,False,False,450,0,450,0.2,0.002777777777777778,,,True,2,0.17495942348614335,0.006461392156779766,0.0018445891328155994,0.16665344219654799,0.0022002151235938072,0.01564813405275345,0.0015881978906691074,0.1943975784815848
tier_10k,4000,1_1438042987127.36_20150728002307-00080-ip-10-236-191-2_899463259_102.csv,1,30,20.0,0.15,4000,1,1475,600,False,False,False,600,0,600,0.2,0.0018231540565177757,,,True,2,0.17495942348614335,0.006461392156779766,0.0018445891328155994,0.16665344219654799,0.002246457152068615,0.020680200308561325,0.0016783089376986027,0.19956593355163932
tier_10k,4000,1_1438042987127.36_20150728002307-00080-ip-10-236-191-2_899463259_102.csv,1,40,5.0,0.15,4000,1,1475,200,False,False,False,200,0,200,0.2,0.008456659619450317,,,True,2,0.17495942348614335,0.006461392156779766,0.0018445891328155994,0.16665344219654799,0.002130058128386736,0.007028922438621521,0.0013745897449553013,0.1854944354854524
tier_10k,4000,1_1438042987127.36_20150728002307-00080-ip-10-236-191-2_899463259_102.csv,1,40,10.0,0.15,4000,1,1475,400,False,False,False,400,0,400,0.2,0.0033613445378151263,,,True,2,0.17495942348614335,0.006461392156779766,0.0018445891328155994,0.16665344219654799,0.002190134022384882,0.01387436268851161,0.0014913249760866165,0.192516821436584
tier_10k,4000,1_1438042987127.36_20150728002307-00080-ip-10-236-191-2_899463259_102.csv,1,40,15.0,0.15,4000,1,1475,600,False,False,False,600,0,600,0.2,0.0018231540565177757,,,True,2,0.17495942348614335,0.006461392156779766,0.0018445891328155994,0.16665344219654799,0.0022445418871939182,0.020986550021916628,0.001936908345669508,0.2001289534382522
tier_10k,4000,1_1438042987127.36_20150728002307-00080-ip-10-236-191-2_899463259_102.csv,1,40,20.0,0.15,4000,1,1475,800,False,False,False,800,0,800,0.2,0.0011614401858304297,,,True,2,0.17495942348614335,0.006461392156779766,0.0018445891328155994,0.16665344219654799,0.0025348342023789883,0.027313022408634424,0.0023334287106990814,0.20714239263907075
tier_10k,4000,1_1438042987127.36_20150728002307-00080-ip-10-236-191-2_899463259_102.csv,1,50,5.0,0.15,4000,1,1475,250,False,False,False,250,0,250,0.2,0.006420545746388443,,,True,2,0.17495942348614335,0.006461392156779766,0.0018445891328155994,0.16665344219654799,0.002169066108763218,0.009456973057240248,0.0013596550561487675,0.18794662738218904
tier_10k,4000,1_1438042987127.36_20150728002307-00080-ip-10-236-191-2_899463259_102.csv,1,50,10.0,0.15,4000,1,1475,500,False,False,False,500,0,500,0.2,0.002366863905325444,,,True,2,0.17495942348614335,0.006461392156779766,0.0018445891328155994,0.16665344219654799,0.0024575060233473778,0.017503511160612106,0.0019079428166151047,0.19682998256757855
tier_10k,4000,1_1438042987127.36_20150728002307-00080-ip-10-236-191-2_899463259_102.csv,1,50,15.0,0.15,4000,1,1475,750,False,False,False,750,0,750,0.2,0.001292824822236587,,,True,2,0.17495942348614335,0.006461392156779766,0.0018445891328155994,0.16665344219654799,0.0022891811095178127,0.025490858126431704,0.0021490431390702724,0.20489001832902431
tier_10k,4000,1_1438042987127.36_20150728002307-00080-ip-10-236-191-2_899463259_102.csv,1,50,20.0,0.15,4000,1,1475,1000,False,False,False,1000,0,1000,0.2,0.0007818608287724785,,,True,2,0.17495942348614335,0.006461392156779766,0.0018445891328155994,0.16665344219654799,0.002388410270214081,0.03537025721743703,0.0025991289876401424,0.21531870355829597
tier_10k,4000,1_1438042987127.36_20150728002307-00140-ip-10-236-191-2_74640728_1.csv,1,10,5.0,0.15,4000,1,1159,50,False,False,False,50,0,50,0.07692307692307693,0.016129032258064516,,,True,2,0.13488559238612652,0.006486364174634218,0.0020577041432261467,0.12634152406826615,0.0015917401760816574,0.0029960251413285732,0.0014089038595557213,0.14088392304256558
tier_10k,4000,1_1438042987127.36_20150728002307-00140-ip-10-236-191-2_74640728_1.csv,1,10,10.0,0.15,4000,1,1159,100,False,False,False,100,0,100,0.07692307692307693,0.008928571428571428,,,True,2,0.13488559238612652,0.006486364174634218,0.0020577041432261467,0.12634152406826615,0.0016960962675511837,0.0062499018386006355,0.0010125651024281979,0.14384560799226165
tier_10k,4000,1_1438042987127.36_20150728002307-00140-ip-10-236-191-2_74640728_1.csv,1,10,15.0,0.15,4000,1,1159,150,False,False,False,150,0,150,0.07692307692307693,0.006172839506172839,,,True,2,0.13488559238612652,0.006486364174634218,0.0020577041432261467,0.12634152406826615,0.001689115073531866,0.008345562033355236,0.0013708253391087055,0.14629254955798388
tier_10k,4000,1_1438042987127.36_20150728002307-00140-ip-10-236-191-2_74640728_1.csv,1,10,20.0,0.15,4000,1,1159,200,False,False,False,200,0,200,0.07692307692307693,0.0044444444444444444,,,True,2,0.13488559238612652,0.006486364174634218,0.0020577041432261467,0.12634152406826615,0.0016639698296785355,0.01120004616677761,0.0016371402889490128,0.14938827930018306
tier_10k,4000,1_1438042987127.36_20150728002307-00140-ip-10-236-191-2_74640728_1.csv,1,20,5.0,0.15,4000,1,1159,100,False,False,False,100,0,100,0.07692307692307693,0.008928571428571428,,,True,2,0.13488559238612652,0.006486364174634218,0.0020577041432261467,0.12634152406826615,0.0018214397132396698,0.006392846815288067,0.0009712772443890572,0.14407268539071083
tier_10k,4000,1_1438042987127.36_20150728002307-00140-ip-10-236-191-2_74640728_1.csv,1,20,10.0,0.15,4000,1,1159,200,False,False,False,200,0,200,0.07692307692307693,0.0044444444444444444,,,True,2,0.13488559238612652,0.006486364174634218,0.0020577041432261467,0.12634152406826615,0.0016971868462860584,0.011203208938241005,0.0011113127693533897,0.1488987165503204
tier_10k,4000,1_1438042987127.36_20150728002307-00140-ip-10-236-191-2_74640728_1.csv,1,20,15.0,0.15,4000,1,1159,300,False,False,False,300,0,300,0.07692307692307693,0.0026666666666666666,,,True,2,0.13488559238612652,0.006486364174634218,0.0020577041432261467,0.12634152406826615,0.0018653753213584423,0.01680736569687724,0.0013526170514523983,0.15491245547309518
tier_10k,4000,1_1438042987127.36_20150728002307-00140-ip-10-236-191-2_74640728_1.csv,1,20,20.0,0.15,4000,1,1159,400,False,False,False,400,0,400,0.07692307692307693,0.0017793594306049821,,,True,2,0.13488559238612652,0.006486364174634218,0.0020577041432261467,0.12634152406826615,0.0019056429155170918,0.0231729238294065,0.0017118733376264572,0.16167743830010295
tier_10k,4000,1_1438042987127.36_20150728002307-00140-ip-10-236-191-2_74640728_1.csv,1,30,5.0,0.15,4000,1,1159,150,False,False,False,150,0,150,0.07692307692307693,0.006172839506172839,,,True,2,0.13488559238612652,0.006486364174634218,0.0020577041432261467,0.12634152406826615,0.0017181732691824436,0.008631348144263029,0.0013727368786931038,0.1466093477793038
tier_10k,4000,1_1438042987127.36_20150728002307-00140-ip-10-236-191-2_74640728_1.csv,1,30,10.0,0.15,4000,1,1159,300,False,False,False,300,0,300,0.07692307692307693,0.0026666666666666666,,,True,2,0.13488559238612652,0.006486364174634218,0.0020577041432261467,0.12634152406826615,0.0017010057345032692,0.017257328145205975,0.0014192438684403896,0.15526469564065337
tier_10k,4000,1_1438042987127.36_20150728002307-00140-ip-10-236-191-2_74640728_1.csv,1,30,15.0,0.15,4000,1,1159,450,False,False,False,450,0,450,0.07692307692307693,0.0015105740181268882,,,True,2,0.13488559238612652,0.006486364174634218,0.0020577041432261467,0.12634152406826615,0.001749071292579174,0.024669064208865166,0.001644102856516838,0.16294930735602975
tier_10k,4000,1_1438042987127.36_20150728002307-00140-ip-10-236-191-2_74640728_1.csv,1,30,20.0,0.15,4000,1,1159,600,False,False,False,600,0,600,0.07692307692307693,0.000968054211035818,,,True,2,0.13488559238612652,0.006486364174634218,0.0020577041432261467,0.12634152406826615,0.0017932988703250885,0.033766761887818575,0.001962403766810894,0.17240972304716706
tier_10k,4000,1_1438042987127.36_20150728002307-00140-ip-10-236-191-2_74640728_1.csv,1,40,5.0,0.15,4000,1,1159,200,False,False,False,200,0,200,0.07692307692307693,0.0044444444444444444,,,True,2,0.13488559238612652,0.006486364174634218,0.0020577041432261467,0.12634152406826615,0.0017442470416426659,0.011154044885188341,0.0015306337736546993,0.14931603940203786
tier_10k,4000,1_1438042987127.36_20150728002307-00140-ip-10-236-191-2_74640728_1.csv,1,40,10.0,0.15,4000,1,1159,400,False,False,False,400,0,400,0.07692307692307693,0.0017793594306049821,,,True,2,0.13488559238612652,0.006486364174634218,0.0020577041432261467,0.12634152406826615,0.0017736968584358692,0.02306860126554966,0.0017882962711155415,0.16151776630431414
tier_10k,4000,1_1438042987127.36_20150728002307-00140-ip-10-236-191-2_74640728_1.csv,1,40,15.0,0.15,4000,1,1159,600,False,False,False,600,0,600,0.07692307692307693,0.000968054211035818,,,True,2,0.13488559238612652,0.006486364174634218,0.0020577041432261467,0.12634152406826615,0.0020255371928215027,0.03370107477530837,0.0020632720552384853,0.17267704522237182
tier_10k,4000,1_1438042987127.36_20150728002307-00140-ip-10-236-191-2_74640728_1.csv,1,40,20.0,0.15,4000,1,1159,800,False,False,False,800,0,800,0.07692307692307693,0.0006142506142506142,,,True,2,0.13488559238612652,0.006486364174634218,0.0020577041432261467,0.12634152406826615,0.0020391331054270267,0.0446209697984159,0.0023282370530068874,0.18387556821107864
tier_10k,4000,1_1438042987127.36_20150728002307-00140-ip-10-236-191-2_74640728_1.csv,1,50,5.0,0.15,4000,1,1159,250,False,False,False,250,0,250,0.07692307692307693,0.0033333333333333335,,,True,2,0.13488559238612652,0.006486364174634218,0.0020577041432261467,0.12634152406826615,0.0017646420747041702,0.014761113096028566,0.0013647056184709072,0.15277769742533565
tier_10k,4000,1_1438042987127.36_20150728002307-00140-ip-10-236-191-2_74640728_1.csv,1,50,10.0,0.15,4000,1,1159,500,False,False,False,500,0,500,0.07692307692307693,0.001277139208173691,,,True,2,0.13488559238612652,0.006486364174634218,0.0020577041432261467,0.12634152406826615,0.0018100361339747906,0.028092632070183754,0.0017939279787242413,0.166583766695112
tier_10k,4000,1_1438042987127.36_20150728002307-00140-ip-10-236-191-2_74640728_1.csv,1,50,15.0,0.15,4000,1,1159,750,False,False,False,750,0,750,0.07692307692307693,0.0006846970215679561,,,True,2,0.13488559238612652,0.006486364174634218,0.0020577041432261467,0.12634152406826615,0.00204911595210433,0.04203661531209946,0.0021779080852866173,0.18115073954686522
tier_10k,4000,1_1438042987127.36_20150728002307-00140-ip-10-236-191-2_74640728_1.csv,1,50,20.0,0.15,4000,1,1159,1000,False,False,False,1000,0,1000,0.07692307692307693,0.0003919263178522438,,,True,2,0.13488559238612652,0.006486364174634218,0.0020577041432261467,0.12634152406826615,0.002150184940546751,0.05647137435153127,0.0028121257200837135,0.196320996619761
tier_10k,4000,1_1438042990112.50_20150728002310-00154-ip-10-236-191-2_303864106_21.csv,3,10,5.0,0.15,4000,66,373,50,False,True,True,50,10,50,0.2,0.13090909090909092,0.168,117.95689100027084,True,4,0.052177583798766136,0.007745170965790749,0.0014750217087566853,0.0429573911242187,0.0007535237818956375,0.03928982373327017,0.00559639185667038,0.09781911689788103
tier_10k,4000,1_1438042990112.50_20150728002310-00154-ip-10-236-191-2_303864106_21.csv,3,10,10.0,0.15,4000,66,373,100,False,True,True,100,10,100,0.2,0.07735583684950774,0.16030534351145037,120.98584222793579,True,3,0.052177583798766136,0.007745170965790749,0.0014750217087566853,0.0429573911242187,0.000738081056624651,0.07142168516293168,0.005427011288702488,0.12976603163406253
tier_10k,4000,1_1438042990112.50_20150728002310-00154-ip-10-236-191-2_303864106_21.csv,3,10,15.0,0.15,4000,66,373,150,False,True,True,150,10,150,0.2,0.05730129390018484,0.1590909090909091,121.69556856155396,True,3,0.052177583798766136,0.007745170965790749,0.0014750217087566853,0.0429573911242187,0.0007394342683255672,0.09363945107907057,0.005400541238486767,0.151958875823766
tier_10k,4000,1_1438042990112.50_20150728002310-00154-ip-10-236-191-2_303864106_21.csv,3,10,20.0,0.15,4000,66,373,200,False,True,True,200,10,200,0.2,0.044661549197487785,0.1590909090909091,121.69556856155396,True,3,0.052177583798766136,0.007745170965790749,0.0014750217087566853,0.0429573911242187,0.0007619778625667095,0.12241117190569639,0.007683420088142157,0.18303594179451466
tier_10k,4000,1_1438042990112.50_20150728002310-00154-ip-10-236-191-2_303864106_21.csv,3,20,5.0,0.15,4000,66,373,100,False,True,True,100,20,100,0.2,0.07735583684950774,0.15,229.78716337680817,True,3,0.052177583798766136,0.007745170965790749,0.0014750217087566853,0.0429573911242187,0.0007298970595002174,0.07042603380978107,0.08961346698924899,0.21294900961220264
tier_10k,4000,1_1438042990112.50_20150728002310-00154-ip-10-236-191-2_303864106_21.csv,3,20,10.0,0.15,4000,66,373,200,False,True,True,200,20,200,0.2,0.044661549197487785,0.15028901734104047,230.73831683397293,True,3,0.052177583798766136,0.007745170965790749,0.0014750217087566853,0.0429573911242187,0.0008829371072351933,0.12334239110350609,0.0388098182156682,0.2152153169736266
tier_10k,4000,1_1438042990112.50_20150728002310-00154-ip-10-236-191-2_303864106_21.csv,3,20,15.0,0.15,4000,66,373,300,False,True,True,300,20,300,0.2,0.024280911468061262,0.15028901734104047,230.73831683397293,True,2,0.052177583798766136,0.007745170965790749,0.0014750217087566853,0.0429573911242187,0.0007278649136424065,0.17737980466336012,0.06481982488185167,0.2951070857234299
tier_10k,4000,1_1438042990112.50_20150728002310-00154-ip-10-236-191-2_303864106_21.csv,3,20,20.0,0.15,4000,66,373,400,True,True,True,373,20,373,0.2,0.008024691358024692,0.15028901734104047,230.73831683397293,False,0,0.052177583798766136,0.007745170965790749,0.0014750217087566853,0.0429573911242187,2.979068085551262e-05,0.22746547777205706,0.03234882466495037,0.31202413560822606
tier_10k,4000,1_1438042990112.50_20150728002310-00154-ip-10-236-191-2_303864106_21.csv,3,30,5.0,0.15,4000,66,373,150,False,True,True,150,30,150,0.2,0.05730129390018484,0.15023474178403756,329.4047381877899,True,3,0.052177583798766136,0.007745170965790749,0.0014750217087566853,0.0429573911242187,0.0008217473514378071,0.09310528356581926,0.00894002104178071,0.1550470138899982
tier_10k,4000,1_1438042990112.50_20150728002310-00154-ip-10-236-191-2_303864106_21.csv,3,30,10.0,0.15,4000,66,373,300,False,True,True,300,30,300,0.2,0.024280911468061262,0.15023474178403756,329.4047381877899,True,2,0.052177583798766136,0.007745170965790749,0.0014750217087566853,0.0429573911242187,0.0006774570792913437,0.18369446881115437,0.02945944108068943,0.2660109978169203
tier_10k,4000,1_1438042990112.50_20150728002310-00154-ip-10-236-191-2_303864106_21.csv,3,30,15.0,0.15,4000,66,373,450,True,True,True,373,30,373,0.2,0.008024691358024692,0.15023474178403756,329.4047381877899,False,0,0.052177583798766136,0.007745170965790749,0.0014750217087566853,0.0429573911242187,2.684490755200386e-05,0.2264899630099535,0.011332056019455194,0.29002846870571375
tier_10k,4000,1_1438042990112.50_20150728002310-00154-ip-10-236-191-2_303864106_21.csv,3,30,20.0,0.15,4000,66,373,600,True,True,True,373,30,373,0.2,0.008024691358024692,0.15023474178403756,329.4047381877899,False,0,0.052177583798766136,0.007745170965790749,0.0014750217087566853,0.0429573911242187,2.646399661898613e-05,0.22994578210636973,0.011626251973211765,0.2937781000509858
tier_10k,4000,1_1438042990112.50_20150728002310-00154-ip-10-236-191-2_303864106_21.csv,3,40,5.0,0.15,4000,66,373,200,False,True,True,200,40,200,0.2,0.044661549197487785,0.15,401.04194140434265,True,3,0.052177583798766136,0.007745170965790749,0.0014750217087566853,0.0429573911242187,0.0008342820219695568,0.12293278984725475,0.00476635480299592,0.1807130817323923
tier_10k,4000,1_1438042990112.50_20150728002310-00154-ip-10-236-191-2_303864106_21.csv,3,40,10.0,0.15,4000,66,373,400,True,True,True,373,40,373,0.2,0.008024691358024692,0.15,401.04194140434265,False,0,0.052177583798766136,0.007745170965790749,0.0014750217087566853,0.0429573911242187,2.8635840862989426e-05,0.22995847184211016,0.005221882835030556,0.2873883955180645
tier_10k,4000,1_1438042990112.50_20150728002310-00154-ip-10-236-191-2_303864106_21.csv,3,40,15.0,0.15,4000,66,373,600,True,True,True,373,40,373,0.2,0.008024691358024692,0.15,401.04194140434265,False,0,0.052177583798766136,0.007745170965790749,0.0014750217087566853,0.0429573911242187,2.6588793843984604e-05,0.23872836492955685,0.004447322804480791,0.29538186686113477
tier_10k,4000,1_1438042990112.50_20150728002310-00154-ip-10-236-191-2_303864106_21.csv,3,40,20.0,0.15,4000,66,373,800,True,True,True,373,40,373,0.2,0.008024691358024692,0.15,401.04194140434265,False,0,0.052177583798766136,0.007745170965790749,0.0014750217087566853,0.0429573911242187,2.7999747544527054e-05,0.22969934716820717,0.005576618947088718,0.28748392686247826
tier_10k,4000,1_1438042990112.50_20150728002310-00154-ip-10-236-191-2_303864106_21.csv,3,50,5.0,0.15,4000,66,373,250,False,False,False,250,0,250,0.2,0.03326509723643808,,,True,2,0.052177583798766136,0.007745170965790749,0.0014750217087566853,0.0429573911242187,0.0006770770996809006,0.1493526571430266,0.002084908075630665,0.20429436163976789
tier_10k,4000,1_1438042990112.50_20150728002310-00154-ip-10-236-191-2_303864106_21.csv,3,50,10.0,0.15,4000,66,373,500,True,False,False,373,0,373,0.2,0.008024691358024692,,,False,0,0.052177583798766136,0.007745170965790749,0.0014750217087566853,0.0429573911242187,3.021303564310074e-05,0.22982812812551856,0.0018605329096317291,0.28389819897711277
tier_10k,4000,1_1438042990112.50_20150728002310-00154-ip-10-236-191-2_303864106_21.csv,3,50,15.0,0.15,4000,66,373,750,True,False,False,373,0,373,0.2,0.008024691358024692,,,False,0,0.052177583798766136,0.007745170965790749,0.0014750217087566853,0.0429573911242187,2.8972048312425613e-05,0.22906268015503883,0.0018992782570421696,0.28317026467993855
tier_10k,4000,1_1438042990112.50_20150728002310-00154-ip-10-236-191-2_303864106_21.csv,3,50,20.0,0.15,4000,66,373,1000,True,False,False,373,0,373,0.2,0.008024691358024692,,,False,0,0.052177583798766136,0.007745170965790749,0.0014750217087566853,0.0429573911242187,2.9616989195346832e-05,0.23119885986670852,0.002460565883666277,0.2858684756793082
tier_10k,4000,0_1438042988458.74_20150728002308-00264-ip-10-236-191-2_704598375_3.csv,0,10,5.0,0.15,4000,2,1153,50,False,True,True,50,10,50,1.0,0.057692307692307696,0.25,35.461136758327484,True,3,0.1314209531992674,0.005825274158269167,0.0017326180823147297,0.12386306095868349,0.0022078370675444603,0.004070784896612167,0.003979903180152178,0.14168170606717467
tier_10k,4000,0_1438042988458.74_20150728002308-00264-ip-10-236-191-2_704598375_3.csv,0,10,10.0,0.15,4000,2,1153,100,False,True,True,100,10,100,1.0,0.029914529914529916,0.25,35.65255057811737,True,2,0.1314209531992674,0.005825274158269167,0.0017326180823147297,0.12386306095868349,0.0019644503481686115,0.008449191693216562,0.0033159879967570305,0.1451523369178176
tier_10k,4000,0_1438042988458.74_20150728002308-00264-ip-10-236-191-2_704598375_3.csv,0,10,15.0,0.15,4000,2,1153,150,False,True,True,150,10,150,1.0,0.020958083832335328,0.25,35.80313503742218,True,2,0.1314209531992674,0.005825274158269167,0.0017326180823147297,0.12386306095868349,0.0019108816049993038,0.011965349782258272,0.00400232570245862,0.14930125791579485
tier_10k,4000,0_1438042988458.74_20150728002308-00264-ip-10-236-191-2_704598375_3.csv,0,10,20.0,0.15,4000,2,1153,200,False,True,True,200,10,200,1.0,0.016129032258064516,0.25,36.046944975852966,True,2,0.1314209531992674,0.005825274158269167,0.0017326180823147297,0.12386306095868349,0.002044138964265585,0.01563431415706873,0.004243309609591961,0.15334477135911584
tier_10k,4000,0_1438042988458.74_20150728002308-00264-ip-10-236-191-2_704598375_3.csv,0,20,5.0,0.15,4000,2,1153,100,False,False,False,100,0,100,1.0,0.029914529914529916,,,True,2,0.1314209531992674,0.005825274158269167,0.0017326180823147297,0.12386306095868349,0.0020174230448901653,0.008361754938960075,0.0012355819344520569,0.14303743606433272
tier_10k,4000,0_1438042988458.74_20150728002308-00264-ip-10-236-191-2_704598375_3.csv,0,20,10.0,0.15,4000,2,1153,200,False,False,False,200,0,200,1.0,0.016129032258064516,,,True,2,0.1314209531992674,0.005825274158269167,0.0017326180823147297,0.12386306095868349,0.0018728682771325111,0.015438382979482412,0.001366850920021534,0.1501006344333291
tier_10k,4000,0_1438042988458.74_20150728002308-00264-ip-10-236-191-2_704598375_3.csv,0,20,15.0,0.15,4000,2,1153,300,False,False,False,300,0,300,1.0,0.011041009463722398,,,True,2,0.1314209531992674,0.005825274158269167,0.0017326180823147297,0.12386306095868349,0.0017310488037765026,0.022502323146909475,0.00130557082593441,0.15696150623261929
tier_10k,4000,0_1438042988458.74_20150728002308-00264-ip-10-236-191-2_704598375_3.csv,0,20,20.0,0.15,4000,2,1153,400,False,False,False,400,0,400,1.0,0.008393285371702638,,,True,2,0.1314209531992674,0.005825274158269167,0.0017326180823147297,0.12386306095868349,0.0019153859466314316,0.02969703497365117,0.001378410030156374,0.16441331012174487
tier_10k,4000,0_1438042988458.74_20150728002308-00264-ip-10-236-191-2_704598375_3.csv,0,30,5.0,0.15,4000,2,1153,150,False,False,False,150,0,150,1.0,0.020958083832335328,,,True,2,0.1314209531992674,0.005825274158269167,0.0017326180823147297,0.12386306095868349,0.0018142946064472198,0.01243570912629366,0.0011375420726835728,0.14680994022637606
tier_10k,4000,0_1438042988458.74_20150728002308-00264-ip-10-236-191-2_704598375_3.csv,0,30,10.0,0.15,4000,2,1153,300,False,False,False,300,0,300,1.0,0.011041009463722398,,,True,2,0.1314209531992674,0.005825274158269167,0.0017326180823147297,0.12386306095868349,0.001897195354104042,0.022215906996279955,0.0013313940726220608,0.15686709014698863
tier_10k,4000,0_1438042988458.74_20150728002308-00264-ip-10-236-191-2_704598375_3.csv,0,30,15.0,0.15,4000,2,1153,450,False,False,False,450,0,450,1.0,0.007494646680942184,,,True,2,0.1314209531992674,0.005825274158269167,0.0017326180823147297,0.12386306095868349,0.002024576999247074,0.03350839577615261,0.001606001053005457,0.16856149211525917
tier_10k,4000,0_1438042988458.74_20150728002308-00264-ip-10-236-191-2_704598375_3.csv,0,30,20.0,0.15,4000,2,1153,600,False,False,False,600,0,600,1.0,0.005116959064327485,,,True,2,0.1314209531992674,0.005825274158269167,0.0017326180823147297,0.12386306095868349,0.0017997343093156815,0.04474822664633393,0.0018784389831125736,0.17984874127432704
tier_10k,4000,0_1438042988458.74_20150728002308-00264-ip-10-236-191-2_704598375_3.csv,0,40,5.0,0.15,4000,2,1153,200,False,False,False,200,0,200,1.0,0.016129032258064516,,,True,2,0.1314209531992674,0.005825274158269167,0.0017326180823147297,0.12386306095868349,0.0017057829536497593,0.014654041267931461,0.0013009929098188877,0.1490831463597715
tier_10k,4000,0_1438042988458.74_20150728002308-00264-ip-10-236-191-2_704598375_3.csv,0,40,10.0,0.15,4000,2,1153,400,False,False,False,400,0,400,1.0,0.008393285371702638,,,True,2,0.1314209531992674,0.005825274158269167,0.0017326180823147297,0.12386306095868349,0.0018555675633251667,0.029658176936209202,0.0015074987895786762,0.16444381000474095
tier_10k,4000,0_1438042988458.74_20150728002308-00264-ip-10-236-191-2_704598375_3.csv,0,40,15.0,0.15,4000,2,1153,600,False,False,False,600,0,600,1.0,0.005116959064327485,,,True,2,0.1314209531992674,0.005825274158269167,0.0017326180823147297,0.12386306095868349,0.0019773459061980247,0.04381335573270917,0.002189217135310173,0.17940254881978035
tier_10k,4000,0_1438042988458.74_20150728002308-00264-ip-10-236-191-2_704598375_3.csv,0,40,20.0,0.15,4000,2,1153,800,False,False,False,800,0,800,1.0,0.0034330554193231977,,,True,2,0.1314209531992674,0.005825274158269167,0.0017326180823147297,0.12386306095868349,0.0018621901981532574,0.05742537276819348,0.0020197811536490917,0.1927298465743661
tier_10k,4000,0_1438042988458.74_20150728002308-00264-ip-10-236-191-2_704598375_3.csv,0,50,5.0,0.15,4000,2,1153,250,False,False,False,250,0,250,1.0,0.013108614232209739,,,True,2,0.1314209531992674,0.005825274158269167,0.0017326180823147297,0.12386306095868349,0.001709971111267805,0.018234329763799906,0.0014860918745398521,0.1528529031202197
tier_10k,4000,0_1438042988458.74_20150728002308-00264-ip-10-236-191-2_704598375_3.csv,0,50,10.0,0.15,4000,2,1153,500,False,False,False,500,0,500,1.0,0.006554307116104869,,,True,2,0.1314209531992674,0.005825274158269167,0.0017326180823147297,0.12386306095868349,0.001773047260940075,0.036764409858733416,0.001606217585504055,0.1715662032365799
tier_10k,4000,0_1438042988458.74_20150728002308-00264-ip-10-236-191-2_704598375_3.csv,0,50,15.0,0.15,4000,2,1153,750,False,False,False,750,0,750,1.0,0.0038064165307232192,,,True,2,0.1314209531992674,0.005825274158269167,0.0017326180823147297,0.12386306095868349,0.0019392468966543674,0.05323147401213646,0.0021517379209399223,0.18874481320381165
tier_10k,4000,0_1438042988458.74_20150728002308-00264-ip-10-236-191-2_704598375_3.csv,0,50,20.0,0.15,4000,2,1153,1000,False,False,False,1000,0,1000,1.0,0.0023537323470073975,,,True,2,0.1314209531992674,0.005825274158269167,0.0017326180823147297,0.12386306095868349,0.0019334661774337292,0.06880675023421645,0.002349498216062784,0.20451218727976084
tier_10k,4000,0_1438042988061.16_20150728002308-00310-ip-10-236-191-2_342423429_0.csv,0,10,5.0,0.15,4000,3,1209,50,False,False,False,50,0,50,0.2,0.03546099290780142,,,True,2,0.13406145991757512,0.005233892239630222,0.0017460496164858341,0.12708151806145906,0.0018023340962827206,0.0024880077689886093,0.0014843377284705639,0.13983847852796316
tier_10k,4000,0_1438042988061.16_20150728002308-00310-ip-10-236-191-2_342423429_0.csv,0,10,10.0,0.15,4000,3,1209,100,False,False,False,100,0,100,0.2,0.02074688796680498,,,True,2,0.13406145991757512,0.005233892239630222,0.0017460496164858341,0.12708151806145906,0.00188374612480402,0.004711478017270565,0.0011714077554643154,0.14182958006858826
tier_10k,4000,0_1438042988061.16_20150728002308-00310-ip-10-236-191-2_342423429_0.csv,0,10,15.0,0.15,4000,3,1209,150,False,False,False,150,0,150,0.2,0.01466275659824047,,,True,2,0.13406145991757512,0.005233892239630222,0.0017460496164858341,0.12708151806145906,0.001814770046621561,0.007368726190179586,0.0012289551086723804,0.1444754241965711
tier_10k,4000,0_1438042988061.16_20150728002308-00310-ip-10-236-191-2_342423429_0.csv,0,10,20.0,0.15,4000,3,1209,200,False,False,False,200,0,200,0.2,0.011337868480725623,,,True,2,0.13406145991757512,0.005233892239630222,0.0017460496164858341,0.12708151806145906,0.0018023489974439144,0.008608430158346891,0.001352204941213131,0.14582594018429518
tier_10k,4000,0_1438042988061.16_20150728002308-00310-ip-10-236-191-2_342423429_0.csv,0,20,5.0,0.15,4000,3,1209,100,False,False,False,100,0,100,0.2,0.02074688796680498,,,True,2,0.13406145991757512,0.005233892239630222,0.0017460496164858341,0.12708151806145906,0.0017680940218269825,0.004532641731202602,0.0008964268490672112,0.14126012288033962
tier_10k,4000,0_1438042988061.16_20150728002308-00310-ip-10-236-191-2_342423429_0.csv,0,20,10.0,0.15,4000,3,1209,200,False,False,False,200,0,200,0.2,0.011337868480725623,,,True,2,0.13406145991757512,0.005233892239630222,0.0017460496164858341,0.12708151806145906,0.001981437671929598,0.009653524961322546,0.0012662303633987904,0.14696411974728107
tier_10k,4000,0_1438042988061.16_20150728002308-00310-ip-10-236-191-2_342423429_0.csv,0,20,15.0,0.15,4000,3,1209,300,False,False,False,300,0,300,0.2,0.0078003120124804995,,,True,2,0.13406145991757512,0.005233892239630222,0.0017460496164858341,0.12708151806145906,0.0020098858512938023,0.013034016825258732,0.001288397703319788,0.15039537800475955
tier_10k,4000,0_1438042988061.16_20150728002308-00310-ip-10-236-191-2_342423429_0.csv,0,20,20.0,0.15,4000,3,1209,400,False,False,False,400,0,400,0.2,0.005945303210463734,,,True,2,0.13406145991757512,0.005233892239630222,0.0017460496164858341,0.12708151806145906,0.0018375818617641926,0.01721575576812029,0.0013392637483775616,0.15445541823282838
tier_10k,4000,0_1438042988061.16_20150728002308-00310-ip-10-236-191-2_342423429_0.csv,0,30,5.0,0.15,4000,3,1209,150,False,False,False,150,0,150,0.2,0.01466275659824047,,,True,2,0.13406145991757512,0.005233892239630222,0.0017460496164858341,0.12708151806145906,0.0018750429153442383,0.006679890677332878,0.001115093007683754,0.1437329212203622
tier_10k,4000,0_1438042988061.16_20150728002308-00310-ip-10-236-191-2_342423429_0.csv,0,30,10.0,0.15,4000,3,1209,300,False,False,False,300,0,300,0.2,0.0078003120124804995,,,True,2,0.13406145991757512,0.005233892239630222,0.0017460496164858341,0.12708151806145906,0.0018165451474487782,0.01279543898999691,0.0016200430691242218,0.15029502427205443
tier_10k,4000,0_1438042988061.16_20150728002308-00310-ip-10-236-191-2_342423429_0.csv,0,30,15.0,0.15,4000,3,1209,450,False,False,False,450,0,450,0.2,0.005313496280552604,,,True,2,0.13406145991757512,0.005233892239630222,0.0017460496164858341,0.12708151806145906,0.002057308331131935,0.01958752702921629,0.0016365982592105865,0.1573444795794785
tier_10k,4000,0_1438042988061.16_20150728002308-00310-ip-10-236-191-2_342423429_0.csv,0,30,20.0,0.15,4000,3,1209,600,False,False,False,600,0,600,0.2,0.00398406374501992,,,True,2,0.13406145991757512,0.005233892239630222,0.0017460496164858341,0.12708151806145906,0.0019034110009670258,0.025483855977654457,0.0018671536818146706,0.16331736790016294
tier_10k,4000,0_1438042988061.16_20150728002308-00310-ip-10-236-191-2_342423429_0.csv,0,40,5.0,0.15,4000,3,1209,200,False,False,False,200,0,200,0.2,0.011337868480725623,,,True,2,0.13406145991757512,0.005233892239630222,0.0017460496164858341,0.12708151806145906,0.00198190426453948,0.00903772423043847,0.0013320236466825008,0.1464146957732737
tier_10k,4000,0_1438042988061.16_20150728002308-00310-ip-10-236-191-2_342423429_0.csv,0,40,10.0,0.15,4000,3,1209,400,False,False,False,400,0,400,0.2,0.005945303210463734,,,True,2,0.13406145991757512,0.005233892239630222,0.0017460496164858341,0.12708151806145906,0.00203531701117754,0.016945160925388336,0.0016085272654891014,0.15465204697102308
tier_10k,4000,0_1438042988061.16_20150728002308-00310-ip-10-236-191-2_342423429_0.csv,0,40,15.0,0.15,4000,3,1209,600,False,False,False,600,0,600,0.2,0.00398406374501992,,,True,2,0.13406145991757512,0.005233892239630222,0.0017460496164858341,0.12708151806145906,0.0018827696330845356,0.025542516727000475,0.0015048650093376637,0.16299320198595524
tier_10k,4000,0_1438042988061.16_20150728002308-00310-ip-10-236-191-2_342423429_0.csv,0,40,20.0,0.15,4000,3,1209,800,False,False,False,800,0,800,0.2,0.0026954177897574125,,,True,2,0.13406145991757512,0.005233892239630222,0.0017460496164858341,0.12708151806145906,0.001921478658914566,0.034746991004794836,0.0021546599455177784,0.17288604471832514
tier_10k,4000,0_1438042988061.16_20150728002308-00310-ip-10-236-191-2_342423429_0.csv,0,50,5.0,0.15,4000,3,1209,250,False,False,False,250,0,250,0.2,0.009242144177449169,,,True,2,0.13406145991757512,0.005233892239630222,0.0017460496164858341,0.12708151806145906,0.0019130422733724117,0.0109317097812891,0.0011446662247180939,0.14805243257433176
tier_10k,4000,0_1438042988061.16_20150728002308-00310-ip-10-236-191-2_342423429_0.csv,0,50,10.0,0.15,4000,3,1209,500,False,False,False,500,0,500,0.2,0.004803073967339097,,,True,2,0.13406145991757512,0.005233892239630222,0.0017460496164858341,0.12708151806145906,0.002072195988148451,0.02207684889435768,0.0016894969157874584,0.15990175725892186
tier_10k,4000,0_1438042988061.16_20150728002308-00310-ip-10-236-191-2_342423429_0.csv,0,50,15.0,0.15,4000,3,1209,750,False,False,False,750,0,750,0.2,0.002932551319648094,,,True,2,0.13406145991757512,0.005233892239630222,0.0017460496164858341,0.12708151806145906,0.0019384962506592274,0.030830569099634886,0.0022510839626193047,0.16908317990601063
tier_10k,4000,0_1438042988061.16_20150728002308-00310-ip-10-236-191-2_342423429_0.csv,0,50,20.0,0.15,4000,3,1209,1000,False,False,False,1000,0,1000,0.2,0.0018946570670708603,,,True,2,0.13406145991757512,0.005233892239630222,0.0017460496164858341,0.12708151806145906,0.002240170259028673,0.04152162279933691,0.0024529453366994858,0.1802778420969844
tier_10k,4000,1_1438042988061.16_20150728002308-00116-ip-10-236-191-2_764081199_5.csv,3,10,5.0,0.15,4000,7,1237,50,False,True,True,50,10,50,0.16666666666666666,0.1044776119402985,0.15083798882681565,34.13779282569885,True,3,0.14828553376719356,0.006323967128992081,0.0020698118023574352,0.13989175483584404,0.0022582681849598885,0.004173426888883114,0.003701373003423214,0.15842034295201302
tier_10k,4000,1_1438042988061.16_20150728002308-00116-ip-10-236-191-2_764081199_5.csv,3,10,10.0,0.15,4000,7,1237,100,False,True,True,100,10,100,0.16666666666666666,0.0741687979539642,0.15,36.15451228618622,True,3,0.14828553376719356,0.006323967128992081,0.0020698118023574352,0.13989175483584404,0.0025440556928515434,0.008401249069720507,0.003619394265115261,0.16285191290080547
tier_10k,4000,1_1438042988061.16_20150728002308-00116-ip-10-236-191-2_764081199_5.csv,3,10,15.0,0.15,4000,7,1237,150,False,True,True,150,10,150,0.16666666666666666,0.053604436229205174,0.15,36.202197551727295,True,3,0.14828553376719356,0.006323967128992081,0.0020698118023574352,0.13989175483584404,0.002537947613745928,0.011945798993110657,0.0037727272137999535,0.16654382646083832
tier_10k,4000,1_1438042988061.16_20150728002308-00116-ip-10-236-191-2_764081199_5.csv,3,10,20.0,0.15,4000,7,1237,200,False,True,True,200,10,200,0.16666666666666666,0.04081632653061224,0.15,36.202197551727295,True,2,0.14828553376719356,0.006323967128992081,0.0020698118023574352,0.13989175483584404,0.0019295611418783665,0.015427398029714823,0.0042176819406449795,0.16986187174916267
tier_10k,4000,1_1438042988061.16_20150728002308-00116-ip-10-236-191-2_764081199_5.csv,3,20,5.0,0.15,4000,7,1237,100,False,False,False,100,0,100,0.16666666666666666,0.0741687979539642,,,True,3,0.14828553376719356,0.006323967128992081,0.0020698118023574352,0.13989175483584404,0.002504505682736635,0.008265306241810322,0.001339887734502554,0.1603966378606856
tier_10k,4000,1_1438042988061.16_20150728002308-00116-ip-10-236-191-2_764081199_5.csv,3,20,10.0,0.15,4000,7,1237,200,False,False,False,200,0,200,0.16666666666666666,0.04081632653061224,,,True,2,0.14828553376719356,0.006323967128992081,0.0020698118023574352,0.13989175483584404,0.0017567160539329052,0.014714510180056095,0.0012162672355771065,0.16597451781854033
tier_10k,4000,1_1438042988061.16_20150728002308-00116-ip-10-236-191-2_764081199_5.csv,3,20,15.0,0.15,4000,7,1237,300,False,False,False,300,0,300,0.16666666666666666,0.02608695652173913,,,True,2,0.14828553376719356,0.006323967128992081,0.0020698118023574352,0.13989175483584404,0.0017815087921917439,0.022481107618659735,0.0014086030423641205,0.17395826615393162
tier_10k,4000,1_1438042988061.16_20150728002308-00116-ip-10-236-191-2_764081199_5.csv,3,20,20.0,0.15,4000,7,1237,400,False,False,False,400,0,400,0.16666666666666666,0.01818181818181818,,,True,2,0.14828553376719356,0.006323967128992081,0.0020698118023574352,0.13989175483584404,0.0018411409109830856,0.029714756179600954,0.0018098186701536179,0.181652853731066
tier_10k,4000,1_1438042988061.16_20150728002308-00116-ip-10-236-191-2_764081199_5.csv,3,30,5.0,0.15,4000,7,1237,150,False,False,False,150,0,150,0.16666666666666666,0.053604436229205174,,,True,3,0.14828553376719356,0.006323967128992081,0.0020698118023574352,0.13989175483584404,0.002332158852368593,0.011659304611384869,0.0013776309788227081,0.16365614300593734
tier_10k,4000,1_1438042988061.16_20150728002308-00116-ip-10-236-191-2_764081199_5.csv,3,30,10.0,0.15,4000,7,1237,300,False,False,False,300,0,300,0.16666666666666666,0.02608695652173913,,,True,2,0.14828553376719356,0.006323967128992081,0.0020698118023574352,0.13989175483584404,0.0018094461411237717,0.024143256712704897,0.0014527421444654465,0.17569266352802515
tier_10k,4000,1_1438042988061.16_20150728002308-00116-ip-10-236-191-2_764081199_5.csv,3,30,15.0,0.15,4000,7,1237,450,False,False,False,450,0,450,0.16666666666666666,0.015568240788790867,,,True,2,0.14828553376719356,0.006323967128992081,0.0020698118023574352,0.13989175483584404,0.0020807739347219467,0.03410758310928941,0.0016902880743145943,0.18616582360118628
tier_10k,4000,1_1438042988061.16_20150728002308-00116-ip-10-236-191-2_764081199_5.csv,3,30,20.0,0.15,4000,7,1237,600,False,False,False,600,0,600,0.16666666666666666,0.010423905489923557,,,True,2,0.14828553376719356,0.006323967128992081,0.0020698118023574352,0.13989175483584404,0.0019341260194778442,0.04532055277377367,0.0019629020243883133,0.19750467594712973
tier_10k,4000,1_1438042988061.16_20150728002308-00116-ip-10-236-191-2_764081199_5.csv,3,40,5.0,0.15,4000,7,1237,200,False,False,False,200,0,200,0.16666666666666666,0.04081632653061224,,,True,2,0.14828553376719356,0.006323967128992081,0.0020698118023574352,0.13989175483584404,0.0017878441140055656,0.01453555328771472,0.0012839818373322487,0.16589442174881697
tier_10k,4000,1_1438042988061.16_20150728002308-00116-ip-10-236-191-2_764081199_5.csv,3,40,10.0,0.15,4000,7,1237,400,False,False,False,400,0,400,0.16666666666666666,0.01818181818181818,,,True,2,0.14828553376719356,0.006323967128992081,0.0020698118023574352,0.13989175483584404,0.0018545351922512054,0.029975824058055878,0.0016659959219396114,0.18178346985951066
tier_10k,4000,1_1438042988061.16_20150728002308-00116-ip-10-236-191-2_764081199_5.csv,3,40,15.0,0.15,4000,7,1237,600,False,False,False,600,0,600,0.16666666666666666,0.010423905489923557,,,True,2,0.14828553376719356,0.006323967128992081,0.0020698118023574352,0.13989175483584404,0.0018637459725141525,0.043568155728280544,0.0016951407305896282,0.19541406678035855
tier_10k,4000,1_1438042988061.16_20150728002308-00116-ip-10-236-191-2_764081199_5.csv,3,40,20.0,0.15,4000,7,1237,800,False,False,False,800,0,800,0.16666666666666666,0.006402048655569782,,,True,2,0.14828553376719356,0.006323967128992081,0.0020698118023574352,0.13989175483584404,0.0019580558873713017,0.06134295277297497,0.002061964012682438,0.2136500719934702
tier_10k,4000,1_1438042988061.16_20150728002308-00116-ip-10-236-191-2_764081199_5.csv,3,50,5.0,0.15,4000,7,1237,250,False,False,False,250,0,250,0.16666666666666666,0.03208556149732621,,,True,2,0.14828553376719356,0.006323967128992081,0.0020698118023574352,0.13989175483584404,0.0017851069569587708,0.020391209051012993,0.0012065968476235867,0.17166987899690866
tier_10k,4000,1_1438042988061.16_20150728002308-00116-ip-10-236-191-2_764081199_5.csv,3,50,10.0,0.15,4000,7,1237,500,False,False,False,500,0,500,0.16666666666666666,0.01347103726986978,,,True,2,0.14828553376719356,0.006323967128992081,0.0020698118023574352,0.13989175483584404,0.0018514920957386494,0.036481985822319984,0.0016610738821327686,0.1882814927957952
tier_10k,4000,1_1438042988061.16_20150728002308-00116-ip-10-236-191-2_764081199_5.csv,3,50,15.0,0.15,4000,7,1237,750,False,False,False,750,0,750,0.16666666666666666,0.00716674629718108,,,True,2,0.14828553376719356,0.006323967128992081,0.0020698118023574352,0.13989175483584404,0.0019482998177409172,0.056007866747677326,0.002211573999375105,0.20845486968755722
tier_10k,4000,1_1438042988061.16_20150728002308-00116-ip-10-236-191-2_764081199_5.csv,3,50,20.0,0.15,4000,7,1237,1000,False,False,False,1000,0,1000,0.16666666666666666,0.004151100041511001,,,True,2,0.14828553376719356,0.006323967128992081,0.0020698118023574352,0.13989175483584404,0.0020407699048519135,0.0758967180736363,0.0027274610474705696,0.2289519514888525
tier_10k,4000,0_1438042988458.74_20150728002308-00095-ip-10-236-191-2_520943855_0.csv,4,10,5.0,0.15,4000,7,869,50,False,False,False,50,0,50,0.2,0.03731343283582089,,,True,3,0.10483888071030378,0.00584522495046258,0.0016239159740507603,0.09736973978579044,0.0015054880641400814,0.006697647273540497,0.0014369189739227295,0.11448097042739391
tier_10k,4000,0_1438042988458.74_20150728002308-00095-ip-10-236-191-2_520943855_0.csv,4,10,10.0,0.15,4000,7,869,100,False,False,False,100,0,100,0.2,0.020202020202020204,,,True,2,0.10483888071030378,0.00584522495046258,0.0016239159740507603,0.09736973978579044,0.0013585430569946766,0.013113284017890692,0.0010647047311067581,0.12037696596235037
tier_10k,4000,0_1438042988458.74_20150728002308-00095-ip-10-236-191-2_520943855_0.csv,4,10,15.0,0.15,4000,7,869,150,False,False,False,150,0,150,0.2,0.014059753954305799,,,True,2,0.10483888071030378,0.00584522495046258,0.0016239159740507603,0.09736973978579044,0.0012250128202140331,0.01859924476593733,0.0012577432207763195,0.12592237954959273
tier_10k,4000,0_1438042988458.74_20150728002308-00095-ip-10-236-191-2_520943855_0.csv,4,10,20.0,0.15,4000,7,869,200,False,False,False,200,0,200,0.2,0.010113780025284451,,,True,2,0.10483888071030378,0.00584522495046258,0.0016239159740507603,0.09736973978579044,0.0013613761402666569,0.027159628923982382,0.001384887844324112,0.134746381547302
tier_10k,4000,0_1438042988458.74_20150728002308-00095-ip-10-236-191-2_520943855_0.csv,4,20,5.0,0.15,4000,7,869,100,False,False,False,100,0,100,0.2,0.020202020202020204,,,True,2,0.10483888071030378,0.00584522495046258,0.0016239159740507603,0.09736973978579044,0.0011909878812730312,0.012765692081302404,0.001133211888372898,0.11993027431890368
tier_10k,4000,0_1438042988458.74_20150728002308-00095-ip-10-236-191-2_520943855_0.csv,4,20,10.0,0.15,4000,7,869,200,False,False,False,200,0,200,0.2,0.010113780025284451,,,True,2,0.10483888071030378,0.00584522495046258,0.0016239159740507603,0.09736973978579044,0.0012279651127755642,0.028673455119132996,0.0014953166246414185,0.136237186845392
tier_10k,4000,0_1438042988458.74_20150728002308-00095-ip-10-236-191-2_520943855_0.csv,4,20,15.0,0.15,4000,7,869,300,False,False,False,300,0,300,0.2,0.006196746707978312,,,True,2,0.10483888071030378,0.00584522495046258,0.0016239159740507603,0.09736973978579044,0.001521419733762741,0.03834791574627161,0.0015194038860499859,0.14622944267466664
tier_10k,4000,0_1438042988458.74_20150728002308-00095-ip-10-236-191-2_520943855_0.csv,4,20,20.0,0.15,4000,7,869,400,False,False,False,400,0,400,0.2,0.0043980208905992305,,,True,2,0.10483888071030378,0.00584522495046258,0.0016239159740507603,0.09736973978579044,0.0013285046443343163,0.05087933875620365,0.0020165997557342052,0.1590652447193861
tier_10k,4000,0_1438042988458.74_20150728002308-00095-ip-10-236-191-2_520943855_0.csv,4,30,5.0,0.15,4000,7,869,150,False,False,False,150,0,150,0.2,0.014059753954305799,,,True,2,0.10483888071030378,0.00584522495046258,0.0016239159740507603,0.09736973978579044,0.0014602979645133018,0.02002632524818182,0.001517624594271183,0.12784496881067753
tier_10k,4000,0_1438042988458.74_20150728002308-00095-ip-10-236-191-2_520943855_0.csv,4,30,10.0,0.15,4000,7,869,300,False,False,False,300,0,300,0.2,0.006196746707978312,,,True,2,0.10483888071030378,0.00584522495046258,0.0016239159740507603,0.09736973978579044,0.001345233991742134,0.03830761928111315,0.0014914199709892273,0.14598512137308717
tier_10k,4000,0_1438042988458.74_20150728002308-00095-ip-10-236-191-2_520943855_0.csv,4,30,15.0,0.15,4000,7,869,450,False,False,False,450,0,450,0.2,0.0037313432835820895,,,True,2,0.10483888071030378,0.00584522495046258,0.0016239159740507603,0.09736973978579044,0.001381595153361559,0.05770373996347189,0.001873925793915987,0.16579972207546234
tier_10k,4000,0_1438042988458.74_20150728002308-00095-ip-10-236-191-2_520943855_0.csv,4,30,20.0,0.15,4000,7,869,600,False,False,False,600,0,600,0.2,0.0022995113538373095,,,True,2,0.10483888071030378,0.00584522495046258,0.0016239159740507603,0.09736973978579044,0.0014158538542687893,0.07452992955222726,0.0020502577535808086,0.1828366187401116
tier_10k,4000,0_1438042988458.74_20150728002308-00095-ip-10-236-191-2_520943855_0.csv,4,40,5.0,0.15,4000,7,869,200,False,False,False,200,0,200,0.2,0.010113780025284451,,,True,2,0.10483888071030378,0.00584522495046258,0.0016239159740507603,0.09736973978579044,0.0012715347111225128,0.027154963929206133,0.0012611011043190956,0.1345280548557639
tier_10k,4000,0_1438042988458.74_20150728002308-00095-ip-10-236-191-2_520943855_0.csv,4,40,10.0,0.15,4000,7,869,400,False,False,False,400,0,400,0.2,0.0043980208905992305,,,True,2,0.10483888071030378,0.00584522495046258,0.0016239159740507603,0.09736973978579044,0.0012728720903396606,0.04968306561931968,0.001519292127341032,0.1573157529346645
tier_10k,4000,0_1438042988458.74_20150728002308-00095-ip-10-236-191-2_520943855_0.csv,4,40,15.0,0.15,4000,7,869,600,False,False,False,600,0,600,0.2,0.0022995113538373095,,,True,2,0.10483888071030378,0.00584522495046258,0.0016239159740507603,0.09736973978579044,0.0013208012096583843,0.07670275820419192,0.0019781640730798244,0.18484205845743418
tier_10k,4000,0_1438042988458.74_20150728002308-00095-ip-10-236-191-2_520943855_0.csv,4,40,20.0,0.15,4000,7,869,800,False,False,False,800,0,800,0.2,0.0010702341137123746,,,True,2,0.10483888071030378,0.00584522495046258,0.0016239159740507603,0.09736973978579044,0.0014636819250881672,0.09809767920523882,0.0024305442348122597,0.2068323390558362
tier_10k,4000,0_1438042988458.74_20150728002308-00095-ip-10-236-191-2_520943855_0.csv,4,50,5.0,0.15,4000,7,869,250,False,False,False,250,0,250,0.2,0.007684918347742555,,,True,2,0.10483888071030378,0.00584522495046258,0.0016239159740507603,0.09736973978579044,0.0014091567136347294,0.03310416964814067,0.0012549450621008873,0.14060882478952408
tier_10k,4000,0_1438042988458.74_20150728002308-00095-ip-10-236-191-2_520943855_0.csv,4,50,10.0,0.15,4000,7,869,500,False,False,False,500,0,500,0.2,0.003177124702144559,,,True,2,0.10483888071030378,0.00584522495046258,0.0016239159740507603,0.09736973978579044,0.0013565970584750175,0.06246075313538313,0.0018637459725141525,0.17052160343155265
tier_10k,4000,0_1438042988458.74_20150728002308-00095-ip-10-236-191-2_520943855_0.csv,4,50,15.0,0.15,4000,7,869,750,False,False,False,750,0,750,0.2,0.0013351134846461949,,,True,2,0.10483888071030378,0.00584522495046258,0.0016239159740507603,0.09736973978579044,0.0014228508807718754,0.09197404887527227,0.002243868075311184,0.20048149954527617
tier_10k,4000,0_1438042988458.74_20150728002308-00095-ip-10-236-191-2_520943855_0.csv,4,50,20.0,0.15,4000,7,869,1000,True,False,False,869,0,869,0.2,0.0005325168075617386,,,False,0,0.10483888071030378,0.00584522495046258,0.0016239159740507603,0.09736973978579044,5.459412932395935e-05,0.1069761416874826,0.0034031891264021397,0.21527444664388895
tier_10k,4000,0_1438042988061.16_20150728002308-00322-ip-10-236-191-2_739065442_3.csv,0,10,5.0,0.15,4000,85,1218,50,False,True,True,50,10,50,0.25,0.21008403361344538,0.2,22.44669008255005,True,2,0.15062964893877506,0.007055352907627821,0.001866841223090887,0.14170745480805635,0.001702265813946724,0.004216531757265329,0.004197461064904928,0.16074820002540946
tier_10k,4000,0_1438042988061.16_20150728002308-00322-ip-10-236-191-2_739065442_3.csv,0,10,10.0,0.15,4000,85,1218,100,False,True,True,100,10,100,0.25,0.1489971346704871,0.15151515151515152,23.226031005382538,True,4,0.15062964893877506,0.007055352907627821,0.001866841223090887,0.14170745480805635,0.0031913151033222675,0.007652407046407461,0.0037059239111840725,0.16518102400004864
tier_10k,4000,0_1438042988061.16_20150728002308-00322-ip-10-236-191-2_739065442_3.csv,0,10,15.0,0.15,4000,85,1218,150,False,True,True,150,10,150,0.25,0.11743119266055047,0.15151515151515152,23.328827381134033,True,4,0.15062964893877506,0.007055352907627821,0.001866841223090887,0.14170745480805635,0.0031262990087270737,0.010225118137896061,0.003715439233928919,0.16769834607839584
tier_10k,4000,0_1438042988061.16_20150728002308-00322-ip-10-236-191-2_739065442_3.csv,0,10,20.0,0.15,4000,85,1218,200,False,True,True,200,10,200,0.25,0.09938837920489296,0.15151515151515152,23.369678497314453,True,4,0.15062964893877506,0.007055352907627821,0.001866841223090887,0.14170745480805635,0.0031387126073241234,0.01276308810338378,0.004633888136595488,0.17116704676300287
tier_10k,4000,0_1438042988061.16_20150728002308-00322-ip-10-236-191-2_739065442_3.csv,0,20,5.0,0.15,4000,85,1218,100,False,True,True,100,20,100,0.25,0.1489971346704871,0.15151515151515152,44.88002675771713,True,4,0.15062964893877506,0.007055352907627821,0.001866841223090887,0.14170745480805635,0.0033112382516264915,0.007465902250260115,0.0047299969010055065,0.16613850882276893
tier_10k,4000,0_1438042988061.16_20150728002308-00322-ip-10-236-191-2_739065442_3.csv,0,20,10.0,0.15,4000,85,1218,200,False,True,True,200,20,200,0.25,0.09938837920489296,0.15151515151515152,45.28924024105072,True,4,0.15062964893877506,0.007055352907627821,0.001866841223090887,0.14170745480805635,0.0031333831138908863,0.012648439966142178,0.008134069852530956,0.17454728204756975
tier_10k,4000,0_1438042988061.16_20150728002308-00322-ip-10-236-191-2_739065442_3.csv,0,20,15.0,0.15,4000,85,1218,300,False,True,True,300,20,300,0.25,0.07105538140020899,0.15151515151515152,45.338368237018585,True,4,0.15062964893877506,0.007055352907627821,0.001866841223090887,0.14170745480805635,0.0031942548230290413,0.018230366986244917,0.01917465217411518,0.1912306984886527
tier_10k,4000,0_1438042988061.16_20150728002308-00322-ip-10-236-191-2_739065442_3.csv,0,20,20.0,0.15,4000,85,1218,400,False,True,True,400,20,400,0.25,0.05282465150403522,0.1506849315068493,45.51740425825119,True,4,0.15062964893877506,0.007055352907627821,0.001866841223090887,0.14170745480805635,0.0032438081689178944,0.02319650584831834,0.09240766614675522,0.2694794898852706
tier_10k,4000,0_1438042988061.16_20150728002308-00322-ip-10-236-191-2_739065442_3.csv,0,30,5.0,0.15,4000,85,1218,150,False,True,True,150,30,150,0.25,0.11743119266055047,0.1509433962264151,66.79608392715454,True,4,0.15062964893877506,0.007055352907627821,0.001866841223090887,0.14170745480805635,0.0035082437098026276,0.011085617821663618,0.011025313287973404,0.17625112691894174
tier_10k,4000,0_1438042988061.16_20150728002308-00322-ip-10-236-191-2_739065442_3.csv,0,30,10.0,0.15,4000,85,1218,300,False,True,True,300,30,300,0.25,0.07105538140020899,0.15,67.1388167142868,True,4,0.15062964893877506,0.007055352907627821,0.001866841223090887,0.14170745480805635,0.0032411878928542137,0.01856552204117179,0.005575785879045725,0.1780141508206725
tier_10k,4000,0_1438042988061.16_20150728002308-00322-ip-10-236-191-2_739065442_3.csv,0,30,15.0,0.15,4000,85,1218,450,False,True,True,450,30,450,0.25,0.04630186410102225,0.1504424778761062,67.34040182828903,True,3,0.15062964893877506,0.007055352907627821,0.001866841223090887,0.14170745480805635,0.0027623306959867477,0.026616221759468317,0.136732358019799,0.31674250960350037
tier_10k,4000,0_1438042988061.16_20150728002308-00322-ip-10-236-191-2_739065442_3.csv,0,30,20.0,0.15,4000,85,1218,600,False,True,True,600,30,600,0.25,0.032569360675512665,0.1504424778761062,67.47066462039948,True,3,0.15062964893877506,0.007055352907627821,0.001866841223090887,0.14170745480805635,0.0031622699461877346,0.036957613192498684,0.00800235802307725,0.19875455414876342
tier_10k,4000,0_1438042988061.16_20150728002308-00322-ip-10-236-191-2_739065442_3.csv,0,40,5.0,0.15,4000,85,1218,200,False,True,True,200,40,200,0.25,0.09938837920489296,0.15,88.45190858840942,True,4,0.15062964893877506,0.007055352907627821,0.001866841223090887,0.14170745480805635,0.0033154007978737354,0.012538393028080463,0.01822253968566656,0.18470783717930317
tier_10k,4000,0_1438042988061.16_20150728002308-00322-ip-10-236-191-2_739065442_3.csv,0,40,10.0,0.15,4000,85,1218,400,False,True,True,400,40,400,0.25,0.05282465150403522,0.15,88.9061348438263,True,4,0.15062964893877506,0.007055352907627821,0.001866841223090887,0.14170745480805635,0.003386064898222685,0.02380040194839239,0.011255164165049791,0.18907320173457265
tier_10k,4000,0_1438042988061.16_20150728002308-00322-ip-10-236-191-2_739065442_3.csv,0,40,15.0,0.15,4000,85,1218,600,False,True,True,600,40,600,0.25,0.032569360675512665,0.1503267973856209,88.91426157951355,True,3,0.15062964893877506,0.007055352907627821,0.001866841223090887,0.14170745480805635,0.002799962181597948,0.039464868139475584,0.043921020813286304,0.23681744607165456
tier_10k,4000,0_1438042988061.16_20150728002308-00322-ip-10-236-191-2_739065442_3.csv,0,40,20.0,0.15,4000,85,1218,800,False,True,True,800,40,800,0.25,0.02216880341880342,0.1503267973856209,89.1122722029686,True,2,0.15062964893877506,0.007055352907627821,0.001866841223090887,0.14170745480805635,0.0023544342257082462,0.04610151005908847,0.014488643035292625,0.21357664512470365
tier_10k,4000,0_1438042988061.16_20150728002308-00322-ip-10-236-191-2_739065442_3.csv,0,50,5.0,0.15,4000,85,1218,250,False,True,True,250,50,250,0.25,0.08461538461538462,0.15028901734104047,109.75717097520828,True,4,0.15062964893877506,0.007055352907627821,0.001866841223090887,0.14170745480805635,0.0033214911818504333,0.015058563090860844,0.006667957175523043,0.17567962082102895
tier_10k,4000,0_1438042988061.16_20150728002308-00322-ip-10-236-191-2_739065442_3.csv,0,50,10.0,0.15,4000,85,1218,500,False,True,True,500,50,500,0.25,0.04081632653061224,0.15,110.04119205474854,True,3,0.15062964893877506,0.007055352907627821,0.001866841223090887,0.14170745480805635,0.0028299610130488873,0.029584232717752457,0.008395228069275618,0.19144092919304967
tier_10k,4000,0_1438042988061.16_20150728002308-00322-ip-10-236-191-2_739065442_3.csv,0,50,15.0,0.15,4000,85,1218,750,False,True,True,750,50,750,0.25,0.02434017595307918,0.15025906735751296,110.21210205554962,True,2,0.15062964893877506,0.007055352907627821,0.001866841223090887,0.14170745480805635,0.0021876459941267967,0.04343424318358302,0.2642848598770797,0.46053868997842073
tier_10k,4000,0_1438042988061.16_20150728002308-00322-ip-10-236-191-2_739065442_3.csv,0,50,20.0,0.15,4000,85,1218,1000,False,True,True,1000,50,1000,0.25,0.014824075727808536,0.15025906735751296,110.21210205554962,True,2,0.15062964893877506,0.007055352907627821,0.001866841223090887,0.14170745480805635,0.002990606240928173,0.07897502509877086,0.08400832768529654,0.3166063968092203
tier_10k,4000,1_1438042987127.36_20150728002307-00145-ip-10-236-191-2_499439925_0.csv,2,10,5.0,0.15,4000,3,682,50,False,False,False,50,0,50,0.09523809523809523,0.01556420233463035,,,True,2,0.11774667724967003,0.007385584991425276,0.00207201624289155,0.1082890760153532,0.0012892158702015877,0.012097822967916727,0.0019109779968857765,0.13304744102060795
tier_10k,4000,1_1438042987127.36_20150728002307-00145-ip-10-236-191-2_499439925_0.csv,2,10,10.0,0.15,4000,3,682,100,False,False,False,100,0,100,0.09523809523809523,0.007889546351084813,,,True,2,0.11774667724967003,0.007385584991425276,0.00207201624289155,0.1082890760153532,0.0013171350583434105,0.02402621228247881,0.0015392270870506763,0.14463113946840167
tier_10k,4000,1_1438042987127.36_20150728002307-00145-ip-10-236-191-2_499439925_0.csv,2,10,15.0,0.15,4000,3,682,150,False,False,False,150,0,150,0.09523809523809523,0.005284015852047556,,,True,2,0.11774667724967003,0.007385584991425276,0.00207201624289155,0.1082890760153532,0.0013074041344225407,0.036351450718939304,0.001677089836448431,0.15708457585424185
tier_10k,4000,1_1438042987127.36_20150728002307-00145-ip-10-236-191-2_499439925_0.csv,2,10,20.0,0.15,4000,3,682,200,False,False,False,200,0,200,0.09523809523809523,0.003972194637537239,,,True,2,0.11774667724967003,0.007385584991425276,0.00207201624289155,0.1082890760153532,0.0013245749287307262,0.04820099985226989,0.001700220163911581,0.1689746044576168
tier_10k,4000,1_1438042987127.36_20150728002307-00145-ip-10-236-191-2_499439925_0.csv,2,20,5.0,0.15,4000,3,682,100,False,False,False,100,0,100,0.09523809523809523,0.007889546351084813,,,True,2,0.11774667724967003,0.007385584991425276,0.00207201624289155,0.1082890760153532,0.0013235928490757942,0.024030338041484356,0.0015063709579408169,0.14460911229252815
tier_10k,4000,1_1438042987127.36_20150728002307-00145-ip-10-236-191-2_499439925_0.csv,2,20,10.0,0.15,4000,3,682,200,False,False,False,200,0,200,0.09523809523809523,0.003972194637537239,,,True,2,0.11774667724967003,0.007385584991425276,0.00207201624289155,0.1082890760153532,0.0013451348058879375,0.04787534009665251,0.0016281893476843834,0.1685973322018981
tier_10k,4000,1_1438042987127.36_20150728002307-00145-ip-10-236-191-2_499439925_0.csv,2,20,15.0,0.15,4000,3,682,300,False,False,False,300,0,300,0.09523809523809523,0.0025823111684958036,,,True,2,0.11774667724967003,0.007385584991425276,0.00207201624289155,0.1082890760153532,0.0013968790881335735,0.07318386901170015,0.0019157403148710728,0.19424528628587723
tier_10k,4000,1_1438042987127.36_20150728002307-00145-ip-10-236-191-2_499439925_0.csv,2,20,20.0,0.15,4000,3,682,400,False,False,False,400,0,400,0.09523809523809523,0.0017953321364452424,,,True,2,0.11774667724967003,0.007385584991425276,0.00207201624289155,0.1082890760153532,0.001428533811122179,0.09730236418545246,0.001942699309438467,0.21842237003147602
tier_10k,4000,1_1438042987127.36_20150728002307-00145-ip-10-236-191-2_499439925_0.csv,2,30,5.0,0.15,4000,3,682,150,False,False,False,150,0,150,0.09523809523809523,0.005284015852047556,,,True,2,0.11774667724967003,0.007385584991425276,0.00207201624289155,0.1082890760153532,0.0013131359592080116,0.03622638201341033,0.001466766931116581,0.15675486717373133
tier_10k,4000,1_1438042987127.36_20150728002307-00145-ip-10-236-191-2_499439925_0.csv,2,30,10.0,0.15,4000,3,682,300,False,False,False,300,0,300,0.09523809523809523,0.0025823111684958036,,,True,2,0.11774667724967003,0.007385584991425276,0.00207201624289155,0.1082890760153532,0.0013701808638870716,0.07234111009165645,0.0016461778432130814,0.19310621637851
tier_10k,4000,1_1438042987127.36_20150728002307-00145-ip-10-236-191-2_499439925_0.csv,2,30,15.0,0.15,4000,3,682,450,False,False,False,450,0,450,0.09523809523809523,0.0014803849000740192,,,True,2,0.11774667724967003,0.007385584991425276,0.00207201624289155,0.1082890760153532,0.0014354120939970016,0.10897311894223094,0.0025756359100341797,0.230733429081738
tier_10k,4000,1_1438042987127.36_20150728002307-00145-ip-10-236-191-2_499439925_0.csv,2,30,20.0,0.15,4000,3,682,600,False,False,False,600,0,600,0.09523809523809523,0.0008305647840531562,,,True,2,0.11774667724967003,0.007385584991425276,0.00207201624289155,0.1082890760153532,0.001624501310288906,0.14641517819836736,0.002383400686085224,0.2681721253320575
tier_10k,4000,1_1438042987127.36_20150728002307-00145-ip-10-236-191-2_499439925_0.csv,2,40,5.0,0.15,4000,3,682,200,False,False,False,200,0,200,0.09523809523809523,0.003972194637537239,,,True,2,0.11774667724967003,0.007385584991425276,0.00207201624289155,0.1082890760153532,0.0013973470777273178,0.04837902681902051,0.001748058944940567,0.16927312407642603
tier_10k,4000,1_1438042987127.36_20150728002307-00145-ip-10-236-191-2_499439925_0.csv,2,40,10.0,0.15,4000,3,682,400,False,False,False,400,0,400,0.09523809523809523,0.0017953321364452424,,,True,2,0.11774667724967003,0.007385584991425276,0.00207201624289155,0.1082890760153532,0.0014847717247903347,0.09783467976376414,0.0020879609510302544,0.21915661543607712
tier_10k,4000,1_1438042987127.36_20150728002307-00145-ip-10-236-191-2_499439925_0.csv,2,40,15.0,0.15,4000,3,682,600,False,False,False,600,0,600,0.09523809523809523,0.0008305647840531562,,,True,2,0.11774667724967003,0.007385584991425276,0.00207201624289155,0.1082890760153532,0.0015956079587340355,0.14695303607732058,0.002681376412510872,0.2689787670969963
tier_10k,4000,1_1438042987127.36_20150728002307-00145-ip-10-236-191-2_499439925_0.csv,2,40,20.0,0.15,4000,3,682,800,True,False,False,682,0,682,0.09523809523809523,0.00040004000400040005,,,False,0,0.11774667724967003,0.007385584991425276,0.00207201624289155,0.1082890760153532,5.821697413921356e-05,0.1644804272800684,0.0029070209711790085,0.2851942381821573
tier_10k,4000,1_1438042987127.36_20150728002307-00145-ip-10-236-191-2_499439925_0.csv,2,50,5.0,0.15,4000,3,682,250,False,False,False,250,0,250,0.09523809523809523,0.0031821797931583136,,,True,2,0.11774667724967003,0.007385584991425276,0.00207201624289155,0.1082890760153532,0.0014257780276238918,0.06017319578677416,0.001733723096549511,0.18108136299997568
tier_10k,4000,1_1438042987127.36_20150728002307-00145-ip-10-236-191-2_499439925_0.csv,2,50,10.0,0.15,4000,3,682,500,False,False,False,500,0,500,0.09523809523809523,0.0012319063751154912,,,True,2,0.11774667724967003,0.007385584991425276,0.00207201624289155,0.1082890760153532,0.0014746179804205894,0.1235471609979868,0.0023970198817551136,0.2451678654178977
tier_10k,4000,1_1438042987127.36_20150728002307-00145-ip-10-236-191-2_499439925_0.csv,2,50,15.0,0.15,4000,3,682,750,True,False,False,682,0,682,0.09523809523809523,0.00040004000400040005,,,False,0,0.11774667724967003,0.007385584991425276,0.00207201624289155,0.1082890760153532,6.360094994306564e-05,0.16585912788286805,0.002962833270430565,0.286634502466768
tier_10k,4000,1_1438042987127.36_20150728002307-00145-ip-10-236-191-2_499439925_0.csv,2,50,20.0,0.15,4000,3,682,1000,True,False,False,682,0,682,0.09523809523809523,0.00040004000400040005,,,False,0,0.11774667724967003,0.007385584991425276,0.00207201624289155,0.1082890760153532,7.249601185321808e-05,0.1648544119670987,0.0032253479585051537,0.28590122144669294
tier_10k,4000,1_1438042990112.50_20150728002310-00013-ip-10-236-191-2_321346784_4.csv,1,10,5.0,0.15,4000,14,773,50,False,True,True,50,10,50,0.3333333333333333,0.05405405405405406,0.1935483870967742,27.8681720495224,True,2,0.12548714876174927,0.006806479301303625,0.002098501194268465,0.11658216826617718,0.0014703767374157906,0.005421757698059082,0.004134485963732004,0.13651822600513697
tier_10k,4000,1_1438042990112.50_20150728002310-00013-ip-10-236-191-2_321346784_4.csv,1,10,10.0,0.15,4000,14,773,100,False,True,True,100,10,100,0.3333333333333333,0.02843601895734597,0.1935483870967742,27.970087468624115,True,2,0.12548714876174927,0.006806479301303625,0.002098501194268465,0.11658216826617718,0.0015199403278529644,0.010435794945806265,0.00418431032449007,0.14162935176864266
tier_10k,4000,1_1438042990112.50_20150728002310-00013-ip-10-236-191-2_321346784_4.csv,1,10,15.0,0.15,4000,14,773,150,False,True,True,150,10,150,0.3333333333333333,0.01749271137026239,0.1875,28.64353221654892,True,2,0.12548714876174927,0.006806479301303625,0.002098501194268465,0.11658216826617718,0.001496282871812582,0.015385386999696493,0.004403712227940559,0.14677458861842752
tier_10k,4000,1_1438042990112.50_20150728002310-00013-ip-10-236-191-2_321346784_4.csv,1,10,20.0,0.15,4000,14,773,200,False,True,True,200,10,200,0.3333333333333333,0.012170385395537525,0.18181818181818182,28.989338517189026,True,2,0.12548714876174927,0.006806479301303625,0.002098501194268465,0.11658216826617718,0.001519612967967987,0.020082036033272743,0.004393234848976135,0.15148418163880706
tier_10k,4000,1_1438042990112.50_20150728002310-00013-ip-10-236-191-2_321346784_4.csv,1,20,5.0,0.15,4000,14,773,100,False,False,False,100,0,100,0.3333333333333333,0.02843601895734597,,,True,2,0.12548714876174927,0.006806479301303625,0.002098501194268465,0.11658216826617718,0.0014698631130158901,0.01032257592305541,0.001491909846663475,0.13877340778708458
tier_10k,4000,1_1438042990112.50_20150728002310-00013-ip-10-236-191-2_321346784_4.csv,1,20,10.0,0.15,4000,14,773,200,False,False,False,200,0,200,0.3333333333333333,0.012170385395537525,,,True,2,0.12548714876174927,0.006806479301303625,0.002098501194268465,0.11658216826617718,0.001531274989247322,0.02011254709213972,0.0014768079854547977,0.14860987477004528
tier_10k,4000,1_1438042990112.50_20150728002310-00013-ip-10-236-191-2_321346784_4.csv,1,20,15.0,0.15,4000,14,773,300,False,False,False,300,0,300,0.3333333333333333,0.006888633754305396,,,True,2,0.12548714876174927,0.006806479301303625,0.002098501194268465,0.11658216826617718,0.0015577240847051144,0.02847424801439047,0.0016505159437656403,0.15717162238433957
tier_10k,4000,1_1438042990112.50_20150728002310-00013-ip-10-236-191-2_321346784_4.csv,1,20,20.0,0.15,4000,14,773,400,False,False,False,400,0,400,0.3333333333333333,0.004428044280442804,,,True,2,0.12548714876174927,0.006806479301303625,0.002098501194268465,0.11658216826617718,0.001606589648872614,0.0394675568677485,0.0018842262215912342,0.16844750987365842
tier_10k,4000,1_1438042990112.50_20150728002310-00013-ip-10-236-191-2_321346784_4.csv,1,30,5.0,0.15,4000,14,773,150,False,False,False,150,0,150,0.3333333333333333,0.01749271137026239,,,True,2,0.12548714876174927,0.006806479301303625,0.002098501194268465,0.11658216826617718,0.001502486877143383,0.015246516093611717,0.0012733661569654942,0.14351157983765006
tier_10k,4000,1_1438042990112.50_20150728002310-00013-ip-10-236-191-2_321346784_4.csv,1,30,10.0,0.15,4000,14,773,300,False,False,False,300,0,300,0.3333333333333333,0.006888633754305396,,,True,2,0.12548714876174927,0.006806479301303625,0.002098501194268465,0.11658216826617718,0.0015638708136975765,0.028325483202934265,0.0017930171452462673,0.1571713755838573
tier_10k,4000,1_1438042990112.50_20150728002310-00013-ip-10-236-191-2_321346784_4.csv,1,30,15.0,0.15,4000,14,773,450,False,False,False,450,0,450,0.3333333333333333,0.003738317757009346,,,True,2,0.12548714876174927,0.006806479301303625,0.002098501194268465,0.11658216826617718,0.0016200277023017406,0.0448150597512722,0.001984288915991783,0.1739084217697382
tier_10k,4000,1_1438042990112.50_20150728002310-00013-ip-10-236-191-2_321346784_4.csv,1,30,20.0,0.15,4000,14,773,600,False,False,False,600,0,600,0.3333333333333333,0.0025477707006369425,,,True,2,0.12548714876174927,0.006806479301303625,0.002098501194268465,0.11658216826617718,0.0016792947426438332,0.061930517200380564,0.0022948631085455418,0.19139404268935323
tier_10k,4000,1_1438042990112.50_20150728002310-00013-ip-10-236-191-2_321346784_4.csv,1,40,5.0,0.15,4000,14,773,200,False,False,False,200,0,200,0.3333333333333333,0.012170385395537525,,,True,2,0.12548714876174927,0.006806479301303625,0.002098501194268465,0.11658216826617718,0.0015317779034376144,0.020091482903808355,0.002003946341574192,0.14911632658913732
tier_10k,4000,1_1438042990112.50_20150728002310-00013-ip-10-236-191-2_321346784_4.csv,1,40,10.0,0.15,4000,14,773,400,False,False,False,400,0,400,0.3333333333333333,0.004428044280442804,,,True,2,0.12548714876174927,0.006806479301303625,0.002098501194268465,0.11658216826617718,0.001600172370672226,0.0394018585793674,0.0020532826893031597,0.1685445555485785
tier_10k,4000,1_1438042990112.50_20150728002310-00013-ip-10-236-191-2_321346784_4.csv,1,40,15.0,0.15,4000,14,773,600,False,False,False,600,0,600,0.3333333333333333,0.0025477707006369425,,,True,2,0.12548714876174927,0.006806479301303625,0.002098501194268465,0.11658216826617718,0.0017130500636994839,0.062228983268141747,0.002672889269888401,0.1921044746413827
tier_10k,4000,1_1438042990112.50_20150728002310-00013-ip-10-236-191-2_321346784_4.csv,1,40,20.0,0.15,4000,14,773,800,True,False,False,773,0,773,0.3333333333333333,0.0014464802314368371,,,False,0,0.12548714876174927,0.006806479301303625,0.002098501194268465,0.11658216826617718,6.470922380685806e-05,0.0802156780846417,0.0030240127816796303,0.20879371603950858
tier_10k,4000,1_1438042990112.50_20150728002310-00013-ip-10-236-191-2_321346784_4.csv,1,50,5.0,0.15,4000,14,773,250,False,False,False,250,0,250,0.3333333333333333,0.00894187779433681,,,True,2,0.12548714876174927,0.006806479301303625,0.002098501194268465,0.11658216826617718,0.001651229802519083,0.024368938989937305,0.0016384110786020756,0.15314773377031088
tier_10k,4000,1_1438042990112.50_20150728002310-00013-ip-10-236-191-2_321346784_4.csv,1,50,10.0,0.15,4000,14,773,500,False,False,False,500,0,500,0.3333333333333333,0.003234501347708895,,,True,2,0.12548714876174927,0.006806479301303625,0.002098501194268465,0.11658216826617718,0.001657447312027216,0.0505374800413847,0.002115260809659958,0.1797995218075812
tier_10k,4000,1_1438042990112.50_20150728002310-00013-ip-10-236-191-2_321346784_4.csv,1,50,15.0,0.15,4000,14,773,750,False,False,False,750,0,750,0.3333333333333333,0.0018088634308109737,,,True,2,0.12548714876174927,0.006806479301303625,0.002098501194268465,0.11658216826617718,0.0017564990557730198,0.0773723260499537,0.002503467258065939,0.2071213978342712
tier_10k,4000,1_1438042990112.50_20150728002310-00013-ip-10-236-191-2_321346784_4.csv,1,50,20.0,0.15,4000,14,773,1000,True,False,False,773,0,773,0.3333333333333333,0.0014464802314368371,,,False,0,0.12548714876174927,0.006806479301303625,0.002098501194268465,0.11658216826617718,6.366893649101257e-05,0.07980556366965175,0.0029625422321259975,0.20832081139087677
tier_10k,4000,0_1438042988061.16_20150728002308-00143-ip-10-236-191-2_392191488_0.csv,0,10,5.0,0.15,4000,23,1389,50,False,True,True,50,10,50,0.06060606060606061,0.12025316455696203,0.16071428571428573,25.013520777225494,True,3,0.2243520738556981,0.007021745201200247,0.0026110708713531494,0.2147192577831447,0.003521236125379801,0.006385300774127245,0.0059915101155638695,0.2402526051737368
tier_10k,4000,0_1438042988061.16_20150728002308-00143-ip-10-236-191-2_392191488_0.csv,0,10,10.0,0.15,4000,23,1389,100,False,True,True,100,10,100,0.06060606060606061,0.07380073800738007,0.16071428571428573,25.123879432678223,True,4,0.2243520738556981,0.007021745201200247,0.0026110708713531494,0.2147192577831447,0.004827531985938549,0.01101619889959693,0.005617056041955948,0.24581550201401114
tier_10k,4000,0_1438042988061.16_20150728002308-00143-ip-10-236-191-2_392191488_0.csv,0,10,15.0,0.15,4000,23,1389,150,False,True,True,150,10,150,0.06060606060606061,0.053864168618266976,0.16071428571428573,25.151961147785187,True,3,0.2243520738556981,0.007021745201200247,0.0026110708713531494,0.2147192577831447,0.003991934936493635,0.015333038754761219,0.007581739220768213,0.25126110715791583
tier_10k,4000,0_1438042988061.16_20150728002308-00143-ip-10-236-191-2_392191488_0.csv,0,10,20.0,0.15,4000,23,1389,200,False,True,True,200,10,200,0.06060606060606061,0.04006410256410257,0.15517241379310345,25.373797476291656,True,3,0.2243520738556981,0.007021745201200247,0.0026110708713531494,0.2147192577831447,0.0035945908166468143,0.019475806038826704,0.007034501992166042,0.2544592209160328
tier_10k,4000,0_1438042988061.16_20150728002308-00143-ip-10-236-191-2_392191488_0.csv,0,20,5.0,0.15,4000,23,1389,100,False,True,True,100,20,100,0.06060606060606061,0.07380073800738007,0.15584415584415584,50.80860760807991,True,4,0.2243520738556981,0.007021745201200247,0.0026110708713531494,0.2147192577831447,0.004408097825944424,0.01072264602407813,0.0049461559392511845,0.24443123303353786
tier_10k,4000,0_1438042988061.16_20150728002308-00143-ip-10-236-191-2_392191488_0.csv,0,20,10.0,0.15,4000,23,1389,200,False,True,True,200,20,200,0.06060606060606061,0.04006410256410257,0.15,51.266493052244186,True,3,0.2243520738556981,0.007021745201200247,0.0026110708713531494,0.2147192577831447,0.003579515963792801,0.019361342303454876,0.006062845699489117,0.2533579748123884
tier_10k,4000,0_1438042988061.16_20150728002308-00143-ip-10-236-191-2_392191488_0.csv,0,20,15.0,0.15,4000,23,1389,300,False,True,True,300,20,300,0.06060606060606061,0.02699896157840083,0.15,51.335035353899,True,3,0.2243520738556981,0.007021745201200247,0.0026110708713531494,0.2147192577831447,0.003644105978310108,0.028828094713389874,0.007048009429126978,0.2638744739815593
tier_10k,4000,0_1438042988061.16_20150728002308-00143-ip-10-236-191-2_392191488_0.csv,0,20,20.0,0.15,4000,23,1389,400,False,True,True,400,20,400,0.06060606060606061,0.01925820256776034,0.15,51.335035353899,True,2,0.2243520738556981,0.007021745201200247,0.0026110708713531494,0.2147192577831447,0.002862669061869383,0.037975347600877285,0.007934415712952614,0.2731269598007202
tier_10k,4000,0_1438042988061.16_20150728002308-00143-ip-10-236-191-2_392191488_0.csv,0,30,5.0,0.15,4000,23,1389,150,False,True,True,150,30,150,0.06060606060606061,0.053864168618266976,0.15306122448979592,76.31556496024132,True,3,0.2243520738556981,0.007021745201200247,0.0026110708713531494,0.2147192577831447,0.0036079292185604572,0.015129298903048038,0.00732619222253561,0.25041775591671467
tier_10k,4000,0_1438042988061.16_20150728002308-00143-ip-10-236-191-2_392191488_0.csv,0,30,10.0,0.15,4000,23,1389,300,False,True,True,300,30,300,0.06060606060606061,0.02699896157840083,0.15,76.69179686903954,True,3,0.2243520738556981,0.007021745201200247,0.0026110708713531494,0.2147192577831447,0.003718258813023567,0.028900065924972296,0.017042531166225672,0.2740154000930488
tier_10k,4000,0_1438042988061.16_20150728002308-00143-ip-10-236-191-2_392191488_0.csv,0,30,15.0,0.15,4000,23,1389,450,False,True,True,450,30,450,0.06060606060606061,0.016453382084095063,0.15,76.69179686903954,True,2,0.2243520738556981,0.007021745201200247,0.0026110708713531494,0.2147192577831447,0.003049357794225216,0.042165886145085096,0.02234839415177703,0.29191813291981816
tier_10k,4000,0_1438042988061.16_20150728002308-00143-ip-10-236-191-2_392191488_0.csv,0,30,20.0,0.15,4000,23,1389,600,False,True,True,600,30,600,0.06060606060606061,0.011152416356877323,0.15,76.69179686903954,True,2,0.2243520738556981,0.007021745201200247,0.0026110708713531494,0.2147192577831447,0.0031185499392449856,0.054663446731865406,0.015003507025539875,0.29713993705809116
tier_10k,4000,0_1438042988061.16_20150728002308-00143-ip-10-236-191-2_392191488_0.csv,0,40,5.0,0.15,4000,23,1389,200,False,False,False,200,0,200,0.06060606060606061,0.04006410256410257,,,True,3,0.2243520738556981,0.007021745201200247,0.0026110708713531494,0.2147192577831447,0.0037809028290212154,0.019801856018602848,0.001617687288671732,0.24955450743436813
tier_10k,4000,0_1438042988061.16_20150728002308-00143-ip-10-236-191-2_392191488_0.csv,0,40,10.0,0.15,4000,23,1389,400,False,False,False,400,0,400,0.06060606060606061,0.01925820256776034,,,True,2,0.2243520738556981,0.007021745201200247,0.0026110708713531494,0.2147192577831447,0.002862337976694107,0.038107814732939005,0.0023530591279268265,0.267677400726825
tier_10k,4000,0_1438042988061.16_20150728002308-00143-ip-10-236-191-2_392191488_0.csv,0,40,15.0,0.15,4000,23,1389,600,False,False,False,600,0,600,0.06060606060606061,0.011152416356877323,,,True,2,0.2243520738556981,0.007021745201200247,0.0026110708713531494,0.2147192577831447,0.002905850764364004,0.05475048394873738,0.0023571299389004707,0.28436753852292895
tier_10k,4000,0_1438042988061.16_20150728002308-00143-ip-10-236-191-2_392191488_0.csv,0,40,20.0,0.15,4000,23,1389,800,False,False,False,800,0,800,0.06060606060606061,0.007342942616263258,,,True,2,0.2243520738556981,0.007021745201200247,0.0026110708713531494,0.2147192577831447,0.002997462172061205,0.07060044212266803,0.0027992785908281803,0.30075128469616175
tier_10k,4000,0_1438042988061.16_20150728002308-00143-ip-10-236-191-2_392191488_0.csv,0,50,5.0,0.15,4000,23,1389,250,False,False,False,250,0,250,0.06060606060606061,0.03229974160206718,,,True,3,0.2243520738556981,0.007021745201200247,0.0026110708713531494,0.2147192577831447,0.003656120039522648,0.023935820441693068,0.0017587658949196339,0.2537046237848699
tier_10k,4000,0_1438042988061.16_20150728002308-00143-ip-10-236-191-2_392191488_0.csv,0,50,10.0,0.15,4000,23,1389,500,False,False,False,500,0,500,0.06060606060606061,0.014278159703860392,,,True,2,0.2243520738556981,0.007021745201200247,0.0026110708713531494,0.2147192577831447,0.0028640329837799072,0.046211783308535814,0.00218475004658103,0.2756146998144686
tier_10k,4000,0_1438042988061.16_20150728002308-00143-ip-10-236-191-2_392191488_0.csv,0,50,15.0,0.15,4000,23,1389,750,False,False,False,750,0,750,0.06060606060606061,0.008115419296663661,,,True,2,0.2243520738556981,0.007021745201200247,0.0026110708713531494,0.2147192577831447,0.0030120410956442356,0.0664228000678122,0.002733600325882435,0.2965226429514587
tier_10k,4000,0_1438042988061.16_20150728002308-00143-ip-10-236-191-2_392191488_0.csv,0,50,20.0,0.15,4000,23,1389,1000,False,False,False,1000,0,1000,0.06060606060606061,0.004994450610432853,,,True,2,0.2243520738556981,0.007021745201200247,0.0026110708713531494,0.2147192577831447,0.003111832309514284,0.0868679047562182,0.0034327423200011253,0.31776655185967684
tier_10k,4000,1_1438042987127.36_20150728002307-00040-ip-10-236-191-2_17801588_1.csv,2,10,5.0,0.15,4000,12,1133,50,False,True,True,50,10,50,1.0,0.12605042016806722,0.18181818181818182,26.442140460014343,True,4,0.17611453589051962,0.006053396034985781,0.0023301909677684307,0.1677309488877654,0.0036990810185670853,0.0043770563788712025,0.0048727369867265224,0.1890664929524064
tier_10k,4000,1_1438042987127.36_20150728002307-00040-ip-10-236-191-2_17801588_1.csv,2,10,10.0,0.15,4000,12,1133,100,False,True,True,100,10,100,1.0,0.0728744939271255,0.18181818181818182,26.679251968860626,True,3,0.17611453589051962,0.006053396034985781,0.0023301909677684307,0.1677309488877654,0.0031165191903710365,0.00852986704558134,0.004715193063020706,0.192478499840945
tier_10k,4000,1_1438042987127.36_20150728002307-00040-ip-10-236-191-2_17801588_1.csv,2,10,15.0,0.15,4000,12,1133,150,False,True,True,150,10,150,1.0,0.05191256830601093,0.18181818181818182,26.711724400520325,True,3,0.17611453589051962,0.006053396034985781,0.0023301909677684307,0.1677309488877654,0.0030338242650032043,0.012575160712003708,0.0046777268871665,0.19640355510637164
tier_10k,4000,1_1438042987127.36_20150728002307-00040-ip-10-236-191-2_17801588_1.csv,2,10,20.0,0.15,4000,12,1133,200,False,True,True,200,10,200,1.0,0.04107142857142857,0.18181818181818182,26.81409525871277,True,3,0.17611453589051962,0.006053396034985781,0.0023301909677684307,0.1677309488877654,0.003034481778740883,0.016938498243689537,0.004780928138643503,0.20087071880698204
tier_10k,4000,1_1438042987127.36_20150728002307-00040-ip-10-236-191-2_17801588_1.csv,2,20,5.0,0.15,4000,12,1133,100,False,True,True,100,20,100,1.0,0.0728744939271255,0.2,51.47379159927368,True,3,0.17611453589051962,0.006053396034985781,0.0023301909677684307,0.1677309488877654,0.0030150031670928,0.008499275892972946,0.005732464604079723,0.1933634039014578
tier_10k,4000,1_1438042987127.36_20150728002307-00040-ip-10-236-191-2_17801588_1.csv,2,20,10.0,0.15,4000,12,1133,200,False,True,True,200,20,200,1.0,0.04107142857142857,0.2,51.921678245067596,True,3,0.17611453589051962,0.006053396034985781,0.0023301909677684307,0.1677309488877654,0.003105742856860161,0.017205352894961834,0.006591245997697115,0.20301919989287853
tier_10k,4000,1_1438042987127.36_20150728002307-00040-ip-10-236-191-2_17801588_1.csv,2,20,15.0,0.15,4000,12,1133,300,False,True,True,300,20,300,1.0,0.030263157894736843,0.2,52.19881969690323,True,3,0.17611453589051962,0.006053396034985781,0.0023301909677684307,0.1677309488877654,0.003091850783675909,0.025188101921230555,0.007293023634701967,0.21168992714956403
tier_10k,4000,1_1438042987127.36_20150728002307-00040-ip-10-236-191-2_17801588_1.csv,2,20,20.0,0.15,4000,12,1133,400,False,True,True,400,20,400,1.0,0.024072216649949848,0.2,52.397763788700104,True,2,0.17611453589051962,0.006053396034985781,0.0023301909677684307,0.1677309488877654,0.002418472897261381,0.03300796169787645,0.008488455787301064,0.22003172989934683
tier_10k,4000,1_1438042987127.36_20150728002307-00040-ip-10-236-191-2_17801588_1.csv,2,30,5.0,0.15,4000,12,1133,150,False,True,True,150,30,150,1.0,0.05191256830601093,0.15151515151515152,76.94072270393372,True,3,0.17611453589051962,0.006053396034985781,0.0023301909677684307,0.1677309488877654,0.003027745056897402,0.012609526049345732,0.00590622890740633,0.1976603609509766
tier_10k,4000,1_1438042987127.36_20150728002307-00040-ip-10-236-191-2_17801588_1.csv,2,30,10.0,0.15,4000,12,1133,300,False,True,True,300,30,300,1.0,0.030263157894736843,0.15151515151515152,77.9782720208168,True,3,0.17611453589051962,0.006053396034985781,0.0023301909677684307,0.1677309488877654,0.00307303573936224,0.025022899731993675,0.0072186850011348724,0.2114313542842865
tier_10k,4000,1_1438042987127.36_20150728002307-00040-ip-10-236-191-2_17801588_1.csv,2,30,15.0,0.15,4000,12,1133,450,False,True,True,450,30,450,1.0,0.02187784867821331,0.15151515151515152,78.33547568321228,True,2,0.17611453589051962,0.006053396034985781,0.0023301909677684307,0.1677309488877654,0.00237291119992733,0.0368145490065217,0.009485696908086538,0.2247900879010558
tier_10k,4000,1_1438042987127.36_20150728002307-00040-ip-10-236-191-2_17801588_1.csv,2,30,20.0,0.15,4000,12,1133,600,False,True,True,600,30,600,1.0,0.01717967072297781,0.15151515151515152,78.56410926580429,True,2,0.17611453589051962,0.006053396034985781,0.0023301909677684307,0.1677309488877654,0.002428328152745962,0.04877130500972271,0.011320892721414566,0.23863724060356617
tier_10k,4000,1_1438042987127.36_20150728002307-00040-ip-10-236-191-2_17801588_1.csv,2,40,5.0,0.15,4000,12,1133,200,False,True,True,200,40,200,1.0,0.04107142857142857,0.15151515151515152,98.96653664112091,True,3,0.17611453589051962,0.006053396034985781,0.0023301909677684307,0.1677309488877654,0.0030159312300384045,0.016814174130558968,0.006036677397787571,0.20198344066739082
tier_10k,4000,1_1438042987127.36_20150728002307-00040-ip-10-236-191-2_17801588_1.csv,2,40,10.0,0.15,4000,12,1133,400,False,True,True,400,40,400,1.0,0.024072216649949848,0.15151515151515152,100.34238600730896,True,2,0.17611453589051962,0.006053396034985781,0.0023301909677684307,0.1677309488877654,0.002352456096559763,0.03281315276399255,0.00870452681556344,0.2199869081377983
tier_10k,4000,1_1438042987127.36_20150728002307-00040-ip-10-236-191-2_17801588_1.csv,2,40,15.0,0.15,4000,12,1133,600,False,True,True,600,40,600,1.0,0.01717967072297781,0.15151515151515152,100.67641377449036,True,2,0.17611453589051962,0.006053396034985781,0.0023301909677684307,0.1677309488877654,0.002406246028840542,0.048774585127830505,0.01141223730519414,0.23870984883978963
tier_10k,4000,1_1438042987127.36_20150728002307-00040-ip-10-236-191-2_17801588_1.csv,2,40,20.0,0.15,4000,12,1133,800,False,True,True,800,40,800,1.0,0.012018027040560842,0.15,100.86567860841751,True,2,0.17611453589051962,0.006053396034985781,0.0023301909677684307,0.1677309488877654,0.002497189212590456,0.06430035270750523,0.018571005202829838,0.26148529117926955
tier_10k,4000,1_1438042987127.36_20150728002307-00040-ip-10-236-191-2_17801588_1.csv,2,50,5.0,0.15,4000,12,1133,250,False,False,False,250,0,250,1.0,0.03484848484848485,,,True,3,0.17611453589051962,0.006053396034985781,0.0023301909677684307,0.1677309488877654,0.0030626850202679634,0.020836583338677883,0.0014913910999894142,0.2015073369257152
tier_10k,4000,1_1438042987127.36_20150728002307-00040-ip-10-236-191-2_17801588_1.csv,2,50,10.0,0.15,4000,12,1133,500,False,False,False,500,0,500,1.0,0.020050125313283207,,,True,2,0.17611453589051962,0.006053396034985781,0.0023301909677684307,0.1677309488877654,0.002392004244029522,0.040703203063458204,0.0017376458272337914,0.22094921302050352
tier_10k,4000,1_1438042987127.36_20150728002307-00040-ip-10-236-191-2_17801588_1.csv,2,50,15.0,0.15,4000,12,1133,750,False,False,False,750,0,750,1.0,0.012994044396318355,,,True,2,0.17611453589051962,0.006053396034985781,0.0023301909677684307,0.1677309488877654,0.00246922904625535,0.060039741918444633,0.002596294041723013,0.24122160486876965
tier_10k,4000,1_1438042987127.36_20150728002307-00040-ip-10-236-191-2_17801588_1.csv,2,50,20.0,0.15,4000,12,1133,1000,False,False,False,1000,0,1000,1.0,0.00840042002100105,,,True,2,0.17611453589051962,0.006053396034985781,0.0023301909677684307,0.1677309488877654,0.0025890301913022995,0.07784395990893245,0.0033489479683339596,0.25989839946851134
tier_10k,4000,1_1438042987127.36_20150728002307-00050-ip-10-236-191-2_732552166_0.csv,0,10,5.0,0.15,4000,1,1304,50,False,True,True,50,10,50,1.0,0.0392156862745098,0.18181818181818182,18.014317631721497,True,2,0.19829869642853737,0.005779019091278315,0.002523149363696575,0.18999652797356248,0.0026781740598380566,0.0030668294057250023,0.004363297019153833,0.2084097363986075
tier_10k,4000,1_1438042987127.36_20150728002307-00050-ip-10-236-191-2_732552166_0.csv,0,10,10.0,0.15,4000,1,1304,100,False,True,True,100,10,100,1.0,0.019801980198019802,0.18181818181818182,18.121933221817017,True,2,0.19829869642853737,0.005779019091278315,0.002523149363696575,0.18999652797356248,0.0028179739601910114,0.005823039915412664,0.004146402236074209,0.2110882974229753
tier_10k,4000,1_1438042987127.36_20150728002307-00050-ip-10-236-191-2_732552166_0.csv,0,10,15.0,0.15,4000,1,1304,150,False,True,True,150,10,150,1.0,0.013245033112582781,0.18181818181818182,18.335451662540436,True,2,0.19829869642853737,0.005779019091278315,0.002523149363696575,0.18999652797356248,0.0027738939970731735,0.008589823730289936,0.00454371003434062,0.21420815959572792
tier_10k,4000,1_1438042987127.36_20150728002307-00050-ip-10-236-191-2_732552166_0.csv,0,10,20.0,0.15,4000,1,1304,200,False,True,True,200,10,200,1.0,0.009950248756218905,0.18181818181818182,18.42510151863098,True,2,0.19829869642853737,0.005779019091278315,0.002523149363696575,0.18999652797356248,0.002640829887241125,0.011277584824711084,0.004837322980165482,0.21705665439367294
tier_10k,4000,1_1438042987127.36_20150728002307-00050-ip-10-236-191-2_732552166_0.csv,0,20,5.0,0.15,4000,1,1304,100,False,False,False,100,0,100,1.0,0.019801980198019802,,,True,2,0.19829869642853737,0.005779019091278315,0.002523149363696575,0.18999652797356248,0.0025960798375308514,0.00579517986625433,0.0016098679043352604,0.2083016624674201
tier_10k,4000,1_1438042987127.36_20150728002307-00050-ip-10-236-191-2_732552166_0.csv,0,20,10.0,0.15,4000,1,1304,200,False,False,False,200,0,200,1.0,0.009950248756218905,,,True,2,0.19829869642853737,0.005779019091278315,0.002523149363696575,0.18999652797356248,0.0026537119410932064,0.011404148768633604,0.001668702345341444,0.2140273144468665
tier_10k,4000,1_1438042987127.36_20150728002307-00050-ip-10-236-191-2_732552166_0.csv,0,20,15.0,0.15,4000,1,1304,300,False,False,False,300,0,300,1.0,0.006644518272425249,,,True,2,0.19829869642853737,0.005779019091278315,0.002523149363696575,0.18999652797356248,0.0026751989498734474,0.016936957836151123,0.0018068477511405945,0.2197196506895125
tier_10k,4000,1_1438042987127.36_20150728002307-00050-ip-10-236-191-2_732552166_0.csv,0,20,20.0,0.15,4000,1,1304,400,False,False,False,400,0,400,1.0,0.004987531172069825,,,True,2,0.19829869642853737,0.005779019091278315,0.002523149363696575,0.18999652797356248,0.0027195848524570465,0.02267451211810112,0.0019458462484180927,0.22564068948850036
tier_10k,4000,1_1438042987127.36_20150728002307-00050-ip-10-236-191-2_732552166_0.csv,0,30,5.0,0.15,4000,1,1304,150,False,False,False,150,0,150,1.0,0.013245033112582781,,,True,2,0.19829869642853737,0.005779019091278315,0.002523149363696575,0.18999652797356248,0.002648227382451296,0.008655039127916098,0.0013014632277190685,0.21090549742802978
tier_10k,4000,1_1438042987127.36_20150728002307-00050-ip-10-236-191-2_732552166_0.csv,0,30,10.0,0.15,4000,1,1304,300,False,False,False,300,0,300,1.0,0.006644518272425249,,,True,2,0.19829869642853737,0.005779019091278315,0.002523149363696575,0.18999652797356248,0.002694997936487198,0.01688042562454939,0.0018033608794212341,0.219679472502321
tier_10k,4000,1_1438042987127.36_20150728002307-00050-ip-10-236-191-2_732552166_0.csv,0,30,15.0,0.15,4000,1,1304,450,False,False,False,450,0,450,1.0,0.004434589800443459,,,True,2,0.19829869642853737,0.005779019091278315,0.002523149363696575,0.18999652797356248,0.0027337130159139633,0.02544739982113242,0.0019409321248531342,0.22842282336205244
tier_10k,4000,1_1438042987127.36_20150728002307-00050-ip-10-236-191-2_732552166_0.csv,0,30,20.0,0.15,4000,1,1304,600,False,False,False,600,0,600,1.0,0.0033277870216306157,,,True,2,0.19829869642853737,0.005779019091278315,0.002523149363696575,0.18999652797356248,0.002779774833470583,0.03364006895571947,0.002256888896226883,0.23697754321619868
tier_10k,4000,1_1438042987127.36_20150728002307-00050-ip-10-236-191-2_732552166_0.csv,0,40,5.0,0.15,4000,1,1304,200,False,False,False,200,0,200,1.0,0.009950248756218905,,,True,2,0.19829869642853737,0.005779019091278315,0.002523149363696575,0.18999652797356248,0.002640265040099621,0.01135704293847084,0.001593046821653843,0.21389085426926613
tier_10k,4000,1_1438042987127.36_20150728002307-00050-ip-10-236-191-2_732552166_0.csv,0,40,10.0,0.15,4000,1,1304,400,False,False,False,400,0,400,1.0,0.004987531172069825,,,True,2,0.19829869642853737,0.005779019091278315,0.002523149363696575,0.18999652797356248,0.002701063174754381,0.022473220713436604,0.0017873458564281464,0.22526252269744873
tier_10k,4000,1_1438042987127.36_20150728002307-00050-ip-10-236-191-2_732552166_0.csv,0,40,15.0,0.15,4000,1,1304,600,False,False,False,600,0,600,1.0,0.0033277870216306157,,,True,2,0.19829869642853737,0.005779019091278315,0.002523149363696575,0.18999652797356248,0.0027644247747957706,0.03353355498984456,0.0022892779670655727,0.2368879085406661
tier_10k,4000,1_1438042987127.36_20150728002307-00050-ip-10-236-191-2_732552166_0.csv,0,40,20.0,0.15,4000,1,1304,800,False,False,False,800,0,800,1.0,0.0022471910112359553,,,True,2,0.19829869642853737,0.005779019091278315,0.002523149363696575,0.18999652797356248,0.002856014296412468,0.03261779714375734,0.002271575853228569,0.2360458024777472
tier_10k,4000,1_1438042987127.36_20150728002307-00050-ip-10-236-191-2_732552166_0.csv,0,50,5.0,0.15,4000,1,1304,250,False,False,False,250,0,250,1.0,0.00796812749003984,,,True,2,0.19829869642853737,0.005779019091278315,0.002523149363696575,0.18999652797356248,0.001957155764102936,0.010802326258271933,0.0015270868316292763,0.21258695237338543
tier_10k,4000,1_1438042987127.36_20150728002307-00050-ip-10-236-191-2_732552166_0.csv,0,50,10.0,0.15,4000,1,1304,500,False,False,False,500,0,500,1.0,0.003992015968063872,,,True,2,0.19829869642853737,0.005779019091278315,0.002523149363696575,0.18999652797356248,0.0022408575750887394,0.020796913653612137,0.0017474833875894547,0.22308564744889736
tier_10k,4000,1_1438042987127.36_20150728002307-00050-ip-10-236-191-2_732552166_0.csv,0,50,15.0,0.15,4000,1,1304,750,False,False,False,750,0,750,1.0,0.00245398773006135,,,True,2,0.19829869642853737,0.005779019091278315,0.002523149363696575,0.18999652797356248,0.002082045190036297,0.030336312018334866,0.002160328906029463,0.23287902167066932
tier_10k,4000,1_1438042987127.36_20150728002307-00050-ip-10-236-191-2_732552166_0.csv,0,50,20.0,0.15,4000,1,1304,1000,False,False,False,1000,0,1000,1.0,0.0016116035455278,,,True,2,0.19829869642853737,0.005779019091278315,0.002523149363696575,0.18999652797356248,0.002206625882536173,0.03891728213056922,0.0027543827891349792,0.24217861611396074
tier_10k,4000,1_1438042987127.36_20150728002307-00263-ip-10-236-191-2_379683688_1.csv,0,10,5.0,0.15,4000,8,1248,50,False,False,False,50,0,50,0.16666666666666666,0.031746031746031744,,,True,2,0.15393003076314926,0.006421441677957773,0.0020319102331995964,0.1454766788519919,0.0017496836371719837,0.002839017193764448,0.0018538078293204308,0.1603745138272643
tier_10k,4000,1_1438042987127.36_20150728002307-00263-ip-10-236-191-2_379683688_1.csv,0,10,10.0,0.15,4000,8,1248,100,False,False,False,100,0,100,0.16666666666666666,0.017699115044247787,,,True,2,0.15393003076314926,0.006421441677957773,0.0020319102331995964,0.1454766788519919,0.0018664863891899586,0.0057676369324326515,0.0011344109661877155,0.16270026238635182
tier_10k,4000,1_1438042987127.36_20150728002307-00263-ip-10-236-191-2_379683688_1.csv,0,10,15.0,0.15,4000,8,1248,150,False,False,False,150,0,150,0.16666666666666666,0.010638297872340425,,,True,2,0.15393003076314926,0.006421441677957773,0.0020319102331995964,0.1454766788519919,0.0018926020711660385,0.008331954013556242,0.0012941677123308182,0.16545015387237072
tier_10k,4000,1_1438042987127.36_20150728002307-00263-ip-10-236-191-2_379683688_1.csv,0,10,20.0,0.15,4000,8,1248,200,False,False,False,200,0,200,0.16666666666666666,0.0076045627376425855,,,True,2,0.15393003076314926,0.006421441677957773,0.0020319102331995964,0.1454766788519919,0.0018038591369986534,0.010910484939813614,0.001437353901565075,0.16808321652933955
tier_10k,4000,1_1438042987127.36_20150728002307-00263-ip-10-236-191-2_379683688_1.csv,0,20,5.0,0.15,4000,8,1248,100,False,False,False,100,0,100,0.16666666666666666,0.017699115044247787,,,True,2,0.15393003076314926,0.006421441677957773,0.0020319102331995964,0.1454766788519919,0.0017857509665191174,0.005515570752322674,0.0010152263566851616,0.16224804893136024
tier_10k,4000,1_1438042987127.36_20150728002307-00263-ip-10-236-191-2_379683688_1.csv,0,20,10.0,0.15,4000,8,1248,200,False,False,False,200,0,200,0.16666666666666666,0.0076045627376425855,,,True,2,0.15393003076314926,0.006421441677957773,0.0020319102331995964,0.1454766788519919,0.0017786389216780663,0.010897567961364985,0.0011737127788364887,0.1677812677808106
tier_10k,4000,1_1438042987127.36_20150728002307-00263-ip-10-236-191-2_379683688_1.csv,0,20,15.0,0.15,4000,8,1248,300,False,False,False,300,0,300,0.16666666666666666,0.0044444444444444444,,,True,2,0.15393003076314926,0.006421441677957773,0.0020319102331995964,0.1454766788519919,0.0018200036138296127,0.016379734966903925,0.0015987493097782135,0.17373001854866743
tier_10k,4000,1_1438042987127.36_20150728002307-00263-ip-10-236-191-2_379683688_1.csv,0,20,20.0,0.15,4000,8,1248,400,False,False,False,400,0,400,0.16666666666666666,0.002909090909090909,,,True,2,0.15393003076314926,0.006421441677957773,0.0020319102331995964,0.1454766788519919,0.0018528522923588753,0.0216931807808578,0.001906322780996561,0.17938394285738468
tier_10k,4000,1_1438042987127.36_20150728002307-00263-ip-10-236-191-2_379683688_1.csv,0,30,5.0,0.15,4000,8,1248,150,False,False,False,150,0,150,0.16666666666666666,0.010638297872340425,,,True,2,0.15393003076314926,0.006421441677957773,0.0020319102331995964,0.1454766788519919,0.0018108878284692764,0.008260868955403566,0.0013998150825500488,0.1654031896032393
tier_10k,4000,1_1438042987127.36_20150728002307-00263-ip-10-236-191-2_379683688_1.csv,0,30,10.0,0.15,4000,8,1248,300,False,False,False,300,0,300,0.16666666666666666,0.0044444444444444444,,,True,2,0.15393003076314926,0.006421441677957773,0.0020319102331995964,0.1454766788519919,0.001840813085436821,0.016428669914603233,0.0015422683209180832,0.1737432749941945
tier_10k,4000,1_1438042987127.36_20150728002307-00263-ip-10-236-191-2_379683688_1.csv,0,30,15.0,0.15,4000,8,1248,450,False,False,False,450,0,450,0.16666666666666666,0.0024615384615384616,,,True,2,0.15393003076314926,0.006421441677957773,0.0020319102331995964,0.1454766788519919,0.0018945150077342987,0.024039234966039658,0.0015727798454463482,0.1814381624571979
tier_10k,4000,1_1438042987127.36_20150728002307-00263-ip-10-236-191-2_379683688_1.csv,0,30,20.0,0.15,4000,8,1248,600,False,False,False,600,0,600,0.16666666666666666,0.0016155088852988692,,,True,2,0.15393003076314926,0.006421441677957773,0.0020319102331995964,0.1454766788519919,0.002138854004442692,0.03235112875699997,0.002006980124861002,0.1904287119396031
tier_10k,4000,1_1438042987127.36_20150728002307-00263-ip-10-236-191-2_379683688_1.csv,0,40,5.0,0.15,4000,8,1248,200,False,False,False,200,0,200,0.16666666666666666,0.0076045627376425855,,,True,2,0.15393003076314926,0.006421441677957773,0.0020319102331995964,0.1454766788519919,0.001988678704947233,0.011653963942080736,0.0014285738579928875,0.1690029939636588
tier_10k,4000,1_1438042987127.36_20150728002307-00263-ip-10-236-191-2_379683688_1.csv,0,40,10.0,0.15,4000,8,1248,400,False,False,False,400,0,400,0.16666666666666666,0.002909090909090909,,,True,2,0.15393003076314926,0.006421441677957773,0.0020319102331995964,0.1454766788519919,0.0020394818857312202,0.022257700096815825,0.001553914975374937,0.17978293634951115
tier_10k,4000,1_1438042987127.36_20150728002307-00263-ip-10-236-191-2_379683688_1.csv,0,40,15.0,0.15,4000,8,1248,600,False,False,False,600,0,600,0.16666666666666666,0.0016155088852988692,,,True,2,0.15393003076314926,0.006421441677957773,0.0020319102331995964,0.1454766788519919,0.0019043469801545143,0.031584735959768295,0.0018693418242037296,0.1892899638041854
tier_10k,4000,1_1438042987127.36_20150728002307-00263-ip-10-236-191-2_379683688_1.csv,0,40,20.0,0.15,4000,8,1248,800,False,False,False,800,0,800,0.16666666666666666,0.0010067958721369243,,,True,2,0.15393003076314926,0.006421441677957773,0.0020319102331995964,0.1454766788519919,0.0019796020351350307,0.04211593419313431,0.002208448015153408,0.20023553865030408
tier_10k,4000,1_1438042987127.36_20150728002307-00263-ip-10-236-191-2_379683688_1.csv,0,50,5.0,0.15,4000,8,1248,250,False,False,False,250,0,250,0.16666666666666666,0.005714285714285714,,,True,2,0.15393003076314926,0.006421441677957773,0.0020319102331995964,0.1454766788519919,0.0018151779659092426,0.013878719881176949,0.0014418596401810646,0.1710671759210527
tier_10k,4000,1_1438042987127.36_20150728002307-00263-ip-10-236-191-2_379683688_1.csv,0,50,10.0,0.15,4000,8,1248,500,False,False,False,500,0,500,0.16666666666666666,0.0021321961620469083,,,True,2,0.15393003076314926,0.006421441677957773,0.0020319102331995964,0.1454766788519919,0.001888098195195198,0.02682854700833559,0.0018238010816276073,0.1844719536602497
tier_10k,4000,1_1438042987127.36_20150728002307-00263-ip-10-236-191-2_379683688_1.csv,0,50,15.0,0.15,4000,8,1248,750,False,False,False,750,0,750,0.16666666666666666,0.0011270780501549732,,,True,2,0.15393003076314926,0.006421441677957773,0.0020319102331995964,0.1454766788519919,0.0021609938703477383,0.039809824898839,0.002070716116577387,0.19797310652211308
tier_10k,4000,1_1438042987127.36_20150728002307-00263-ip-10-236-191-2_379683688_1.csv,0,50,20.0,0.15,4000,8,1248,1000,False,False,False,1000,0,1000,0.16666666666666666,0.0006449532408900354,,,True,2,0.15393003076314926,0.006421441677957773,0.0020319102331995964,0.1454766788519919,0.0020617633126676083,0.05203565722331405,0.002685850951820612,0.21071477374061942
tier_10k,4000,1_1438042990112.50_20150728002310-00139-ip-10-236-191-2_473436377_9.csv,1,10,5.0,0.15,4000,138,1060,50,False,True,True,50,10,50,0.6666666666666666,0.9230769230769231,0.8636363636363636,36.741006672382355,True,2,0.12771425303071737,0.006188323721289635,0.0020359810441732407,0.1194899482652545,0.0015907003544270992,0.004024317022413015,0.004397308919578791,0.13772880798205733
tier_10k,4000,1_1438042990112.50_20150728002310-00139-ip-10-236-191-2_473436377_9.csv,1,10,10.0,0.15,4000,138,1060,100,False,True,True,100,10,100,0.6666666666666666,0.6570605187319885,0.7654320987654321,37.797673881053925,True,3,0.12771425303071737,0.006188323721289635,0.0020359810441732407,0.1194899482652545,0.002129209227859974,0.0088343839161098,0.003263263963162899,0.1419427702203393
tier_10k,4000,1_1438042990112.50_20150728002310-00139-ip-10-236-191-2_473436377_9.csv,1,10,15.0,0.15,4000,138,1060,150,False,True,True,150,10,150,0.6666666666666666,0.48723404255319147,0.7654320987654321,37.797673881053925,True,3,0.12771425303071737,0.006188323721289635,0.0020359810441732407,0.1194899482652545,0.0021356968209147453,0.012748415116220713,0.0037262518890202045,0.14632626017555594
tier_10k,4000,1_1438042990112.50_20150728002310-00139-ip-10-236-191-2_473436377_9.csv,1,10,20.0,0.15,4000,138,1060,200,False,True,True,200,10,200,0.6666666666666666,0.36935483870967745,0.7654320987654321,37.797673881053925,True,3,0.12771425303071737,0.006188323721289635,0.0020359810441732407,0.1194899482652545,0.0021598790772259235,0.01627841591835022,0.004512129817157984,0.1506664832122624
tier_10k,4000,1_1438042990112.50_20150728002310-00139-ip-10-236-191-2_473436377_9.csv,1,20,5.0,0.15,4000,138,1060,100,False,True,True,100,20,100,0.6666666666666666,0.6570605187319885,0.8582089552238806,71.47596603631973,True,3,0.12771425303071737,0.006188323721289635,0.0020359810441732407,0.1194899482652545,0.002108639106154442,0.00878875283524394,0.0033844090066850185,0.14199778297916055
tier_10k,4000,1_1438042990112.50_20150728002310-00139-ip-10-236-191-2_473436377_9.csv,1,20,10.0,0.15,4000,138,1060,200,False,True,True,200,20,200,0.6666666666666666,0.36935483870967745,0.8333333333333334,71.57804268598557,True,3,0.12771425303071737,0.006188323721289635,0.0020359810441732407,0.1194899482652545,0.002161168958991766,0.016326074954122305,0.004258785862475634,0.1504618893377483
tier_10k,4000,1_1438042990112.50_20150728002310-00139-ip-10-236-191-2_473436377_9.csv,1,20,15.0,0.15,4000,138,1060,300,False,True,True,300,20,300,0.6666666666666666,0.2313131313131313,0.7131782945736435,72.2776153087616,True,3,0.12771425303071737,0.006188323721289635,0.0020359810441732407,0.1194899482652545,0.0021952949464321136,0.02380116144195199,0.0043953037820756435,0.1581077016890049
tier_10k,4000,1_1438042990112.50_20150728002310-00139-ip-10-236-191-2_473436377_9.csv,1,20,20.0,0.15,4000,138,1060,400,False,True,True,400,20,400,0.6666666666666666,0.16104078762306612,0.5954198473282443,73.07720148563385,True,3,0.12771425303071737,0.006188323721289635,0.0020359810441732407,0.1194899482652545,0.002258053980767727,0.031850799918174744,0.005085724871605635,0.16691055987030268
tier_10k,4000,1_1438042990112.50_20150728002310-00139-ip-10-236-191-2_473436377_9.csv,1,30,5.0,0.15,4000,138,1060,150,False,True,True,150,30,150,0.6666666666666666,0.48723404255319147,0.8285714285714286,104.10648143291473,True,3,0.12771425303071737,0.006188323721289635,0.0020359810441732407,0.1194899482652545,0.0021804124116897583,0.012973828241229057,0.004340593237429857,0.14721092581748962
tier_10k,4000,1_1438042990112.50_20150728002310-00139-ip-10-236-191-2_473436377_9.csv,1,30,10.0,0.15,4000,138,1060,300,False,True,True,300,30,300,0.6666666666666666,0.2313131313131313,0.7041420118343196,105.44224989414215,True,3,0.12771425303071737,0.006188323721289635,0.0020359810441732407,0.1194899482652545,0.0022278777323663235,0.023522553965449333,0.0044076270423829556,0.15787403611466289
tier_10k,4000,1_1438042990112.50_20150728002310-00139-ip-10-236-191-2_473436377_9.csv,1,30,15.0,0.15,4000,138,1060,450,False,True,True,450,30,450,0.6666666666666666,0.13703484937979918,0.5317919075144508,107.14083451032639,True,2,0.12771425303071737,0.006188323721289635,0.0020359810441732407,0.1194899482652545,0.0017622183077037334,0.03606905695050955,0.0056248800829052925,0.17117250431329012
tier_10k,4000,1_1438042990112.50_20150728002310-00139-ip-10-236-191-2_473436377_9.csv,1,30,20.0,0.15,4000,138,1060,600,False,True,True,600,30,600,0.6666666666666666,0.09206349206349207,0.3870967741935484,110.1723040342331,True,2,0.12771425303071737,0.006188323721289635,0.0020359810441732407,0.1194899482652545,0.0018674167804419994,0.04482090566307306,0.00648246705532074,0.18088683485984802
tier_10k,4000,1_1438042990112.50_20150728002310-00139-ip-10-236-191-2_473436377_9.csv,1,40,5.0,0.15,4000,138,1060,200,False,True,True,200,40,200,0.6666666666666666,0.36935483870967745,0.8029556650246306,135.07067131996155,True,3,0.12771425303071737,0.006188323721289635,0.0020359810441732407,0.1194899482652545,0.0022857659496366978,0.016493084840476513,0.004488672129809856,0.15098382299765944
tier_10k,4000,1_1438042990112.50_20150728002310-00139-ip-10-236-191-2_473436377_9.csv,1,40,10.0,0.15,4000,138,1060,400,False,True,True,400,40,400,0.6666666666666666,0.16104078762306612,0.5492957746478874,140.1144381761551,True,3,0.12771425303071737,0.006188323721289635,0.0020359810441732407,0.1194899482652545,0.0023489496670663357,0.031159453094005585,0.005440263077616692,0.16666500084102154
tier_10k,4000,1_1438042990112.50_20150728002310-00139-ip-10-236-191-2_473436377_9.csv,1,40,15.0,0.15,4000,138,1060,600,False,True,True,600,40,600,0.6666666666666666,0.09206349206349207,0.3829787234042553,144.1893888115883,True,2,0.12771425303071737,0.006188323721289635,0.0020359810441732407,0.1194899482652545,0.003254563082009554,0.04878199892118573,0.008310259319841862,0.18806346878409386
tier_10k,4000,1_1438042990112.50_20150728002310-00139-ip-10-236-191-2_473436377_9.csv,1,40,20.0,0.15,4000,138,1060,800,False,True,True,800,40,800,0.6666666666666666,0.054639660857277436,0.23048327137546468,146.84655219316483,True,2,0.12771425303071737,0.006188323721289635,0.0020359810441732407,0.1194899482652545,0.003098137676715851,0.06017843401059508,0.008910777978599072,0.19990367908030748
tier_10k,4000,1_1438042990112.50_20150728002310-00139-ip-10-236-191-2_473436377_9.csv,1,50,5.0,0.15,4000,138,1060,250,False,True,True,250,50,250,0.6666666666666666,0.289873417721519,0.729957805907173,166.51146614551544,True,3,0.12771425303071737,0.006188323721289635,0.0020359810441732407,0.1194899482652545,0.003699896391481161,0.02056469488888979,0.004248001147061586,0.15622908202931285
tier_10k,4000,1_1438042990112.50_20150728002310-00139-ip-10-236-191-2_473436377_9.csv,1,50,10.0,0.15,4000,138,1060,500,False,True,True,500,50,500,0.6666666666666666,0.11940298507462686,0.50199203187251,174.01954740285873,True,2,0.12771425303071737,0.006188323721289635,0.0020359810441732407,0.1194899482652545,0.0028984127566218376,0.04065356217324734,0.006591663230210543,0.17786011938005686
tier_10k,4000,1_1438042990112.50_20150728002310-00139-ip-10-236-191-2_473436377_9.csv,1,50,15.0,0.15,4000,138,1060,750,False,True,True,750,50,750,0.6666666666666666,0.062248457204185675,0.2912621359223301,180.10975688695908,True,2,0.12771425303071737,0.006188323721289635,0.0020359810441732407,0.1194899482652545,0.003031926229596138,0.05741147790104151,0.00772032281383872,0.19588018162176013
tier_10k,4000,1_1438042990112.50_20150728002310-00139-ip-10-236-191-2_473436377_9.csv,1,50,20.0,0.15,4000,138,1060,1000,False,True,True,1000,50,1000,0.6666666666666666,0.026327734906945077,0.25970149253731345,181.37065410614014,True,2,0.12771425303071737,0.006188323721289635,0.0020359810441732407,0.1194899482652545,0.003248973749577999,0.07871521776542068,0.010156492237001657,0.21983761386945844
tier_10k,4000,1_1438042987127.36_20150728002307-00017-ip-10-236-191-2_861030184_5.csv,1,10,5.0,0.15,4000,6,1200,50,False,True,True,50,10,50,1.0,0.08130081300813008,0.36363636363636365,27.444737136363983,True,3,0.1341826138086617,0.006038509774953127,0.0018074321560561657,0.1263366718776524,0.002317406702786684,0.002847501076757908,0.0037310649640858173,0.14308074675500393
tier_10k,4000,1_1438042987127.36_20150728002307-00017-ip-10-236-191-2_861030184_5.csv,1,10,10.0,0.15,4000,6,1200,100,False,True,True,100,10,100,1.0,0.04484304932735426,0.36363636363636365,27.90684884786606,True,3,0.1341826138086617,0.006038509774953127,0.0018074321560561657,0.1263366718776524,0.004324040841311216,0.008145174942910671,0.0035335072316229343,0.15018749190494418
tier_10k,4000,1_1438042987127.36_20150728002307-00017-ip-10-236-191-2_861030184_5.csv,1,10,15.0,0.15,4000,6,1200,150,False,True,True,150,10,150,1.0,0.031791907514450865,0.36363636363636365,27.99762499332428,True,2,0.1341826138086617,0.006038509774953127,0.0018074321560561657,0.1263366718776524,0.003238172736018896,0.01103026419878006,0.003792284056544304,0.15224545216187835
tier_10k,4000,1_1438042987127.36_20150728002307-00017-ip-10-236-191-2_861030184_5.csv,1,10,20.0,0.15,4000,6,1200,200,False,True,True,200,10,200,1.0,0.02466367713004484,0.36363636363636365,28.108875274658203,True,2,0.1341826138086617,0.006038509774953127,0.0018074321560561657,0.1263366718776524,0.0032486803829669952,0.014261793345212936,0.004883522167801857,0.1565786525607109
tier_10k,4000,1_1438042987127.36_20150728002307-00017-ip-10-236-191-2_861030184_5.csv,1,20,5.0,0.15,4000,6,1200,100,False,True,True,100,20,100,1.0,0.04484304932735426,0.19047619047619047,54.13467347621918,True,3,0.1341826138086617,0.006038509774953127,0.0018074321560561657,0.1263366718776524,0.004255870822817087,0.007212580181658268,0.003610423766076565,0.14926389278844
tier_10k,4000,1_1438042987127.36_20150728002307-00017-ip-10-236-191-2_861030184_5.csv,1,20,10.0,0.15,4000,6,1200,200,False,True,True,200,20,200,1.0,0.02466367713004484,0.19047619047619047,54.76948994398117,True,2,0.1341826138086617,0.006038509774953127,0.0018074321560561657,0.1263366718776524,0.003242451697587967,0.01495561096817255,0.004815101157873869,0.15719797369092703
tier_10k,4000,1_1438042987127.36_20150728002307-00017-ip-10-236-191-2_861030184_5.csv,1,20,15.0,0.15,4000,6,1200,300,False,True,True,300,20,300,1.0,0.017027863777089782,0.19047619047619047,55.108432590961456,True,2,0.1341826138086617,0.006038509774953127,0.0018074321560561657,0.1263366718776524,0.003279152326285839,0.018864788115024567,0.006144135259091854,0.1624729665927589
tier_10k,4000,1_1438042987127.36_20150728002307-00017-ip-10-236-191-2_861030184_5.csv,1,20,20.0,0.15,4000,6,1200,400,False,True,True,400,20,400,1.0,0.013002364066193853,0.19047619047619047,55.31422162055969,True,2,0.1341826138086617,0.006038509774953127,0.0018074321560561657,0.1263366718776524,0.0035009789280593395,0.024647475220263004,0.007426479831337929,0.16976028587669134
tier_10k,4000,1_1438042987127.36_20150728002307-00017-ip-10-236-191-2_861030184_5.csv,1,30,5.0,0.15,4000,6,1200,150,False,False,False,150,0,150,1.0,0.031791907514450865,,,True,2,0.1341826138086617,0.006038509774953127,0.0018074321560561657,0.1263366718776524,0.003274247981607914,0.009570511989295483,0.0013696220703423023,0.14839916303753853
tier_10k,4000,1_1438042987127.36_20150728002307-00017-ip-10-236-191-2_861030184_5.csv,1,30,10.0,0.15,4000,6,1200,300,False,False,False,300,0,300,1.0,0.017027863777089782,,,True,2,0.1341826138086617,0.006038509774953127,0.0018074321560561657,0.1263366718776524,0.002032515127211809,0.017260539811104536,0.001490917056798935,0.15496809547767043
tier_10k,4000,1_1438042987127.36_20150728002307-00017-ip-10-236-191-2_861030184_5.csv,1,30,15.0,0.15,4000,6,1200,450,False,False,False,450,0,450,1.0,0.011627906976744186,,,True,2,0.1341826138086617,0.006038509774953127,0.0018074321560561657,0.1263366718776524,0.0018720319494605064,0.02582636894658208,0.001791300717741251,0.1636739717796445
tier_10k,4000,1_1438042987127.36_20150728002307-00017-ip-10-236-191-2_861030184_5.csv,1,30,20.0,0.15,4000,6,1200,600,False,False,False,600,0,600,1.0,0.00882825040128411,,,True,2,0.1341826138086617,0.006038509774953127,0.0018074321560561657,0.1263366718776524,0.0018787244334816933,0.03428487805649638,0.0017868280410766602,0.17213461687788367
tier_10k,4000,1_1438042987127.36_20150728002307-00017-ip-10-236-191-2_861030184_5.csv,1,40,5.0,0.15,4000,6,1200,200,False,False,False,200,0,200,1.0,0.02466367713004484,,,True,2,0.1341826138086617,0.006038509774953127,0.0018074321560561657,0.1263366718776524,0.0018040216527879238,0.011914331931620836,0.0013977689668536186,0.14930024091154337
tier_10k,4000,1_1438042987127.36_20150728002307-00017-ip-10-236-191-2_861030184_5.csv,1,40,10.0,0.15,4000,6,1200,400,False,False,False,400,0,400,1.0,0.013002364066193853,,,True,2,0.1341826138086617,0.006038509774953127,0.0018074321560561657,0.1263366718776524,0.002034141216427088,0.023452927824109793,0.0015476630069315434,0.16121895052492619
tier_10k,4000,1_1438042987127.36_20150728002307-00017-ip-10-236-191-2_861030184_5.csv,1,40,15.0,0.15,4000,6,1200,600,False,False,False,600,0,600,1.0,0.00882825040128411,,,True,2,0.1341826138086617,0.006038509774953127,0.0018074321560561657,0.1263366718776524,0.001940375193953514,0.03635216597467661,0.0018499637953937054,0.17432667268440127
tier_10k,4000,1_1438042987127.36_20150728002307-00017-ip-10-236-191-2_861030184_5.csv,1,40,20.0,0.15,4000,6,1200,800,False,False,False,800,0,800,1.0,0.006027397260273973,,,True,2,0.1341826138086617,0.006038509774953127,0.0018074321560561657,0.1263366718776524,0.002157987095415592,0.046211632899940014,0.0023119947873055935,0.18486580392345786
tier_10k,4000,1_1438042987127.36_20150728002307-00017-ip-10-236-191-2_861030184_5.csv,1,50,5.0,0.15,4000,6,1200,250,False,False,False,250,0,250,1.0,0.020146520146520148,,,True,2,0.1341826138086617,0.006038509774953127,0.0018074321560561657,0.1263366718776524,0.0018339972011744976,0.01420486019924283,0.0012517827562987804,0.15147471707314253
tier_10k,4000,1_1438042987127.36_20150728002307-00017-ip-10-236-191-2_861030184_5.csv,1,50,10.0,0.15,4000,6,1200,500,False,False,False,500,0,500,1.0,0.010516252390057362,,,True,2,0.1341826138086617,0.006038509774953127,0.0018074321560561657,0.1263366718776524,0.0020803306251764297,0.028535529039800167,0.001746657770127058,0.16654680063948035
tier_10k,4000,1_1438042987127.36_20150728002307-00017-ip-10-236-191-2_861030184_5.csv,1,50,15.0,0.15,4000,6,1200,750,False,False,False,750,0,750,1.0,0.006567164179104477,,,True,2,0.1341826138086617,0.006038509774953127,0.0018074321560561657,0.1263366718776524,0.0019260100089013577,0.04244013596326113,0.0022264020517468452,0.18077675765380263
tier_10k,4000,1_1438042987127.36_20150728002307-00017-ip-10-236-191-2_861030184_5.csv,1,50,20.0,0.15,4000,6,1200,1000,False,False,False,1000,0,1000,1.0,0.004322200392927309,,,True,2,0.1341826138086617,0.006038509774953127,0.0018074321560561657,0.1263366718776524,0.0022236229851841927,0.053708784747868776,0.0026195277459919453,0.19273616094142199
tier_10k,5000,0_1438042988458.74_20150728002308-00103-ip-10-236-191-2_666285279_1.csv,0,10,5.0,0.15,5000,24,1474,50,False,True,True,50,10,50,0.125,0.1476510067114094,0.1590909090909091,34.64691287279129,True,3,0.17390313278883696,0.007364955730736256,0.0023561990819871426,0.16418197797611356,0.00279691768810153,0.004705822095274925,0.0057308003306388855,0.18713890109211206
tier_10k,5000,0_1438042988458.74_20150728002308-00103-ip-10-236-191-2_666285279_1.csv,0,10,10.0,0.15,5000,24,1474,100,False,True,True,100,10,100,0.125,0.08856088560885608,0.1509433962264151,35.512703478336334,True,2,0.17390313278883696,0.007364955730736256,0.0023561990819871426,0.16418197797611356,0.003901270218193531,0.011225772090256214,0.005736539140343666,0.19476886373013258
tier_10k,5000,0_1438042988458.74_20150728002308-00103-ip-10-236-191-2_666285279_1.csv,0,10,15.0,0.15,5000,24,1474,150,False,True,True,150,10,150,0.125,0.05867970660146699,0.1509433962264151,35.61760026216507,True,2,0.17390313278883696,0.007364955730736256,0.0023561990819871426,0.16418197797611356,0.003885936923325062,0.01369584584608674,0.006798754911869764,0.19828578364104033
tier_10k,5000,0_1438042988458.74_20150728002308-00103-ip-10-236-191-2_666285279_1.csv,0,10,20.0,0.15,5000,24,1474,200,False,True,True,200,10,200,0.125,0.04293381037567084,0.1509433962264151,35.70362859964371,True,2,0.17390313278883696,0.007364955730736256,0.0023561990819871426,0.16418197797611356,0.0038914689794182777,0.017812333069741726,0.012730229645967484,0.20833944575861096
tier_10k,5000,0_1438042988458.74_20150728002308-00103-ip-10-236-191-2_666285279_1.csv,0,20,5.0,0.15,5000,24,1474,100,False,True,True,100,20,100,0.125,0.08856088560885608,0.1518987341772152,65.65080457925797,True,2,0.17390313278883696,0.007364955730736256,0.0023561990819871426,0.16418197797611356,0.0023262850008904934,0.009611268993467093,0.004255087114870548,0.19009750476107
tier_10k,5000,0_1438042988458.74_20150728002308-00103-ip-10-236-191-2_666285279_1.csv,0,20,10.0,0.15,5000,24,1474,200,False,True,True,200,20,200,0.125,0.04293381037567084,0.15,66.10266065597534,True,2,0.17390313278883696,0.007364955730736256,0.0023561990819871426,0.16418197797611356,0.003891113679856062,0.01897034700959921,0.00439412472769618,0.2011609487235546
tier_10k,5000,0_1438042988458.74_20150728002308-00103-ip-10-236-191-2_666285279_1.csv,0,20,15.0,0.15,5000,24,1474,300,False,True,True,300,20,300,0.125,0.02569593147751606,0.15,66.10266065597534,True,2,0.17390313278883696,0.007364955730736256,0.0023561990819871426,0.16418197797611356,0.003950323909521103,0.0271819569170475,0.004983561113476753,0.21002128953114152
tier_10k,5000,0_1438042988458.74_20150728002308-00103-ip-10-236-191-2_666285279_1.csv,0,20,20.0,0.15,5000,24,1474,400,False,True,True,400,20,400,0.125,0.01741654571843251,0.15,66.10266065597534,True,2,0.17390313278883696,0.007364955730736256,0.0023561990819871426,0.16418197797611356,0.004303877241909504,0.03576967678964138,0.005997645203024149,0.219976712949574
tier_10k,5000,0_1438042988458.74_20150728002308-00103-ip-10-236-191-2_666285279_1.csv,0,30,5.0,0.15,5000,24,1474,150,False,True,True,150,30,150,0.125,0.05867970660146699,0.15,88.05993297696114,True,2,0.17390313278883696,0.007364955730736256,0.0023561990819871426,0.16418197797611356,0.003951905760914087,0.015581110958009958,0.010417508892714977,0.20385606214404106
tier_10k,5000,0_1438042988458.74_20150728002308-00103-ip-10-236-191-2_666285279_1.csv,0,30,10.0,0.15,5000,24,1474,300,False,True,True,300,30,300,0.125,0.02569593147751606,0.1509433962264151,88.24963530898094,True,2,0.17390313278883696,0.007364955730736256,0.0023561990819871426,0.16418197797611356,0.003903623204678297,0.02746475301682949,0.03572623757645488,0.2410002197138965
tier_10k,5000,0_1438042988458.74_20150728002308-00103-ip-10-236-191-2_666285279_1.csv,0,30,15.0,0.15,5000,24,1474,450,False,True,True,450,30,450,0.125,0.014742014742014743,0.1509433962264151,88.24963530898094,True,2,0.17390313278883696,0.007364955730736256,0.0023561990819871426,0.16418197797611356,0.0027529336512088776,0.041012699250131845,0.07522089639678597,0.2928919745609164
tier_10k,5000,0_1438042988458.74_20150728002308-00103-ip-10-236-191-2_666285279_1.csv,0,30,20.0,0.15,5000,24,1474,600,False,True,True,600,30,600,0.125,0.01001669449081803,0.1509433962264151,88.24963530898094,True,2,0.17390313278883696,0.007364955730736256,0.0023561990819871426,0.16418197797611356,0.0033451849594712257,0.0689117950387299,0.0443755891174078,0.29053820250555873
tier_10k,5000,0_1438042988458.74_20150728002308-00103-ip-10-236-191-2_666285279_1.csv,0,40,5.0,0.15,5000,24,1474,200,False,True,True,200,40,200,0.125,0.04293381037567084,0.15079365079365079,109.98279809951782,True,2,0.17390313278883696,0.007364955730736256,0.0023561990819871426,0.16418197797611356,0.0031392439268529415,0.024711650796234608,0.09846574999392033,0.3002220927737653
tier_10k,5000,0_1438042988458.74_20150728002308-00103-ip-10-236-191-2_666285279_1.csv,0,40,10.0,0.15,5000,24,1474,400,False,True,True,400,40,400,0.125,0.01741654571843251,0.15079365079365079,109.98279809951782,True,2,0.17390313278883696,0.007364955730736256,0.0023561990819871426,0.16418197797611356,0.0037942607887089252,0.04216436902061105,0.20199453318491578,0.42185908183455467
tier_10k,5000,0_1438042988458.74_20150728002308-00103-ip-10-236-191-2_666285279_1.csv,0,40,15.0,0.15,5000,24,1474,600,False,True,True,600,40,600,0.125,0.01001669449081803,0.15079365079365079,109.98279809951782,True,2,0.17390313278883696,0.007364955730736256,0.0023561990819871426,0.16418197797611356,0.004849057644605637,0.06386767979711294,0.09642043616622686,0.3390437327325344
tier_10k,5000,0_1438042988458.74_20150728002308-00103-ip-10-236-191-2_666285279_1.csv,0,40,20.0,0.15,5000,24,1474,800,False,True,True,800,40,800,0.125,0.006546644844517185,0.15079365079365079,109.98279809951782,True,2,0.17390313278883696,0.007364955730736256,0.0023561990819871426,0.16418197797611356,0.0028983689844608307,0.06618040800094604,0.057864884845912457,0.3008492309600115
tier_10k,5000,0_1438042988458.74_20150728002308-00103-ip-10-236-191-2_666285279_1.csv,0,50,5.0,0.15,5000,24,1474,250,False,False,False,250,0,250,0.125,0.0326975476839237,,,True,2,0.17390313278883696,0.007364955730736256,0.0023561990819871426,0.16418197797611356,0.0026752077974379063,0.023610644973814487,0.001344424206763506,0.20153575902804732
tier_10k,5000,0_1438042988458.74_20150728002308-00103-ip-10-236-191-2_666285279_1.csv,0,50,10.0,0.15,5000,24,1474,500,False,False,False,500,0,500,0.125,0.012779552715654952,,,True,2,0.17390313278883696,0.007364955730736256,0.0023561990819871426,0.16418197797611356,0.0024316422641277313,0.04262222209945321,0.0018032570369541645,0.22076186956837773
tier_10k,5000,0_1438042988458.74_20150728002308-00103-ip-10-236-191-2_666285279_1.csv,0,50,15.0,0.15,5000,24,1474,750,False,False,False,750,0,750,0.125,0.007237635705669481,,,True,2,0.17390313278883696,0.007364955730736256,0.0023561990819871426,0.16418197797611356,0.0023491578176617622,0.062067211139947176,0.0022897999733686447,0.24061095668002963
tier_10k,5000,0_1438042988458.74_20150728002308-00103-ip-10-236-191-2_666285279_1.csv,0,50,20.0,0.15,5000,24,1474,1000,False,False,False,1000,0,1000,0.125,0.004455997029335313,,,True,2,0.17390313278883696,0.007364955730736256,0.0023561990819871426,0.16418197797611356,0.002738581970334053,0.08587576868012547,0.002835812047123909,0.2653550887480378
tier_10k,5000,1_1438042987127.36_20150728002307-00144-ip-10-236-191-2_676020729_0.csv,1,10,5.0,0.15,5000,3484,3280,50,False,True,True,50,10,50,0.6,0.7806451612903226,0.8269230769230769,36.12818244099617,True,3,0.38603593269363046,0.009247393812984228,0.004972977098077536,0.3718155617825687,0.006943928077816963,0.009716042783111334,0.004253235179930925,0.40695173339918256
tier_10k,5000,1_1438042987127.36_20150728002307-00144-ip-10-236-191-2_676020729_0.csv,1,10,10.0,0.15,5000,3484,3280,100,False,True,True,100,10,100,0.6,0.6718146718146718,0.6923076923076923,39.139015913009644,True,2,0.38603593269363046,0.009247393812984228,0.004972977098077536,0.3718155617825687,0.008854066021740437,0.02025830978527665,0.00393114797770977,0.41908178152516484
tier_10k,5000,1_1438042987127.36_20150728002307-00144-ip-10-236-191-2_676020729_0.csv,1,10,15.0,0.15,5000,3484,3280,150,False,True,True,150,10,150,0.6,0.6451612903225806,0.6727272727272727,42.09442710876465,True,2,0.38603593269363046,0.009247393812984228,0.004972977098077536,0.3718155617825687,0.008238428272306919,0.029939427971839905,0.004523131065070629,0.4287393265403807
tier_10k,5000,1_1438042987127.36_20150728002307-00144-ip-10-236-191-2_676020729_0.csv,1,10,20.0,0.15,5000,3484,3280,200,False,True,True,200,10,200,0.6,0.6334371754932503,0.6727272727272727,42.97965270280838,True,2,0.38603593269363046,0.009247393812984228,0.004972977098077536,0.3718155617825687,0.008837607223540545,0.040106507018208504,0.0043422929011285305,0.43932483391836286
tier_10k,5000,1_1438042987127.36_20150728002307-00144-ip-10-236-191-2_676020729_0.csv,1,20,5.0,0.15,5000,3484,3280,100,False,True,True,100,20,100,0.6,0.6718146718146718,0.7432432432432432,71.21132788062096,True,2,0.38603593269363046,0.009247393812984228,0.004972977098077536,0.3718155617825687,0.008768011350184679,0.019828409887850285,0.003676172811537981,0.4183106403797865
tier_10k,5000,1_1438042987127.36_20150728002307-00144-ip-10-236-191-2_676020729_0.csv,1,20,10.0,0.15,5000,3484,3280,200,False,True,True,200,20,200,0.6,0.6334371754932503,0.6981132075471698,78.12124997377396,True,2,0.38603593269363046,0.009247393812984228,0.004972977098077536,0.3718155617825687,0.008661413099616766,0.039526762906461954,0.0043027265928685665,0.4385291235521436
tier_10k,5000,1_1438042987127.36_20150728002307-00144-ip-10-236-191-2_676020729_0.csv,1,20,15.0,0.15,5000,3484,3280,300,False,True,True,300,20,300,0.6,0.6220095693779905,0.6822429906542056,85.63316717743874,True,2,0.38603593269363046,0.009247393812984228,0.004972977098077536,0.3718155617825687,0.00869726063683629,0.061579649802297354,0.004360342863947153,0.46067540906369686
tier_10k,5000,1_1438042987127.36_20150728002307-00144-ip-10-236-191-2_676020729_0.csv,1,20,20.0,0.15,5000,3484,3280,400,False,True,True,400,20,400,0.6,0.608440797186401,0.6373626373626373,88.01377671957016,True,2,0.38603593269363046,0.009247393812984228,0.004972977098077536,0.3718155617825687,0.00902960542589426,0.08009591605514288,0.004958789795637131,0.4801225708797574
tier_10k,5000,1_1438042987127.36_20150728002307-00144-ip-10-236-191-2_676020729_0.csv,1,30,5.0,0.15,5000,3484,3280,150,False,True,True,150,30,150,0.6,0.6451612903225806,0.6666666666666666,108.47225546836853,True,2,0.38603593269363046,0.009247393812984228,0.004972977098077536,0.3718155617825687,0.008777644950896502,0.029701306018978357,0.003873152192682028,0.42839024355635047
tier_10k,5000,1_1438042987127.36_20150728002307-00144-ip-10-236-191-2_676020729_0.csv,1,30,10.0,0.15,5000,3484,3280,300,False,True,True,300,30,300,0.6,0.6220095693779905,0.6666666666666666,118.45982274413109,True,2,0.38603593269363046,0.009247393812984228,0.004972977098077536,0.3718155617825687,0.008720030076801777,0.0587756740860641,0.004463076125830412,0.4579969407059252
tier_10k,5000,1_1438042987127.36_20150728002307-00144-ip-10-236-191-2_676020729_0.csv,1,30,15.0,0.15,5000,3484,3280,450,False,True,True,450,30,450,0.6,0.5940040650406504,0.6402877697841727,124.08256396651268,True,2,0.38603593269363046,0.009247393812984228,0.004972977098077536,0.3718155617825687,0.008740392979234457,0.08940091682597995,0.00562284467741847,0.4898025179281831
tier_10k,5000,1_1438042987127.36_20150728002307-00144-ip-10-236-191-2_676020729_0.csv,1,30,20.0,0.15,5000,3484,3280,600,False,True,True,600,30,600,0.6,0.5452086553323029,0.4888888888888889,133.24360209703445,True,2,0.38603593269363046,0.009247393812984228,0.004972977098077536,0.3718155617825687,0.008852880913764238,0.11865342315286398,0.0067900680005550385,0.520343157928437
tier_10k,5000,1_1438042987127.36_20150728002307-00144-ip-10-236-191-2_676020729_0.csv,1,40,5.0,0.15,5000,3484,3280,200,False,True,True,200,40,200,0.6,0.6334371754932503,0.6504854368932039,142.5484742820263,True,2,0.38603593269363046,0.009247393812984228,0.004972977098077536,0.3718155617825687,0.008709420915693045,0.04074615426361561,0.004344708286225796,0.4398390077985823
tier_10k,5000,1_1438042987127.36_20150728002307-00144-ip-10-236-191-2_676020729_0.csv,1,40,10.0,0.15,5000,3484,3280,400,False,True,True,400,40,400,0.6,0.608440797186401,0.6467661691542289,154.6588705778122,True,2,0.38603593269363046,0.009247393812984228,0.004972977098077536,0.3718155617825687,0.009030545130372047,0.07973544206470251,0.0058900159783661366,0.4806944476440549
tier_10k,5000,1_1438042987127.36_20150728002307-00144-ip-10-236-191-2_676020729_0.csv,1,40,15.0,0.15,5000,3484,3280,600,False,True,True,600,40,600,0.6,0.5452086553323029,0.5053763440860215,170.62116295099258,True,2,0.38603593269363046,0.009247393812984228,0.004972977098077536,0.3718155617825687,0.00887017697095871,0.11958261812105775,0.008830068167299032,0.5233211177401245
tier_10k,5000,1_1438042987127.36_20150728002307-00144-ip-10-236-191-2_676020729_0.csv,1,40,20.0,0.15,5000,3484,3280,800,False,True,True,800,40,800,0.6,0.468209786111925,0.38372093023255816,180.0722622871399,True,2,0.38603593269363046,0.009247393812984228,0.004972977098077536,0.3718155617825687,0.008072411175817251,0.15643037529662251,0.007683963049203157,0.5582250873558223
tier_10k,5000,1_1438042987127.36_20150728002307-00144-ip-10-236-191-2_676020729_0.csv,1,50,5.0,0.15,5000,3484,3280,250,False,True,True,250,50,250,0.6,0.6265457543281121,0.640625,182.5921586751938,True,2,0.38603593269363046,0.009247393812984228,0.004972977098077536,0.3718155617825687,0.00830281525850296,0.04979561502113938,0.003890175838023424,0.4480269239284098
tier_10k,5000,1_1438042987127.36_20150728002307-00144-ip-10-236-191-2_676020729_0.csv,1,50,10.0,0.15,5000,3484,3280,500,False,True,True,500,50,500,0.6,0.5796579657965797,0.6074380165289256,191.32641142606735,True,2,0.38603593269363046,0.009247393812984228,0.004972977098077536,0.3718155617825687,0.009080968797206879,0.09960448509082198,0.005770352203398943,0.5004941006191075
tier_10k,5000,1_1438042987127.36_20150728002307-00144-ip-10-236-191-2_676020729_0.csv,1,50,15.0,0.15,5000,3484,3280,750,False,True,True,750,50,750,0.6,0.4892868564118964,0.39351851851851855,217.691850066185,True,2,0.38603593269363046,0.009247393812984228,0.004972977098077536,0.3718155617825687,0.008862637914717197,0.1454417621716857,0.009811353869736195,0.5501545225270092
tier_10k,5000,1_1438042987127.36_20150728002307-00144-ip-10-236-191-2_676020729_0.csv,1,50,20.0,0.15,5000,3484,3280,1000,False,True,True,1000,50,1000,0.6,0.40263340263340264,0.3055555555555556,226.90017175674438,True,3,0.38603593269363046,0.009247393812984228,0.004972977098077536,0.3718155617825687,0.009719104040414095,0.1887555019930005,0.010118090081959963,0.5946312886662781
tier_10k,5000,0_1438042988061.16_20150728002308-00282-ip-10-236-191-2_894007386_3.csv,0,10,5.0,0.15,5000,393,1767,50,False,True,True,50,10,50,0.6,0.6120689655172413,0.6,19.224753677845,True,2,0.20873998757451773,0.008980992250144482,0.0025393571704626083,0.19721963815391064,0.002766611985862255,0.0016711601056158543,0.0037229317240417004,0.21690298663452268
tier_10k,5000,0_1438042988061.16_20150728002308-00282-ip-10-236-191-2_894007386_3.csv,0,10,10.0,0.15,5000,393,1767,100,False,True,True,100,10,100,0.6,0.5,0.5925925925925926,19.24947065114975,True,2,0.20873998757451773,0.008980992250144482,0.0025393571704626083,0.19721963815391064,0.004640951752662659,0.005029564257711172,0.0038281232118606567,0.22224089549854398
tier_10k,5000,0_1438042988061.16_20150728002308-00282-ip-10-236-191-2_894007386_3.csv,0,10,15.0,0.15,5000,393,1767,150,False,True,True,150,10,150,0.6,0.40608228980322003,0.5925925925925926,19.24947065114975,True,3,0.20873998757451773,0.008980992250144482,0.0025393571704626083,0.19721963815391064,0.006142145022749901,0.005456780549138784,0.0035736910067498684,0.22391487145796418
tier_10k,5000,0_1438042988061.16_20150728002308-00282-ip-10-236-191-2_894007386_3.csv,0,10,20.0,0.15,5000,393,1767,200,False,True,True,200,10,200,0.6,0.34966887417218545,0.5925925925925926,19.24947065114975,True,3,0.20873998757451773,0.008980992250144482,0.0025393571704626083,0.19721963815391064,0.006128349807113409,0.007689808029681444,0.0047388458624482155,0.2272991887293756
tier_10k,5000,0_1438042988061.16_20150728002308-00282-ip-10-236-191-2_894007386_3.csv,0,20,5.0,0.15,5000,393,1767,100,False,True,True,100,20,100,0.6,0.5,0.58,38.12419492006302,True,2,0.20873998757451773,0.008980992250144482,0.0025393571704626083,0.19721963815391064,0.004596751183271408,0.003973482176661491,0.0031460942700505257,0.22045851685106754
tier_10k,5000,0_1438042988061.16_20150728002308-00282-ip-10-236-191-2_894007386_3.csv,0,20,10.0,0.15,5000,393,1767,200,False,True,True,200,20,200,0.6,0.34966887417218545,0.58,38.12419492006302,True,3,0.20873998757451773,0.008980992250144482,0.0025393571704626083,0.19721963815391064,0.006135577801615,0.007667282596230507,0.004305120091885328,0.22685007518157363
tier_10k,5000,0_1438042988061.16_20150728002308-00282-ip-10-236-191-2_894007386_3.csv,0,20,15.0,0.15,5000,393,1767,300,False,True,True,300,20,300,0.6,0.2902166776099803,0.5533980582524272,38.129732608795166,True,4,0.20873998757451773,0.008980992250144482,0.0025393571704626083,0.19721963815391064,0.007177879102528095,0.009709886740893126,0.00450253626331687,0.23013246292248368
tier_10k,5000,0_1438042988061.16_20150728002308-00282-ip-10-236-191-2_894007386_3.csv,0,20,20.0,0.15,5000,393,1767,400,False,True,True,400,20,400,0.6,0.25668449197860965,0.5533980582524272,38.129732608795166,True,4,0.20873998757451773,0.008980992250144482,0.0025393571704626083,0.19721963815391064,0.008190501015633345,0.013044806197285652,0.006131825037300587,0.2361095305532217
tier_10k,5000,0_1438042988061.16_20150728002308-00282-ip-10-236-191-2_894007386_3.csv,0,30,5.0,0.15,5000,393,1767,150,False,True,True,150,30,150,0.6,0.40608228980322003,0.5694444444444444,56.807289838790894,True,3,0.20873998757451773,0.008980992250144482,0.0025393571704626083,0.19721963815391064,0.005856973119080067,0.00490422360599041,0.003491814713925123,0.22299501951783895
tier_10k,5000,0_1438042988061.16_20150728002308-00282-ip-10-236-191-2_894007386_3.csv,0,30,10.0,0.15,5000,393,1767,300,False,True,True,300,30,300,0.6,0.2902166776099803,0.525974025974026,56.84245753288269,True,4,0.20873998757451773,0.008980992250144482,0.0025393571704626083,0.19721963815391064,0.007779938168823719,0.00973994005471468,0.004997805692255497,0.23126009246334434
tier_10k,5000,0_1438042988061.16_20150728002308-00282-ip-10-236-191-2_894007386_3.csv,0,30,15.0,0.15,5000,393,1767,450,False,True,True,450,30,450,0.6,0.24105898745935903,0.5163398692810458,56.87475574016571,True,3,0.20873998757451773,0.008980992250144482,0.0025393571704626083,0.19721963815391064,0.006366046145558357,0.014674782752990723,0.006005538161844015,0.23578877467662096
tier_10k,5000,0_1438042988061.16_20150728002308-00282-ip-10-236-191-2_894007386_3.csv,0,30,20.0,0.15,5000,393,1767,600,False,True,True,600,30,600,0.6,0.19939804364183597,0.5163398692810458,56.87475574016571,True,3,0.20873998757451773,0.008980992250144482,0.0025393571704626083,0.19721963815391064,0.006700589787214994,0.020288159139454365,0.007675262168049812,0.2434067064896226
tier_10k,5000,0_1438042988061.16_20150728002308-00282-ip-10-236-191-2_894007386_3.csv,0,40,5.0,0.15,5000,393,1767,200,False,True,True,200,40,200,0.6,0.34966887417218545,0.5583756345177665,75.30283206701279,True,3,0.20873998757451773,0.008980992250144482,0.0025393571704626083,0.19721963815391064,0.0057074399664998055,0.006660761311650276,0.0044980780221521854,0.2256085742264986
tier_10k,5000,0_1438042988061.16_20150728002308-00282-ip-10-236-191-2_894007386_3.csv,0,40,10.0,0.15,5000,393,1767,400,False,True,True,400,40,400,0.6,0.25668449197860965,0.49760765550239233,75.43840229511261,True,4,0.20873998757451773,0.008980992250144482,0.0025393571704626083,0.19721963815391064,0.007920362055301666,0.013020505663007498,0.00631379708647728,0.23599687730893493
tier_10k,5000,0_1438042988061.16_20150728002308-00282-ip-10-236-191-2_894007386_3.csv,0,40,15.0,0.15,5000,393,1767,600,False,True,True,600,40,600,0.6,0.19939804364183597,0.47641509433962265,75.4810779094696,True,3,0.20873998757451773,0.008980992250144482,0.0025393571704626083,0.19721963815391064,0.005991494283080101,0.020421249326318502,0.007230781950056553,0.242385842371732
tier_10k,5000,0_1438042988061.16_20150728002308-00282-ip-10-236-191-2_894007386_3.csv,0,40,20.0,0.15,5000,393,1767,800,False,True,True,800,40,800,0.6,0.15184871577758963,0.46226415094339623,75.48679405450821,True,2,0.20873998757451773,0.008980992250144482,0.0025393571704626083,0.19721963815391064,0.005175118334591389,0.028147714212536812,0.008989062625914812,0.25105419335886836
tier_10k,5000,0_1438042988061.16_20150728002308-00282-ip-10-236-191-2_894007386_3.csv,0,50,5.0,0.15,5000,393,1767,250,False,True,True,250,50,250,0.6,0.3139427516158818,0.5115384615384615,93.77454781532288,True,2,0.20873998757451773,0.008980992250144482,0.0025393571704626083,0.19721963815391064,0.004683655686676502,0.00932166213169694,0.0038844868540763855,0.2266321866773069
tier_10k,5000,0_1438042988061.16_20150728002308-00282-ip-10-236-191-2_894007386_3.csv,0,50,10.0,0.15,5000,393,1767,500,False,True,True,500,50,500,0.6,0.22535822839774208,0.467680608365019,93.94991683959961,True,3,0.20873998757451773,0.008980992250144482,0.0025393571704626083,0.19721963815391064,0.006701772101223469,0.01715816417708993,0.006696444004774094,0.23929880186915398
tier_10k,5000,0_1438042988061.16_20150728002308-00282-ip-10-236-191-2_894007386_3.csv,0,50,15.0,0.15,5000,393,1767,750,False,True,True,750,50,750,0.6,0.1633768600060735,0.467680608365019,93.94991683959961,True,2,0.20873998757451773,0.008980992250144482,0.0025393571704626083,0.19721963815391064,0.0048900870606303215,0.026010809000581503,0.008230385836213827,0.24787347856909037
tier_10k,5000,0_1438042988061.16_20150728002308-00282-ip-10-236-191-2_894007386_3.csv,0,50,20.0,0.15,5000,393,1767,1000,False,True,True,1000,50,1000,0.6,0.1159982751185856,0.4448669201520912,94.03577435016632,True,2,0.20873998757451773,0.008980992250144482,0.0025393571704626083,0.19721963815391064,0.005127538926899433,0.03439862793311477,0.010125184897333384,0.2583936438895762
tier_10k,5000,0_1438042988458.74_20150728002308-00249-ip-10-236-191-2_328699461_4.csv,2,10,5.0,0.15,5000,6776,3503,50,False,True,True,50,10,50,0.6,0.9983792544570502,0.9866666666666667,20.488522171974182,True,1,0.4087834074161947,0.011653841007500887,0.006092921830713749,0.39103664457798004,0.0037943320348858833,0.0049989246763288975,0.0042135692201554775,0.4217926962301135
tier_10k,5000,0_1438042988458.74_20150728002308-00249-ip-10-236-191-2_328699461_4.csv,2,10,10.0,0.15,5000,6776,3503,100,False,True,True,100,10,100,0.6,0.9986101459346769,0.9743589743589743,21.49996256828308,True,1,0.4087834074161947,0.011653841007500887,0.006092921830713749,0.39103664457798004,0.006301821209490299,0.00980206485837698,0.003875963855534792,0.4287656764499843
tier_10k,5000,0_1438042988458.74_20150728002308-00249-ip-10-236-191-2_328699461_4.csv,2,10,15.0,0.15,5000,6776,3503,150,False,True,True,150,10,150,0.6,0.9987029831387808,0.974025974025974,21.54402482509613,True,1,0.4087834074161947,0.011653841007500887,0.006092921830713749,0.39103664457798004,0.006208701059222221,0.014519589953124523,0.004376585129648447,0.4338907226920128
tier_10k,5000,0_1438042988458.74_20150728002308-00249-ip-10-236-191-2_328699461_4.csv,2,10,20.0,0.15,5000,6776,3503,200,False,True,True,200,10,200,0.6,0.9987819732034104,0.974025974025974,21.54402482509613,True,1,0.4087834074161947,0.011653841007500887,0.006092921830713749,0.39103664457798004,0.006302226800471544,0.01992169814184308,0.006002412177622318,0.4410121040418744
tier_10k,5000,0_1438042988458.74_20150728002308-00249-ip-10-236-191-2_328699461_4.csv,2,20,5.0,0.15,5000,6776,3503,100,False,True,True,100,20,100,0.6,0.9986101459346769,0.9858156028368794,41.72115486860275,True,1,0.4087834074161947,0.011653841007500887,0.006092921830713749,0.39103664457798004,0.00615004962310195,0.009309208951890469,0.0038404660299420357,0.4280857713893056
tier_10k,5000,0_1438042988458.74_20150728002308-00249-ip-10-236-191-2_328699461_4.csv,2,20,10.0,0.15,5000,6776,3503,200,False,True,True,200,20,200,0.6,0.9987819732034104,0.9819819819819819,42.117756843566895,True,1,0.4087834074161947,0.011653841007500887,0.006092921830713749,0.39103664457798004,0.006458643823862076,0.022118479013442993,0.005279866978526115,0.4426429094746709
tier_10k,5000,0_1438042988458.74_20150728002308-00249-ip-10-236-191-2_328699461_4.csv,2,20,15.0,0.15,5000,6776,3503,300,False,True,True,300,20,300,0.6,0.9737742303306728,0.8888888888888888,48.20890712738037,True,3,0.4087834074161947,0.011653841007500887,0.006092921830713749,0.39103664457798004,0.011229675263166428,0.031215211376547813,0.0066300020553171635,0.45786078413948417
tier_10k,5000,0_1438042988458.74_20150728002308-00249-ip-10-236-191-2_328699461_4.csv,2,20,20.0,0.15,5000,6776,3503,400,False,True,True,400,20,400,0.6,0.9445642131198029,0.819047619047619,51.691704511642456,True,4,0.4087834074161947,0.011653841007500887,0.006092921830713749,0.39103664457798004,0.01194825628772378,0.0389972310513258,0.0076606497168540955,0.46739184530451894
tier_10k,5000,0_1438042988458.74_20150728002308-00249-ip-10-236-191-2_328699461_4.csv,2,30,5.0,0.15,5000,6776,3503,150,False,True,True,150,30,150,0.6,0.9987029831387808,0.990990990990991,61.87894922494888,True,1,0.4087834074161947,0.011653841007500887,0.006092921830713749,0.39103664457798004,0.005352844949811697,0.014252135995775461,0.0039368728175759315,0.43232743442058563
tier_10k,5000,0_1438042988458.74_20150728002308-00249-ip-10-236-191-2_328699461_4.csv,2,30,10.0,0.15,5000,6776,3503,300,False,True,True,300,30,300,0.6,0.9737742303306728,0.9166666666666666,68.87476015090942,True,3,0.4087834074161947,0.011653841007500887,0.006092921830713749,0.39103664457798004,0.010896034073084593,0.027635980863124132,0.005839508026838303,0.45315728429704905
tier_10k,5000,0_1438042988458.74_20150728002308-00249-ip-10-236-191-2_328699461_4.csv,2,30,15.0,0.15,5000,6776,3503,450,False,True,True,450,30,450,0.6,0.9314386170524466,0.831081081081081,73.56563818454742,True,3,0.4087834074161947,0.011653841007500887,0.006092921830713749,0.39103664457798004,0.009679994080215693,0.040368842892348766,0.009243660140782595,0.4680780745111406
tier_10k,5000,0_1438042988458.74_20150728002308-00249-ip-10-236-191-2_328699461_4.csv,2,30,20.0,0.15,5000,6776,3503,600,False,True,True,600,30,600,0.6,0.8987893462469734,0.831081081081081,73.56563818454742,True,4,0.4087834074161947,0.011653841007500887,0.006092921830713749,0.39103664457798004,0.010662122163921595,0.05550764687359333,0.012747378088533878,0.4877026011236012
tier_10k,5000,0_1438042988458.74_20150728002308-00249-ip-10-236-191-2_328699461_4.csv,2,40,5.0,0.15,5000,6776,3503,200,False,True,True,200,40,200,0.6,0.9987819732034104,0.991869918699187,81.78821325302124,True,1,0.4087834074161947,0.011653841007500887,0.006092921830713749,0.39103664457798004,0.0037438529543578625,0.018764153122901917,0.004433109890669584,0.43572640931233764
tier_10k,5000,0_1438042988458.74_20150728002308-00249-ip-10-236-191-2_328699461_4.csv,2,40,10.0,0.15,5000,6776,3503,400,False,True,True,400,40,400,0.6,0.9445642131198029,0.8722466960352423,93.67900151014328,True,4,0.4087834074161947,0.011653841007500887,0.006092921830713749,0.39103664457798004,0.0125007308088243,0.03691608225926757,0.007630339823663235,0.46583265345543623
tier_10k,5000,0_1438042988458.74_20150728002308-00249-ip-10-236-191-2_328699461_4.csv,2,40,15.0,0.15,5000,6776,3503,600,False,True,True,600,40,600,0.6,0.8987893462469734,0.8617511520737328,94.34889936447144,True,4,0.4087834074161947,0.011653841007500887,0.006092921830713749,0.39103664457798004,0.010757549200206995,0.05984132084995508,0.013024527113884687,0.4924090402200818
tier_10k,5000,0_1438042988458.74_20150728002308-00249-ip-10-236-191-2_328699461_4.csv,2,40,20.0,0.15,5000,6776,3503,800,False,True,True,800,40,800,0.6,0.8463838534853299,0.615,118.99644374847412,True,3,0.4087834074161947,0.011653841007500887,0.006092921830713749,0.39103664457798004,0.007816052064299583,0.07169810403138399,0.016339980997145176,0.5046397964470088
tier_10k,5000,0_1438042988458.74_20150728002308-00249-ip-10-236-191-2_328699461_4.csv,2,50,5.0,0.15,5000,6776,3503,250,False,True,True,250,50,250,0.6,0.9920767306088407,0.9832214765100671,102.07463419437408,True,2,0.4087834074161947,0.011653841007500887,0.006092921830713749,0.39103664457798004,0.0054557230323553085,0.02521231072023511,0.005503747146576643,0.44495716504752636
tier_10k,5000,0_1438042988458.74_20150728002308-00249-ip-10-236-191-2_328699461_4.csv,2,50,10.0,0.15,5000,6776,3503,500,False,True,True,500,50,500,0.6,0.9195953141640043,0.8740157480314961,114.89804512262344,True,4,0.4087834074161947,0.011653841007500887,0.006092921830713749,0.39103664457798004,0.012051095254719257,0.04562467010691762,0.009777566883713007,0.4762389715760946
tier_10k,5000,0_1438042988458.74_20150728002308-00249-ip-10-236-191-2_328699461_4.csv,2,50,15.0,0.15,5000,6776,3503,750,False,True,True,750,50,750,0.6,0.8599647956190104,0.6239669421487604,147.89952617883682,True,3,0.4087834074161947,0.011653841007500887,0.006092921830713749,0.39103664457798004,0.008227191865444183,0.0661813379265368,0.01683185575529933,0.5000261524692178
tier_10k,5000,0_1438042988458.74_20150728002308-00249-ip-10-236-191-2_328699461_4.csv,2,50,20.0,0.15,5000,6776,3503,1000,False,True,True,1000,50,1000,0.6,0.7915945222729419,0.6239669421487604,147.89952617883682,True,4,0.4087834074161947,0.011653841007500887,0.006092921830713749,0.39103664457798004,0.009855655953288078,0.09128630021587014,0.010755304712802172,0.5206830194219947
tier_10k,5000,1_1438042990112.50_20150728002310-00273-ip-10-236-191-2_869240800_0.csv,1,10,5.0,0.15,5000,2,1699,50,False,False,False,50,0,50,0.06,0.030303030303030304,,,True,2,0.20533695304766297,0.008162738289684057,0.002507629804313183,0.19466658495366573,0.0025011799298226833,0.002578740008175373,0.0016162912361323833,0.21203511068597436
tier_10k,5000,1_1438042990112.50_20150728002310-00273-ip-10-236-191-2_869240800_0.csv,1,10,10.0,0.15,5000,2,1699,100,False,False,False,100,0,100,0.06,0.020134228187919462,,,True,2,0.20533695304766297,0.008162738289684057,0.002507629804313183,0.19466658495366573,0.0025215991772711277,0.004734925925731659,0.0011409921571612358,0.21373605681583285
tier_10k,5000,1_1438042990112.50_20150728002310-00273-ip-10-236-191-2_869240800_0.csv,1,10,15.0,0.15,5000,2,1699,150,False,False,False,150,0,150,0.06,0.014925373134328358,,,True,2,0.20533695304766297,0.008162738289684057,0.002507629804313183,0.19466658495366573,0.00256563862785697,0.006951159331947565,0.0013163909316062927,0.21617159433662891
tier_10k,5000,1_1438042990112.50_20150728002310-00273-ip-10-236-191-2_869240800_0.csv,1,10,20.0,0.15,5000,2,1699,200,False,False,False,200,0,200,0.06,0.010869565217391304,,,True,2,0.20533695304766297,0.008162738289684057,0.002507629804313183,0.19466658495366573,0.0024681990034878254,0.009645587299019098,0.0013580499216914177,0.21881020814180374
tier_10k,5000,1_1438042990112.50_20150728002310-00273-ip-10-236-191-2_869240800_0.csv,1,20,5.0,0.15,5000,2,1699,100,False,False,False,100,0,100,0.06,0.020134228187919462,,,True,2,0.20533695304766297,0.008162738289684057,0.002507629804313183,0.19466658495366573,0.002460063900798559,0.004688709042966366,0.0010038488544523716,0.21349117066711187
tier_10k,5000,1_1438042990112.50_20150728002310-00273-ip-10-236-191-2_869240800_0.csv,1,20,10.0,0.15,5000,2,1699,200,False,False,False,200,0,200,0.06,0.010869565217391304,,,True,2,0.20533695304766297,0.008162738289684057,0.002507629804313183,0.19466658495366573,0.0026050619781017303,0.009491964243352413,0.0012418278492987156,0.21867728512734175
tier_10k,5000,1_1438042990112.50_20150728002310-00273-ip-10-236-191-2_869240800_0.csv,1,20,15.0,0.15,5000,2,1699,300,False,False,False,300,0,300,0.06,0.007042253521126761,,,True,2,0.20533695304766297,0.008162738289684057,0.002507629804313183,0.19466658495366573,0.0027579208835959435,0.015067453030496836,0.0013057580217719078,0.22446961281821132
tier_10k,5000,1_1438042990112.50_20150728002310-00273-ip-10-236-191-2_869240800_0.csv,1,20,20.0,0.15,5000,2,1699,400,False,False,False,400,0,400,0.06,0.004914004914004914,,,True,2,0.20533695304766297,0.008162738289684057,0.002507629804313183,0.19466658495366573,0.002473801840096712,0.01969184633344412,0.0016726218163967133,0.22917664889246225
tier_10k,5000,1_1438042990112.50_20150728002310-00273-ip-10-236-191-2_869240800_0.csv,1,30,5.0,0.15,5000,2,1699,150,False,False,False,150,0,150,0.06,0.014925373134328358,,,True,2,0.20533695304766297,0.008162738289684057,0.002507629804313183,0.19466658495366573,0.0024886182509362698,0.007503034081310034,0.0011264360509812832,0.2164565990678966
tier_10k,5000,1_1438042990112.50_20150728002310-00273-ip-10-236-191-2_869240800_0.csv,1,30,10.0,0.15,5000,2,1699,300,False,False,False,300,0,300,0.06,0.007042253521126761,,,True,2,0.20533695304766297,0.008162738289684057,0.002507629804313183,0.19466658495366573,0.002494906075298786,0.014761419035494328,0.0014026965945959091,0.2239974020048976
tier_10k,5000,1_1438042990112.50_20150728002310-00273-ip-10-236-191-2_869240800_0.csv,1,30,15.0,0.15,5000,2,1699,450,False,False,False,450,0,450,0.06,0.00422237860661506,,,True,2,0.20533695304766297,0.008162738289684057,0.002507629804313183,0.19466658495366573,0.002598240040242672,0.022490676026791334,0.001623700838536024,0.2320511294528842
tier_10k,5000,1_1438042990112.50_20150728002310-00273-ip-10-236-191-2_869240800_0.csv,1,30,20.0,0.15,5000,2,1699,600,False,False,False,600,0,600,0.06,0.0027829313543599257,,,True,2,0.20533695304766297,0.008162738289684057,0.002507629804313183,0.19466658495366573,0.0028733271174132824,0.029938843101263046,0.0016767350025475025,0.2398274908773601
tier_10k,5000,1_1438042990112.50_20150728002310-00273-ip-10-236-191-2_869240800_0.csv,1,40,5.0,0.15,5000,2,1699,200,False,False,False,200,0,200,0.06,0.010869565217391304,,,True,2,0.20533695304766297,0.008162738289684057,0.002507629804313183,0.19466658495366573,0.0024137930013239384,0.00944655342027545,0.0013141119852662086,0.21851286012679338
tier_10k,5000,1_1438042990112.50_20150728002310-00273-ip-10-236-191-2_869240800_0.csv,1,40,10.0,0.15,5000,2,1699,400,False,False,False,400,0,400,0.06,0.004914004914004914,,,True,2,0.20533695304766297,0.008162738289684057,0.002507629804313183,0.19466658495366573,0.002530814614146948,0.019465643912553787,0.0016985624097287655,0.22903347900137305
tier_10k,5000,1_1438042990112.50_20150728002310-00273-ip-10-236-191-2_869240800_0.csv,1,40,15.0,0.15,5000,2,1699,600,False,False,False,600,0,600,0.06,0.0027829313543599257,,,True,2,0.20533695304766297,0.008162738289684057,0.002507629804313183,0.19466658495366573,0.0028723538853228092,0.02941079204902053,0.0017993268556892872,0.23942098207771778
tier_10k,5000,1_1438042990112.50_20150728002310-00273-ip-10-236-191-2_869240800_0.csv,1,40,20.0,0.15,5000,2,1699,800,False,False,False,800,0,800,0.06,0.0018298261665141812,,,True,2,0.20533695304766297,0.008162738289684057,0.002507629804313183,0.19466658495366573,0.0026542250998318195,0.03874083189293742,0.002193325199186802,0.24892680207267404
tier_10k,5000,1_1438042990112.50_20150728002310-00273-ip-10-236-191-2_869240800_0.csv,1,50,5.0,0.15,5000,2,1699,250,False,False,False,250,0,250,0.06,0.008547008547008548,,,True,2,0.20533695304766297,0.008162738289684057,0.002507629804313183,0.19466658495366573,0.00251131784170866,0.011804410722106695,0.0013186750002205372,0.22097292309626937
tier_10k,5000,1_1438042990112.50_20150728002310-00273-ip-10-236-191-2_869240800_0.csv,1,50,10.0,0.15,5000,2,1699,500,False,False,False,500,0,500,0.06,0.0036231884057971015,,,True,2,0.20533695304766297,0.008162738289684057,0.002507629804313183,0.19466658495366573,0.0025079878978431225,0.02518599573522806,0.0017565982416272163,0.23478894913569093
tier_10k,5000,1_1438042990112.50_20150728002310-00273-ip-10-236-191-2_869240800_0.csv,1,50,15.0,0.15,5000,2,1699,750,False,False,False,750,0,750,0.06,0.002014098690835851,,,True,2,0.20533695304766297,0.008162738289684057,0.002507629804313183,0.19466658495366573,0.0026431470178067684,0.03574099903926253,0.0022893957793712616,0.24601217778399587
tier_10k,5000,1_1438042990112.50_20150728002310-00273-ip-10-236-191-2_869240800_0.csv,1,50,20.0,0.15,5000,2,1699,1000,False,False,False,1000,0,1000,0.06,0.0012831479897348161,,,True,2,0.20533695304766297,0.008162738289684057,0.002507629804313183,0.19466658495366573,0.0030781240202486515,0.0479591847397387,0.002783683128654957,0.25915953889489174
tier_10k,5000,0_1438042988061.16_20150728002308-00096-ip-10-236-191-2_895004754_0.csv,0,10,5.0,0.15,5000,1,1535,50,False,True,True,50,10,50,0.6666666666666666,0.038461538461538464,0.16666666666666666,18.08860570192337,True,2,0.1713614370673895,0.006187347695231438,0.002724801655858755,0.1624492877162993,0.002278671134263277,0.0022329348139464855,0.004510493017733097,0.18038610089570284
tier_10k,5000,0_1438042988061.16_20150728002308-00096-ip-10-236-191-2_895004754_0.csv,0,10,10.0,0.15,5000,1,1535,100,False,True,True,100,10,100,0.6666666666666666,0.0196078431372549,0.16666666666666666,18.231704533100128,True,2,0.1713614370673895,0.006187347695231438,0.002724801655858755,0.1624492877162993,0.002609858289361,0.004830817226320505,0.003162768669426441,0.18196665914729238
tier_10k,5000,0_1438042988061.16_20150728002308-00096-ip-10-236-191-2_895004754_0.csv,0,10,15.0,0.15,5000,1,1535,150,False,True,True,150,10,150,0.6666666666666666,0.013157894736842105,0.16666666666666666,18.288692831993103,True,2,0.1713614370673895,0.006187347695231438,0.002724801655858755,0.1624492877162993,0.002566237933933735,0.006997677963227034,0.003777042031288147,0.18470423016697168
tier_10k,5000,0_1438042988061.16_20150728002308-00096-ip-10-236-191-2_895004754_0.csv,0,10,20.0,0.15,5000,1,1535,200,False,True,True,200,10,200,0.6666666666666666,0.009900990099009901,0.16666666666666666,18.288692831993103,True,2,0.1713614370673895,0.006187347695231438,0.002724801655858755,0.1624492877162993,0.0027562761679291725,0.009126883931457996,0.004018990322947502,0.1872652703896165
tier_10k,5000,0_1438042988061.16_20150728002308-00096-ip-10-236-191-2_895004754_0.csv,0,20,5.0,0.15,5000,1,1535,100,False,False,False,100,0,100,0.6666666666666666,0.0196078431372549,,,True,2,0.1713614370673895,0.006187347695231438,0.002724801655858755,0.1624492877162993,0.002717053983360529,0.004869498778134584,0.0012245099060237408,0.18017413280904293
tier_10k,5000,0_1438042988061.16_20150728002308-00096-ip-10-236-191-2_895004754_0.csv,0,20,10.0,0.15,5000,1,1535,200,False,False,False,200,0,200,0.6666666666666666,0.009900990099009901,,,True,2,0.1713614370673895,0.006187347695231438,0.002724801655858755,0.1624492877162993,0.0023040450178086758,0.008341913111507893,0.0012271329760551453,0.18323612120002508
tier_10k,5000,0_1438042988061.16_20150728002308-00096-ip-10-236-191-2_895004754_0.csv,0,20,15.0,0.15,5000,1,1535,300,False,False,False,300,0,300,0.6666666666666666,0.006622516556291391,,,True,2,0.1713614370673895,0.006187347695231438,0.002724801655858755,0.1624492877162993,0.0023015071637928486,0.012597434688359499,0.0013672788627445698,0.18762912414968014
tier_10k,5000,0_1438042988061.16_20150728002308-00096-ip-10-236-191-2_895004754_0.csv,0,20,20.0,0.15,5000,1,1535,400,False,False,False,400,0,400,0.6666666666666666,0.004975124378109453,,,True,2,0.1713614370673895,0.006187347695231438,0.002724801655858755,0.1624492877162993,0.0024299430660903454,0.017482882365584373,0.0014205980114638805,0.19269643211737275
tier_10k,5000,0_1438042988061.16_20150728002308-00096-ip-10-236-191-2_895004754_0.csv,0,30,5.0,0.15,5000,1,1535,150,False,False,False,150,0,150,0.6666666666666666,0.013157894736842105,,,True,2,0.1713614370673895,0.006187347695231438,0.002724801655858755,0.1624492877162993,0.0022795647382736206,0.006700510159134865,0.0010630530305206776,0.18140597315505147
tier_10k,5000,0_1438042988061.16_20150728002308-00096-ip-10-236-191-2_895004754_0.csv,0,30,10.0,0.15,5000,1,1535,300,False,False,False,300,0,300,0.6666666666666666,0.006622516556291391,,,True,2,0.1713614370673895,0.006187347695231438,0.002724801655858755,0.1624492877162993,0.0025598350912332535,0.013497071340680122,0.0013927626423537731,0.18881273036822677
tier_10k,5000,0_1438042988061.16_20150728002308-00096-ip-10-236-191-2_895004754_0.csv,0,30,15.0,0.15,5000,1,1535,450,False,False,False,450,0,450,0.6666666666666666,0.004424778761061947,,,True,2,0.1713614370673895,0.006187347695231438,0.002724801655858755,0.1624492877162993,0.0025011547841131687,0.018736439757049084,0.0016347942873835564,0.19423550786450505
tier_10k,5000,0_1438042988061.16_20150728002308-00096-ip-10-236-191-2_895004754_0.csv,0,30,20.0,0.15,5000,1,1535,600,False,False,False,600,0,600,0.6666666666666666,0.0033222591362126247,,,True,2,0.1713614370673895,0.006187347695231438,0.002724801655858755,0.1624492877162993,0.0023698913864791393,0.025383083149790764,0.0018879761919379234,0.2010040278546512
tier_10k,5000,0_1438042988061.16_20150728002308-00096-ip-10-236-191-2_895004754_0.csv,0,40,5.0,0.15,5000,1,1535,200,False,False,False,200,0,200,0.6666666666666666,0.009900990099009901,,,True,2,0.1713614370673895,0.006187347695231438,0.002724801655858755,0.1624492877162993,0.0025316989049315453,0.009272680152207613,0.0013475557789206505,0.18451502220705152
tier_10k,5000,0_1438042988061.16_20150728002308-00096-ip-10-236-191-2_895004754_0.csv,0,40,10.0,0.15,5000,1,1535,400,False,False,False,400,0,400,0.6666666666666666,0.004975124378109453,,,True,2,0.1713614370673895,0.006187347695231438,0.002724801655858755,0.1624492877162993,0.002575130667537451,0.01673305407166481,0.0014586718752980232,0.192129866220057
tier_10k,5000,0_1438042988061.16_20150728002308-00096-ip-10-236-191-2_895004754_0.csv,0,40,15.0,0.15,5000,1,1535,600,False,False,False,600,0,600,0.6666666666666666,0.0033222591362126247,,,True,2,0.1713614370673895,0.006187347695231438,0.002724801655858755,0.1624492877162993,0.002372665796428919,0.025428634136915207,0.0015960694290697575,0.20076029794290662
tier_10k,5000,0_1438042988061.16_20150728002308-00096-ip-10-236-191-2_895004754_0.csv,0,40,20.0,0.15,5000,1,1535,800,False,False,False,800,0,800,0.6666666666666666,0.0022509848058525606,,,True,2,0.1713614370673895,0.006187347695231438,0.002724801655858755,0.1624492877162993,0.00269021512940526,0.03405359806492925,0.002119713928550482,0.21022656606510282
tier_10k,5000,0_1438042988061.16_20150728002308-00096-ip-10-236-191-2_895004754_0.csv,0,50,5.0,0.15,5000,1,1535,250,False,False,False,250,0,250,0.6666666666666666,0.007936507936507936,,,True,2,0.1713614370673895,0.006187347695231438,0.002724801655858755,0.1624492877162993,0.002302735112607479,0.010869362391531467,0.0012338166125118732,0.1857688487507403
tier_10k,5000,0_1438042988061.16_20150728002308-00096-ip-10-236-191-2_895004754_0.csv,0,50,10.0,0.15,5000,1,1535,500,False,False,False,500,0,500,0.6666666666666666,0.00398406374501992,,,True,2,0.1713614370673895,0.006187347695231438,0.002724801655858755,0.1624492877162993,0.002615705132484436,0.021014731843024492,0.0016750372014939785,0.19667710224166512
tier_10k,5000,0_1438042988061.16_20150728002308-00096-ip-10-236-191-2_895004754_0.csv,0,50,15.0,0.15,5000,1,1535,750,False,False,False,750,0,750,0.6666666666666666,0.002458512599877074,,,True,2,0.1713614370673895,0.006187347695231438,0.002724801655858755,0.1624492877162993,0.0026650959625840187,0.030993216205388308,0.002191919833421707,0.20721331425011158
tier_10k,5000,0_1438042988061.16_20150728002308-00096-ip-10-236-191-2_895004754_0.csv,0,50,20.0,0.15,5000,1,1535,1000,False,False,False,1000,0,1000,0.6666666666666666,0.0016522098306484924,,,True,2,0.1713614370673895,0.006187347695231438,0.002724801655858755,0.1624492877162993,0.0027943491004407406,0.040588497184216976,0.0026329541578888893,0.21737890178337693
tier_10k,5000,1_1438042987127.36_20150728002307-00114-ip-10-236-191-2_902351685_191.csv,0,10,5.0,0.15,5000,410,1811,50,False,True,True,50,10,50,0.5,0.8421052631578947,0.7948717948717948,18.294734477996826,True,2,0.21268575312569737,0.0076641058549284935,0.002695986069738865,0.20232566120103002,0.0026316302828490734,0.0017068800516426563,0.00421929033473134,0.22124588722363114
tier_10k,5000,1_1438042987127.36_20150728002307-00114-ip-10-236-191-2_902351685_191.csv,0,10,10.0,0.15,5000,410,1811,100,False,True,True,100,10,100,0.5,0.6310904872389791,0.5,18.942940771579742,True,2,0.21268575312569737,0.0076641058549284935,0.002695986069738865,0.20232566120103002,0.0030126585625112057,0.003357376903295517,0.003181236796081066,0.22223876789212227
tier_10k,5000,1_1438042987127.36_20150728002307-00114-ip-10-236-191-2_902351685_191.csv,0,10,15.0,0.15,5000,410,1811,150,False,True,True,150,10,150,0.5,0.5625879043600562,0.4852941176470588,19.142824172973633,True,2,0.21268575312569737,0.0076641058549284935,0.002695986069738865,0.20232566120103002,0.0038550500757992268,0.00693265488371253,0.003361585084348917,0.22683665808290243
tier_10k,5000,1_1438042987127.36_20150728002307-00114-ip-10-236-191-2_902351685_191.csv,0,10,20.0,0.15,5000,410,1811,200,False,True,True,200,10,200,0.5,0.5,0.4507042253521127,19.21106594800949,True,2,0.21268575312569737,0.0076641058549284935,0.002695986069738865,0.20232566120103002,0.0031871171668171883,0.006552048027515411,0.003717535175383091,0.22614416014403105
tier_10k,5000,1_1438042987127.36_20150728002307-00114-ip-10-236-191-2_902351685_191.csv,0,20,5.0,0.15,5000,410,1811,100,False,True,True,100,20,100,0.5,0.6310904872389791,0.5163934426229508,37.631425857543945,True,2,0.21268575312569737,0.0076641058549284935,0.002695986069738865,0.20232566120103002,0.0030839345417916775,0.003300745040178299,0.0029883021488785744,0.22206042520701885
tier_10k,5000,1_1438042987127.36_20150728002307-00114-ip-10-236-191-2_902351685_191.csv,0,20,10.0,0.15,5000,410,1811,200,False,True,True,200,20,200,0.5,0.5,0.46616541353383456,38.129755079746246,True,2,0.21268575312569737,0.0076641058549284935,0.002695986069738865,0.20232566120103002,0.0028955116868019104,0.0064660049974918365,0.004143283236771822,0.2261922718025744
tier_10k,5000,1_1438042987127.36_20150728002307-00114-ip-10-236-191-2_902351685_191.csv,0,20,15.0,0.15,5000,410,1811,300,False,True,True,300,20,300,0.5,0.4239504473503097,0.45588235294117646,38.12994784116745,True,3,0.21268575312569737,0.0076641058549284935,0.002695986069738865,0.20232566120103002,0.004151623230427504,0.009670139756053686,0.004229974001646042,0.2307392884977162
tier_10k,5000,1_1438042987127.36_20150728002307-00114-ip-10-236-191-2_902351685_191.csv,0,20,20.0,0.15,5000,410,1811,400,False,True,True,400,20,400,0.5,0.3732394366197183,0.45255474452554745,38.13879853487015,True,2,0.21268575312569737,0.0076641058549284935,0.002695986069738865,0.20232566120103002,0.002953594084829092,0.013234017882496119,0.004636059980839491,0.23351115640252829
tier_10k,5000,1_1438042987127.36_20150728002307-00114-ip-10-236-191-2_902351685_191.csv,0,30,5.0,0.15,5000,410,1811,150,False,True,True,150,30,150,0.5,0.5625879043600562,0.5,56.69651836156845,True,2,0.21268575312569737,0.0076641058549284935,0.002695986069738865,0.20232566120103002,0.002859249711036682,0.004890874028205872,0.0038980580866336823,0.22433567140251398
tier_10k,5000,1_1438042987127.36_20150728002307-00114-ip-10-236-191-2_902351685_191.csv,0,30,10.0,0.15,5000,410,1811,300,False,True,True,300,30,300,0.5,0.4239504473503097,0.44390243902439025,56.941809833049774,True,3,0.21268575312569737,0.0076641058549284935,0.002695986069738865,0.20232566120103002,0.004159906879067421,0.009560423903167248,0.0046119848266243935,0.23101985128596425
tier_10k,5000,1_1438042987127.36_20150728002307-00114-ip-10-236-191-2_902351685_191.csv,0,30,15.0,0.15,5000,410,1811,450,False,True,True,450,30,450,0.5,0.35374493927125505,0.4396135265700483,56.959493815898895,True,3,0.21268575312569737,0.0076641058549284935,0.002695986069738865,0.20232566120103002,0.003920142073184252,0.015167583711445332,0.004323238041251898,0.2360985642299056
tier_10k,5000,1_1438042987127.36_20150728002307-00114-ip-10-236-191-2_902351685_191.csv,0,30,20.0,0.15,5000,410,1811,600,False,True,True,600,30,600,0.5,0.3066829417149832,0.3948497854077253,56.992841362953186,True,3,0.21268575312569737,0.0076641058549284935,0.002695986069738865,0.20232566120103002,0.0040087709203362465,0.018918004352599382,0.005737017840147018,0.24135125614702702
tier_10k,5000,1_1438042987127.36_20150728002307-00114-ip-10-236-191-2_902351685_191.csv,0,40,5.0,0.15,5000,410,1811,200,False,True,True,200,40,200,0.5,0.5,0.45384615384615384,75.62354427576065,True,2,0.21268575312569737,0.0076641058549284935,0.002695986069738865,0.20232566120103002,0.002906867302954197,0.006402658764272928,0.004143849015235901,0.22614081529900432
tier_10k,5000,1_1438042987127.36_20150728002307-00114-ip-10-236-191-2_902351685_191.csv,0,40,10.0,0.15,5000,410,1811,400,False,True,True,400,40,400,0.5,0.3732394366197183,0.4290909090909091,75.71386915445328,True,2,0.21268575312569737,0.0076641058549284935,0.002695986069738865,0.20232566120103002,0.002965026069432497,0.01340644620358944,0.0046898843720555305,0.2337489342316985
tier_10k,5000,1_1438042987127.36_20150728002307-00114-ip-10-236-191-2_902351685_191.csv,0,40,15.0,0.15,5000,410,1811,600,False,True,True,600,40,600,0.5,0.3066829417149832,0.38263665594855306,75.77999150753021,True,3,0.21268575312569737,0.0076641058549284935,0.002695986069738865,0.20232566120103002,0.004001311957836151,0.019329824950546026,0.005531670991331339,0.2415503840893507
tier_10k,5000,1_1438042987127.36_20150728002307-00114-ip-10-236-191-2_902351685_191.csv,0,40,20.0,0.15,5000,410,1811,800,False,True,True,800,40,800,0.5,0.25549658832448824,0.38235294117647056,75.79787278175354,True,2,0.21268575312569737,0.0076641058549284935,0.002695986069738865,0.20232566120103002,0.0031265546567738056,0.026627049315720797,0.007152283098548651,0.24959339713677764
tier_10k,5000,1_1438042987127.36_20150728002307-00114-ip-10-236-191-2_902351685_191.csv,0,50,5.0,0.15,5000,410,1811,250,False,True,True,250,50,250,0.5,0.45854063018242125,0.4517133956386293,94.20141172409058,True,2,0.21268575312569737,0.0076641058549284935,0.002695986069738865,0.20232566120103002,0.002896934747695923,0.008018143940716982,0.0041711600497365,0.22777378745377064
tier_10k,5000,1_1438042987127.36_20150728002307-00114-ip-10-236-191-2_902351685_191.csv,0,50,10.0,0.15,5000,410,1811,500,False,True,True,500,50,500,0.5,0.33642384105960266,0.4088397790055249,94.40172171592712,True,4,0.21268575312569737,0.0076641058549284935,0.002695986069738865,0.20232566120103002,0.004953145980834961,0.015926489140838385,0.0050104777328670025,0.23857759730890393
tier_10k,5000,1_1438042987127.36_20150728002307-00114-ip-10-236-191-2_902351685_191.csv,0,50,15.0,0.15,5000,410,1811,750,False,True,True,750,50,750,0.5,0.26909768432259784,0.37628865979381443,94.54402631521225,True,2,0.21268575312569737,0.0076641058549284935,0.002695986069738865,0.20232566120103002,0.003079810179769993,0.024703037925064564,0.006839463021606207,0.24730972619727254
tier_10k,5000,1_1438042987127.36_20150728002307-00114-ip-10-236-191-2_902351685_191.csv,0,50,20.0,0.15,5000,410,1811,1000,False,True,True,1000,50,1000,0.5,0.20662170447578174,0.37628865979381443,94.54402631521225,True,2,0.21268575312569737,0.0076641058549284935,0.002695986069738865,0.20232566120103002,0.0032045808620750904,0.034335948061197996,0.008558293804526329,0.2587864571250975
tier_10k,5000,1_1438042987127.36_20150728002307-00182-ip-10-236-191-2_150862475_5.csv,8,10,5.0,0.15,5000,1177,1442,50,False,True,True,50,10,50,0.3333333333333333,0.35195530726256985,0.3103448275862069,84.24332249164581,True,2,0.18577953288331628,0.006473181303590536,0.0031118285842239857,0.17619452299550176,0.0021810862235724926,0.028219655621796846,0.004189633298665285,0.22037244960665703
tier_10k,5000,1_1438042987127.36_20150728002307-00182-ip-10-236-191-2_150862475_5.csv,8,10,10.0,0.15,5000,1177,1442,100,False,True,True,100,10,100,0.3333333333333333,0.26576576576576577,0.325,78.65013748407364,True,2,0.18577953288331628,0.006473181303590536,0.0031118285842239857,0.17619452299550176,0.0022149882279336452,0.0454499339684844,0.003791654948145151,0.23723798990249634
tier_10k,5000,1_1438042987127.36_20150728002307-00182-ip-10-236-191-2_150862475_5.csv,8,10,15.0,0.15,5000,1177,1442,150,False,True,True,150,10,150,0.3333333333333333,0.2420749279538905,0.325,78.65013748407364,True,2,0.18577953288331628,0.006473181303590536,0.0031118285842239857,0.17619452299550176,0.0022178939543664455,0.06433479394763708,0.0042773098684847355,0.2566114729270339
tier_10k,5000,1_1438042987127.36_20150728002307-00182-ip-10-236-191-2_150862475_5.csv,8,10,20.0,0.15,5000,1177,1442,200,False,True,True,200,10,200,0.3333333333333333,0.2234359483614697,0.30952380952380953,79.15914297103882,True,2,0.18577953288331628,0.006473181303590536,0.0031118285842239857,0.17619452299550176,0.002403724007308483,0.08134785061702132,0.004789886996150017,0.27432340383529663
tier_10k,5000,1_1438042987127.36_20150728002307-00182-ip-10-236-191-2_150862475_5.csv,8,20,5.0,0.15,5000,1177,1442,100,False,True,True,100,20,100,0.3333333333333333,0.26576576576576577,0.2804878048780488,135.50737529993057,True,2,0.18577953288331628,0.006473181303590536,0.0031118285842239857,0.17619452299550176,0.0023920019157230854,0.0455655250698328,0.0038652708753943443,0.2376042907126248
tier_10k,5000,1_1438042987127.36_20150728002307-00182-ip-10-236-191-2_150862475_5.csv,8,20,10.0,0.15,5000,1177,1442,200,False,True,True,200,20,200,0.3333333333333333,0.2234359483614697,0.27058823529411763,137.3885254263878,True,2,0.18577953288331628,0.006473181303590536,0.0031118285842239857,0.17619452299550176,0.002345563843846321,0.08089424483478069,0.0042268638499081135,0.27324808994308114
tier_10k,5000,1_1438042987127.36_20150728002307-00182-ip-10-236-191-2_150862475_5.csv,8,20,15.0,0.15,5000,1177,1442,300,False,True,True,300,20,300,0.3333333333333333,0.1972744970798183,0.18181818181818182,178.78571444749832,True,3,0.18577953288331628,0.006473181303590536,0.0031118285842239857,0.17619452299550176,0.003032522276043892,0.12231476185843349,0.0044492739252746105,0.3155780001543462
tier_10k,5000,1_1438042987127.36_20150728002307-00182-ip-10-236-191-2_150862475_5.csv,8,20,20.0,0.15,5000,1177,1442,400,False,True,True,400,20,400,0.3333333333333333,0.1747296528173022,0.1568627450980392,212.125532746315,True,3,0.18577953288331628,0.006473181303590536,0.0031118285842239857,0.17619452299550176,0.0030647548846900463,0.1712680491618812,0.01236333604902029,0.372477819211781
tier_10k,5000,1_1438042987127.36_20150728002307-00182-ip-10-236-191-2_150862475_5.csv,8,30,5.0,0.15,5000,1177,1442,150,False,True,True,150,30,150,0.3333333333333333,0.2420749279538905,0.2558139534883721,184.6910224854946,True,2,0.18577953288331628,0.006473181303590536,0.0031118285842239857,0.17619452299550176,0.0023735701106488705,0.06321633700281382,0.0037624510005116463,0.255133920814842
tier_10k,5000,1_1438042987127.36_20150728002307-00182-ip-10-236-191-2_150862475_5.csv,8,30,10.0,0.15,5000,1177,1442,300,False,True,True,300,30,300,0.3333333333333333,0.1972744970798183,0.1958762886597938,240.30308803915977,True,3,0.18577953288331628,0.006473181303590536,0.0031118285842239857,0.17619452299550176,0.0031191231682896614,0.12233197782188654,0.005087589379400015,0.31632055807858706
tier_10k,5000,1_1438042987127.36_20150728002307-00182-ip-10-236-191-2_150862475_5.csv,8,30,15.0,0.15,5000,1177,1442,450,False,True,True,450,30,450,0.3333333333333333,0.16536661466458658,0.1506849315068493,309.195040166378,True,3,0.18577953288331628,0.006473181303590536,0.0031118285842239857,0.17619452299550176,0.003297360148280859,0.18299926724284887,0.009293694980442524,0.3813719027675688
tier_10k,5000,1_1438042987127.36_20150728002307-00182-ip-10-236-191-2_150862475_5.csv,8,30,20.0,0.15,5000,1177,1442,600,False,True,True,600,30,600,0.3333333333333333,0.1372093023255814,0.15,314.53694808483124,True,4,0.18577953288331628,0.006473181303590536,0.0031118285842239857,0.17619452299550176,0.004076229874044657,0.2437009271234274,0.009253017138689756,0.44281166698783636
tier_10k,5000,1_1438042987127.36_20150728002307-00182-ip-10-236-191-2_150862475_5.csv,8,40,5.0,0.15,5000,1177,1442,200,False,True,True,200,40,200,0.3333333333333333,0.2234359483614697,0.24293785310734464,234.37102681398392,True,2,0.18577953288331628,0.006473181303590536,0.0031118285842239857,0.17619452299550176,0.002364812884479761,0.08188562095165253,0.004171479027718306,0.27420333912596107
tier_10k,5000,1_1438042987127.36_20150728002307-00182-ip-10-236-191-2_150862475_5.csv,8,40,10.0,0.15,5000,1177,1442,400,False,True,True,400,40,400,0.3333333333333333,0.1747296528173022,0.1509433962264151,382.69751238822937,True,3,0.18577953288331628,0.006473181303590536,0.0031118285842239857,0.17619452299550176,0.003424275666475296,0.16427715495228767,0.0076079219579696655,0.36109136417508125
tier_10k,5000,1_1438042987127.36_20150728002307-00182-ip-10-236-191-2_150862475_5.csv,8,40,15.0,0.15,5000,1177,1442,600,False,True,True,600,40,600,0.3333333333333333,0.1372093023255814,0.15,404.023285895586,True,4,0.18577953288331628,0.006473181303590536,0.0031118285842239857,0.17619452299550176,0.004154080059379339,0.24915850907564163,0.03503065789118409,0.4741253308020532
tier_10k,5000,1_1438042987127.36_20150728002307-00182-ip-10-236-191-2_150862475_5.csv,8,40,20.0,0.15,5000,1177,1442,800,False,True,True,800,40,800,0.3333333333333333,0.10840998685939553,0.1504424778761062,406.12339797616005,True,4,0.18577953288331628,0.006473181303590536,0.0031118285842239857,0.17619452299550176,0.004368540830910206,0.32300530513748527,0.01806399691849947,0.5312196617014706
tier_10k,5000,1_1438042987127.36_20150728002307-00182-ip-10-236-191-2_150862475_5.csv,8,50,5.0,0.15,5000,1177,1442,250,False,True,True,250,50,250,0.3333333333333333,0.21040550879877581,0.23043478260869565,284.0414774417877,True,2,0.18577953288331628,0.006473181303590536,0.0031118285842239857,0.17619452299550176,0.0038865352980792522,0.10181913198903203,0.00456660334020853,0.29605400189757347
tier_10k,5000,1_1438042987127.36_20150728002307-00182-ip-10-236-191-2_150862475_5.csv,8,50,10.0,0.15,5000,1177,1442,500,False,True,True,500,50,500,0.3333333333333333,0.15611814345991562,0.15079365079365079,482.70048543810844,True,4,0.18577953288331628,0.006473181303590536,0.0031118285842239857,0.17619452299550176,0.00679358933120966,0.20696783298626542,0.01667931815609336,0.41622312692925334
tier_10k,5000,1_1438042987127.36_20150728002307-00182-ip-10-236-191-2_150862475_5.csv,8,50,15.0,0.15,5000,1177,1442,750,False,True,True,750,50,750,0.3333333333333333,0.11473486625997184,0.15037593984962405,491.83269453048706,True,4,0.18577953288331628,0.006473181303590536,0.0031118285842239857,0.17619452299550176,0.004296361934393644,0.3057174049317837,0.18758296174928546,0.683378666639328
tier_10k,5000,1_1438042987127.36_20150728002307-00182-ip-10-236-191-2_150862475_5.csv,8,50,20.0,0.15,5000,1177,1442,1000,False,True,True,1000,50,1000,0.3333333333333333,0.08922969675845242,0.15037593984962405,491.83269453048706,True,4,0.18577953288331628,0.006473181303590536,0.0031118285842239857,0.17619452299550176,0.004514021798968315,0.391375367064029,0.2447466398589313,0.8264182205311954
tier_10k,5000,1_1438042987127.36_20150728002307-00015-ip-10-236-191-2_372255835_10.csv,2,10,5.0,0.15,5000,1,1126,50,False,True,True,50,10,50,0.5,0.03773584905660377,0.15384615384615385,32.200053453445435,True,2,0.13201897265389562,0.007706462871283293,0.0024038818664848804,0.12190862791612744,0.0016692522913217545,0.004661827813833952,0.004240458831191063,0.14259283244609833
tier_10k,5000,1_1438042987127.36_20150728002307-00015-ip-10-236-191-2_372255835_10.csv,2,10,10.0,0.15,5000,1,1126,100,False,True,True,100,10,100,0.5,0.019417475728155338,0.15384615384615385,32.845912635326385,True,2,0.13201897265389562,0.007706462871283293,0.0024038818664848804,0.12190862791612744,0.002993551082909107,0.01166352303698659,0.0035765967331826687,0.1502548987045884
tier_10k,5000,1_1438042987127.36_20150728002307-00015-ip-10-236-191-2_372255835_10.csv,2,10,15.0,0.15,5000,1,1126,150,False,True,True,150,10,150,0.5,0.013071895424836602,0.15384615384615385,33.397196531295776,True,2,0.13201897265389562,0.007706462871283293,0.0024038818664848804,0.12190862791612744,0.002983266022056341,0.015306904911994934,0.004347254987806082,0.15465868543833494
tier_10k,5000,1_1438042987127.36_20150728002307-00015-ip-10-236-191-2_372255835_10.csv,2,10,20.0,0.15,5000,1,1126,200,False,True,True,200,10,200,0.5,0.009852216748768473,0.15384615384615385,33.7892079949379,True,2,0.13201897265389562,0.007706462871283293,0.0024038818664848804,0.12190862791612744,0.00326699111610651,0.01956235198304057,0.00507474085316062,0.15992524148896337
tier_10k,5000,1_1438042987127.36_20150728002307-00015-ip-10-236-191-2_372255835_10.csv,2,20,5.0,0.15,5000,1,1126,100,False,False,False,100,0,100,0.5,0.019417475728155338,,,True,2,0.13201897265389562,0.007706462871283293,0.0024038818664848804,0.12190862791612744,0.002936145756393671,0.01059064595028758,0.0009503299370408058,0.14649794343858957
tier_10k,5000,1_1438042987127.36_20150728002307-00015-ip-10-236-191-2_372255835_10.csv,2,20,10.0,0.15,5000,1,1126,200,False,False,False,200,0,200,0.5,0.009852216748768473,,,True,2,0.13201897265389562,0.007706462871283293,0.0024038818664848804,0.12190862791612744,0.0016349898651242256,0.017300658859312534,0.0014361441135406494,0.15239219646900892
tier_10k,5000,1_1438042987127.36_20150728002307-00015-ip-10-236-191-2_372255835_10.csv,2,20,15.0,0.15,5000,1,1126,300,False,False,False,300,0,300,0.5,0.006589785831960461,,,True,2,0.13201897265389562,0.007706462871283293,0.0024038818664848804,0.12190862791612744,0.0016614669002592564,0.024689408019185066,0.0013911142013967037,0.15976256458088756
tier_10k,5000,1_1438042987127.36_20150728002307-00015-ip-10-236-191-2_372255835_10.csv,2,20,20.0,0.15,5000,1,1126,400,False,False,False,400,0,400,0.5,0.004410143329658214,,,True,2,0.13201897265389562,0.007706462871283293,0.0024038818664848804,0.12190862791612744,0.0016946378163993359,0.03267219290137291,0.0017970553599298,0.16818464826792479
tier_10k,5000,1_1438042987127.36_20150728002307-00015-ip-10-236-191-2_372255835_10.csv,2,30,5.0,0.15,5000,1,1126,150,False,False,False,150,0,150,0.5,0.013071895424836602,,,True,2,0.13201897265389562,0.007706462871283293,0.0024038818664848804,0.12190862791612744,0.0017097918316721916,0.012695014011114836,0.0014655720442533493,0.14789103157818317
tier_10k,5000,1_1438042987127.36_20150728002307-00015-ip-10-236-191-2_372255835_10.csv,2,30,10.0,0.15,5000,1,1126,300,False,False,False,300,0,300,0.5,0.006589785831960461,,,True,2,0.13201897265389562,0.007706462871283293,0.0024038818664848804,0.12190862791612744,0.0017101587727665901,0.02522554062306881,0.0019489871338009834,0.16090555535629392
tier_10k,5000,1_1438042987127.36_20150728002307-00015-ip-10-236-191-2_372255835_10.csv,2,30,15.0,0.15,5000,1,1126,450,False,False,False,450,0,450,0.5,0.003784295175023652,,,True,2,0.13201897265389562,0.007706462871283293,0.0024038818664848804,0.12190862791612744,0.0019355607219040394,0.03646812401711941,0.0018662698566913605,0.17229081504046917
tier_10k,5000,1_1438042987127.36_20150728002307-00015-ip-10-236-191-2_372255835_10.csv,2,30,20.0,0.15,5000,1,1126,600,False,False,False,600,0,600,0.5,0.0024737167594310453,,,True,2,0.13201897265389562,0.007706462871283293,0.0024038818664848804,0.12190862791612744,0.001825067214667797,0.0497336839325726,0.0020401091314852238,0.1856198078021407
tier_10k,5000,1_1438042987127.36_20150728002307-00015-ip-10-236-191-2_372255835_10.csv,2,40,5.0,0.15,5000,1,1126,200,False,False,False,200,0,200,0.5,0.009852216748768473,,,True,2,0.13201897265389562,0.007706462871283293,0.0024038818664848804,0.12190862791612744,0.0019515641033649445,0.01872835587710142,0.0012705707922577858,0.15397132700309157
tier_10k,5000,1_1438042987127.36_20150728002307-00015-ip-10-236-191-2_372255835_10.csv,2,40,10.0,0.15,5000,1,1126,400,False,False,False,400,0,400,0.5,0.004410143329658214,,,True,2,0.13201897265389562,0.007706462871283293,0.0024038818664848804,0.12190862791612744,0.0019561806693673134,0.0355947851203382,0.001648826990276575,0.1712206737138331
tier_10k,5000,1_1438042987127.36_20150728002307-00015-ip-10-236-191-2_372255835_10.csv,2,40,15.0,0.15,5000,1,1126,600,False,False,False,600,0,600,0.5,0.0024737167594310453,,,True,2,0.13201897265389562,0.007706462871283293,0.0024038818664848804,0.12190862791612744,0.001967704389244318,0.049411477986723185,0.0019314209930598736,0.18533127754926682
tier_10k,5000,1_1438042987127.36_20150728002307-00015-ip-10-236-191-2_372255835_10.csv,2,40,20.0,0.15,5000,1,1126,800,False,False,False,800,0,800,0.5,0.0015479876160990713,,,True,2,0.13201897265389562,0.007706462871283293,0.0024038818664848804,0.12190862791612744,0.0020295740105211735,0.06621475471183658,0.002378063276410103,0.20264300284907222
tier_10k,5000,1_1438042987127.36_20150728002307-00015-ip-10-236-191-2_372255835_10.csv,2,50,5.0,0.15,5000,1,1126,250,False,False,False,250,0,250,0.5,0.007905138339920948,,,True,2,0.13201897265389562,0.007706462871283293,0.0024038818664848804,0.12190862791612744,0.0016912040300667286,0.021388764027506113,0.0015100757591426373,0.15661052195355296
tier_10k,5000,1_1438042987127.36_20150728002307-00015-ip-10-236-191-2_372255835_10.csv,2,50,10.0,0.15,5000,1,1126,500,False,False,False,500,0,500,0.5,0.003286770747740345,,,True,2,0.13201897265389562,0.007706462871283293,0.0024038818664848804,0.12190862791612744,0.0017345231026411057,0.04065471887588501,0.001825091429054737,0.1762349745258689
tier_10k,5000,1_1438042987127.36_20150728002307-00015-ip-10-236-191-2_372255835_10.csv,2,50,15.0,0.15,5000,1,1126,750,False,False,False,750,0,750,0.5,0.001713796058269066,,,True,2,0.13201897265389562,0.007706462871283293,0.0024038818664848804,0.12190862791612744,0.0020072171464562416,0.06201721401885152,0.0021100733429193497,0.19815519358962774
tier_10k,5000,1_1438042987127.36_20150728002307-00015-ip-10-236-191-2_372255835_10.csv,2,50,20.0,0.15,5000,1,1126,1000,False,False,False,1000,0,1000,0.5,0.0011089548100914888,,,True,2,0.13201897265389562,0.007706462871283293,0.0024038818664848804,0.12190862791612744,0.0018720049411058426,0.08393312385305762,0.003088568337261677,0.22091417433694005
tier_10k,5000,0_1438042988458.74_20150728002308-00325-ip-10-236-191-2_265100376_0.csv,0,10,5.0,0.15,5000,1,1673,50,False,False,False,50,0,50,0.1111111111111111,0.017241379310344827,,,True,2,0.19857423938810825,0.007618195377290249,0.002689835149794817,0.1882662088610232,0.0024475818499922752,0.0023253997787833214,0.0014595100656151772,0.2048091352917254
tier_10k,5000,0_1438042988458.74_20150728002308-00325-ip-10-236-191-2_265100376_0.csv,0,10,10.0,0.15,5000,1,1673,100,False,False,False,100,0,100,0.1111111111111111,0.009259259259259259,,,True,2,0.19857423938810825,0.007618195377290249,0.002689835149794817,0.1882662088610232,0.0025153248570859432,0.004335077945142984,0.0011712382547557354,0.20659759966656566
tier_10k,5000,0_1438042988458.74_20150728002308-00325-ip-10-236-191-2_265100376_0.csv,0,10,15.0,0.15,5000,1,1673,150,False,False,False,150,0,150,0.1111111111111111,0.006329113924050633,,,True,2,0.19857423938810825,0.007618195377290249,0.002689835149794817,0.1882662088610232,0.002738115843385458,0.006989502348005772,0.0013441029004752636,0.2096475437283516
tier_10k,5000,0_1438042988458.74_20150728002308-00325-ip-10-236-191-2_265100376_0.csv,0,10,20.0,0.15,5000,1,1673,200,False,False,False,200,0,200,0.1111111111111111,0.004807692307692308,,,True,2,0.19857423938810825,0.007618195377290249,0.002689835149794817,0.1882662088610232,0.002741037867963314,0.008760941214859486,0.0013389550149440765,0.21141683496534824
tier_10k,5000,0_1438042988458.74_20150728002308-00325-ip-10-236-191-2_265100376_0.csv,0,20,5.0,0.15,5000,1,1673,100,False,False,False,100,0,100,0.1111111111111111,0.009259259259259259,,,True,2,0.19857423938810825,0.007618195377290249,0.002689835149794817,0.1882662088610232,0.002525234129279852,0.004321345128118992,0.00104441586881876,0.2064668033272028
tier_10k,5000,0_1438042988458.74_20150728002308-00325-ip-10-236-191-2_265100376_0.csv,0,20,10.0,0.15,5000,1,1673,200,False,False,False,200,0,200,0.1111111111111111,0.004807692307692308,,,True,2,0.19857423938810825,0.007618195377290249,0.002689835149794817,0.1882662088610232,0.0027260039933025837,0.00860433466732502,0.00134238600730896,0.21124843647703528
tier_10k,5000,0_1438042988458.74_20150728002308-00325-ip-10-236-191-2_265100376_0.csv,0,20,15.0,0.15,5000,1,1673,300,False,False,False,300,0,300,0.1111111111111111,0.0030257186081694403,,,True,2,0.19857423938810825,0.007618195377290249,0.002689835149794817,0.1882662088610232,0.0027566757053136826,0.013692995999008417,0.0015691230073571205,0.21659483946859837
tier_10k,5000,0_1438042988458.74_20150728002308-00325-ip-10-236-191-2_265100376_0.csv,0,20,20.0,0.15,5000,1,1673,400,False,False,False,400,0,400,0.1111111111111111,0.002081165452653486,,,True,2,0.19857423938810825,0.007618195377290249,0.002689835149794817,0.1882662088610232,0.0027937213890254498,0.016672490630298853,0.0018503321334719658,0.21989247063174844
tier_10k,5000,0_1438042988458.74_20150728002308-00325-ip-10-236-191-2_265100376_0.csv,0,30,5.0,0.15,5000,1,1673,150,False,False,False,150,0,150,0.1111111111111111,0.006329113924050633,,,True,2,0.19857423938810825,0.007618195377290249,0.002689835149794817,0.1882662088610232,0.0024834880605340004,0.0066911401227116585,0.0012527508661150932,0.2090031635016203
tier_10k,5000,0_1438042988458.74_20150728002308-00325-ip-10-236-191-2_265100376_0.csv,0,30,10.0,0.15,5000,1,1673,300,False,False,False,300,0,300,0.1111111111111111,0.0030257186081694403,,,True,2,0.19857423938810825,0.007618195377290249,0.002689835149794817,0.1882662088610232,0.0027656089514493942,0.012104842346161604,0.0016489848494529724,0.21509535424411297
tier_10k,5000,0_1438042988458.74_20150728002308-00325-ip-10-236-191-2_265100376_0.csv,0,30,15.0,0.15,5000,1,1673,450,False,False,False,450,0,450,0.1111111111111111,0.0018001800180018,,,True,2,0.19857423938810825,0.007618195377290249,0.002689835149794817,0.1882662088610232,0.0028349068015813828,0.019315067678689957,0.0017731748521327972,0.22249904880300164
tier_10k,5000,0_1438042988458.74_20150728002308-00325-ip-10-236-191-2_265100376_0.csv,0,30,20.0,0.15,5000,1,1673,600,False,False,False,600,0,600,0.1111111111111111,0.0011743981209630064,,,True,2,0.19857423938810825,0.007618195377290249,0.002689835149794817,0.1882662088610232,0.0026284721679985523,0.023429766297340393,0.002263953909277916,0.22689793026074767
tier_10k,5000,0_1438042988458.74_20150728002308-00325-ip-10-236-191-2_265100376_0.csv,0,40,5.0,0.15,5000,1,1673,200,False,False,False,200,0,200,0.1111111111111111,0.004807692307692308,,,True,2,0.19857423938810825,0.007618195377290249,0.002689835149794817,0.1882662088610232,0.0028131469152867794,0.008845548145473003,0.0015327478758990765,0.21176724834367633
tier_10k,5000,0_1438042988458.74_20150728002308-00325-ip-10-236-191-2_265100376_0.csv,0,40,10.0,0.15,5000,1,1673,400,False,False,False,400,0,400,0.1111111111111111,0.002081165452653486,,,True,2,0.19857423938810825,0.007618195377290249,0.002689835149794817,0.1882662088610232,0.0025692665949463844,0.015876693185418844,0.0015531019307672977,0.21857494534924626
tier_10k,5000,0_1438042988458.74_20150728002308-00325-ip-10-236-191-2_265100376_0.csv,0,40,15.0,0.15,5000,1,1673,600,False,False,False,600,0,600,0.1111111111111111,0.0011743981209630064,,,True,2,0.19857423938810825,0.007618195377290249,0.002689835149794817,0.1882662088610232,0.002607164904475212,0.02393072796985507,0.001976600382477045,0.22709026047959924
tier_10k,5000,0_1438042988458.74_20150728002308-00325-ip-10-236-191-2_265100376_0.csv,0,40,20.0,0.15,5000,1,1673,800,False,False,False,800,0,800,0.1111111111111111,0.0007513148009015778,,,True,2,0.19857423938810825,0.007618195377290249,0.002689835149794817,0.1882662088610232,0.0027583963237702847,0.031195887830108404,0.0021246830001473427,0.23465460818260908
tier_10k,5000,0_1438042988458.74_20150728002308-00325-ip-10-236-191-2_265100376_0.csv,0,50,5.0,0.15,5000,1,1673,250,False,False,False,250,0,250,0.1111111111111111,0.003875968992248062,,,True,2,0.19857423938810825,0.007618195377290249,0.002689835149794817,0.1882662088610232,0.0025076312012970448,0.010105827823281288,0.0014648321084678173,0.2126540462486446
tier_10k,5000,0_1438042988458.74_20150728002308-00325-ip-10-236-191-2_265100376_0.csv,0,50,10.0,0.15,5000,1,1673,500,False,False,False,500,0,500,0.1111111111111111,0.0015349194167306216,,,True,2,0.19857423938810825,0.007618195377290249,0.002689835149794817,0.1882662088610232,0.002839909866452217,0.020004964899271727,0.0021252729929983616,0.22354606725275517
tier_10k,5000,0_1438042988458.74_20150728002308-00325-ip-10-236-191-2_265100376_0.csv,0,50,15.0,0.15,5000,1,1673,750,False,False,False,750,0,750,0.1111111111111111,0.0008291873963515755,,,True,2,0.19857423938810825,0.007618195377290249,0.002689835149794817,0.1882662088610232,0.002638563048094511,0.02979174070060253,0.002114793285727501,0.23312089638784528
tier_10k,5000,0_1438042988458.74_20150728002308-00325-ip-10-236-191-2_265100376_0.csv,0,50,20.0,0.15,5000,1,1673,1000,False,False,False,1000,0,1000,0.1111111111111111,0.0005305039787798408,,,True,2,0.19857423938810825,0.007618195377290249,0.002689835149794817,0.1882662088610232,0.002711466047912836,0.03778592078015208,0.0028820433653891087,0.24195527471601963
tier_10k,5000,1_1438042987127.36_20150728002307-00000-ip-10-236-191-2_300770320_2.csv,0,10,5.0,0.15,5000,6784,3612,50,False,True,True,50,10,50,0.11538461538461539,0.9830508474576272,0.8662790697674418,33.82707464694977,True,2,0.41851406963542104,0.01113592879846692,0.005640598013997078,0.40173754282295704,0.005652140825986862,0.009201243054121733,0.004049571696668863,0.43741957284510136
tier_10k,5000,1_1438042987127.36_20150728002307-00000-ip-10-236-191-2_300770320_2.csv,0,10,10.0,0.15,5000,6784,3612,100,False,True,True,100,10,100,0.11538461538461539,0.9853113983548766,0.8535031847133758,34.10204464197159,True,2,0.41851406963542104,0.01113592879846692,0.005640598013997078,0.40173754282295704,0.006327725015580654,0.01670373184606433,0.003835767973214388,0.4453831408172846
tier_10k,5000,1_1438042987127.36_20150728002307-00000-ip-10-236-191-2_300770320_2.csv,0,10,15.0,0.15,5000,6784,3612,150,False,True,True,150,10,150,0.11538461538461539,0.9865010799136069,0.8535031847133758,34.10204464197159,True,2,0.41851406963542104,0.01113592879846692,0.005640598013997078,0.40173754282295704,0.0061069680377841,0.02480174507945776,0.004107870161533356,0.4535325998440385
tier_10k,5000,1_1438042987127.36_20150728002307-00000-ip-10-236-191-2_300770320_2.csv,0,10,20.0,0.15,5000,6784,3612,200,False,True,True,200,10,200,0.11538461538461539,0.9872188139059305,0.8391608391608392,34.11713761091232,True,2,0.41851406963542104,0.01113592879846692,0.005640598013997078,0.40173754282295704,0.006226560566574335,0.0327659547328949,0.004173790104687214,0.4616822898387909
tier_10k,5000,1_1438042987127.36_20150728002307-00000-ip-10-236-191-2_300770320_2.csv,0,20,5.0,0.15,5000,6784,3612,100,False,True,True,100,20,100,0.11538461538461539,0.9853113983548766,0.9362880886426593,66.57032370567322,True,2,0.41851406963542104,0.01113592879846692,0.005640598013997078,0.40173754282295704,0.006004382390528917,0.01652283687144518,0.0036858958192169666,0.44472897658124566
tier_10k,5000,1_1438042987127.36_20150728002307-00000-ip-10-236-191-2_300770320_2.csv,0,20,10.0,0.15,5000,6784,3612,200,False,True,True,200,20,200,0.11538461538461539,0.9872188139059305,0.9198606271777003,67.00933867692947,True,2,0.41851406963542104,0.01113592879846692,0.005640598013997078,0.40173754282295704,0.005978329107165337,0.03235900402069092,0.004198860842734575,0.46105184173211455
tier_10k,5000,1_1438042987127.36_20150728002307-00000-ip-10-236-191-2_300770320_2.csv,0,20,15.0,0.15,5000,6784,3612,300,False,True,True,300,20,300,0.11538461538461539,0.9847485572959604,0.9011857707509882,67.60998767614365,True,2,0.41851406963542104,0.01113592879846692,0.005640598013997078,0.40173754282295704,0.006032356061041355,0.050588603131473064,0.0047547537833452225,0.47989162988960743
tier_10k,5000,1_1438042987127.36_20150728002307-00000-ip-10-236-191-2_300770320_2.csv,0,20,20.0,0.15,5000,6784,3612,400,False,True,True,400,20,400,0.11538461538461539,0.9543656829936112,0.9046511627906977,69.20014953613281,True,3,0.41851406963542104,0.01113592879846692,0.005640598013997078,0.40173754282295704,0.00814406992867589,0.06433430593460798,0.005029278341680765,0.4960235729813576
tier_10k,5000,1_1438042987127.36_20150728002307-00000-ip-10-236-191-2_300770320_2.csv,0,30,5.0,0.15,5000,6784,3612,150,False,True,True,150,30,150,0.11538461538461539,0.9865010799136069,0.9444444444444444,98.085433781147,True,2,0.41851406963542104,0.01113592879846692,0.005640598013997078,0.40173754282295704,0.006030248943716288,0.024822129402309656,0.003803171217441559,0.4531713635660708
tier_10k,5000,1_1438042987127.36_20150728002307-00000-ip-10-236-191-2_300770320_2.csv,0,30,10.0,0.15,5000,6784,3612,300,False,True,True,300,30,300,0.11538461538461539,0.9847485572959604,0.9406392694063926,99.57375085353851,True,2,0.41851406963542104,0.01113592879846692,0.005640598013997078,0.40173754282295704,0.00599702401086688,0.04980599507689476,0.004827592056244612,0.47914657555520535
tier_10k,5000,1_1438042987127.36_20150728002307-00000-ip-10-236-191-2_300770320_2.csv,0,30,15.0,0.15,5000,6784,3612,450,False,True,True,450,30,450,0.11538461538461539,0.9417363715027401,0.9119373776908023,102.66037076711655,True,4,0.41851406963542104,0.01113592879846692,0.005640598013997078,0.40173754282295704,0.009964146185666323,0.07192245498299599,0.005428031086921692,0.5058304737322032
tier_10k,5000,1_1438042987127.36_20150728002307-00000-ip-10-236-191-2_300770320_2.csv,0,30,20.0,0.15,5000,6784,3612,600,False,True,True,600,30,600,0.11538461538461539,0.9081351689612015,0.9097744360902256,102.80293148756027,True,4,0.41851406963542104,0.01113592879846692,0.005640598013997078,0.40173754282295704,0.010061982087790966,0.09945388417690992,0.006710422225296497,0.5347427995875478
tier_10k,5000,1_1438042987127.36_20150728002307-00000-ip-10-236-191-2_300770320_2.csv,0,40,5.0,0.15,5000,6784,3612,200,False,True,True,200,40,200,0.11538461538461539,0.9872188139059305,0.95,128.67579156160355,True,2,0.41851406963542104,0.01113592879846692,0.005640598013997078,0.40173754282295704,0.006158086936920881,0.03244255529716611,0.004059724975377321,0.46117642940953374
tier_10k,5000,1_1438042987127.36_20150728002307-00000-ip-10-236-191-2_300770320_2.csv,0,40,10.0,0.15,5000,6784,3612,400,False,True,True,400,40,400,0.11538461538461539,0.9543656829936112,0.938101788170564,134.6819224357605,True,3,0.41851406963542104,0.01113592879846692,0.005640598013997078,0.40173754282295704,0.008093990851193666,0.06360890669748187,0.005348070990294218,0.4955670377239585
tier_10k,5000,1_1438042987127.36_20150728002307-00000-ip-10-236-191-2_300770320_2.csv,0,40,15.0,0.15,5000,6784,3612,600,False,True,True,600,40,600,0.11538461538461539,0.9081351689612015,0.9243589743589744,135.52388393878937,True,4,0.41851406963542104,0.01113592879846692,0.005640598013997078,0.40173754282295704,0.010654354002326727,0.0959429582580924,0.006405455991625786,0.5315191699191928
tier_10k,5000,1_1438042987127.36_20150728002307-00000-ip-10-236-191-2_300770320_2.csv,0,40,20.0,0.15,5000,6784,3612,800,False,True,True,800,40,800,0.11538461538461539,0.8608309802339653,0.8795336787564767,136.6581072807312,True,4,0.41851406963542104,0.01113592879846692,0.005640598013997078,0.40173754282295704,0.01080710906535387,0.12495957827195525,0.007660598028451204,0.5619434486143291
tier_10k,5000,1_1438042987127.36_20150728002307-00000-ip-10-236-191-2_300770320_2.csv,0,50,5.0,0.15,5000,6784,3612,250,False,True,True,250,50,250,0.11538461538461539,0.9878404669260701,0.9520833333333333,160.01343968510628,True,2,0.41851406963542104,0.01113592879846692,0.005640598013997078,0.40173754282295704,0.006241965107619762,0.04046807996928692,0.004424900282174349,0.4696507966145873
tier_10k,5000,1_1438042987127.36_20150728002307-00000-ip-10-236-191-2_300770320_2.csv,0,50,10.0,0.15,5000,6784,3612,500,False,True,True,500,50,500,0.11538461538461539,0.9298339582217461,0.9337016574585635,166.64515906572342,True,3,0.41851406963542104,0.01113592879846692,0.005640598013997078,0.40173754282295704,0.008318278007209301,0.08073051692917943,0.005752259865403175,0.5133168254978955
tier_10k,5000,1_1438042987127.36_20150728002307-00000-ip-10-236-191-2_300770320_2.csv,0,50,15.0,0.15,5000,6784,3612,750,False,True,True,750,50,750,0.11538461538461539,0.8758314855875832,0.9070321811680572,168.82571232318878,True,4,0.41851406963542104,0.01113592879846692,0.005640598013997078,0.40173754282295704,0.010337921790778637,0.11796737276017666,0.007169347256422043,0.5539904995821416
tier_10k,5000,1_1438042987127.36_20150728002307-00000-ip-10-236-191-2_300770320_2.csv,0,50,20.0,0.15,5000,6784,3612,1000,False,True,True,1000,50,1000,0.11538461538461539,0.8042773817239145,0.8602409638554217,171.43236243724823,True,3,0.41851406963542104,0.01113592879846692,0.005640598013997078,0.40173754282295704,0.008461857680231333,0.16260993806645274,0.00870900833979249,0.5982969705946743
tier_10k,5000,0_1438042988061.16_20150728002308-00164-ip-10-236-191-2_873456340_3.csv,0,10,5.0,0.15,5000,4295,4011,50,False,True,True,50,10,50,0.8,0.9981203007518797,0.9891304347826086,14.961301505565643,True,1,0.4702746272087097,0.021426343824714422,0.005463504232466221,0.4433847791515291,0.005380817223340273,0.0042190952226519585,0.004526710137724876,0.484403767157346
tier_10k,5000,0_1438042988061.16_20150728002308-00164-ip-10-236-191-2_873456340_3.csv,0,10,10.0,0.15,5000,4295,4011,100,False,True,True,100,10,100,0.8,0.99140708915145,0.9787234042553191,15.231279015541077,True,2,0.4702746272087097,0.021426343824714422,0.005463504232466221,0.4433847791515291,0.007182632107287645,0.006898445077240467,0.0032479828223586082,0.48760542226955295
tier_10k,5000,0_1438042988061.16_20150728002308-00164-ip-10-236-191-2_873456340_3.csv,0,10,15.0,0.15,5000,4295,4011,150,False,True,True,150,10,150,0.8,0.947085201793722,0.8636363636363636,16.514059722423553,True,3,0.4702746272087097,0.021426343824714422,0.005463504232466221,0.4433847791515291,0.009234017226845026,0.010113999713212252,0.005261546932160854,0.49488624138757586
tier_10k,5000,0_1438042988061.16_20150728002308-00164-ip-10-236-191-2_873456340_3.csv,0,10,20.0,0.15,5000,4295,4011,200,False,True,True,200,10,200,0.8,0.9119170984455959,0.8717948717948718,16.800888001918793,True,4,0.4702746272087097,0.021426343824714422,0.005463504232466221,0.4433847791515291,0.01442095497623086,0.013803672976791859,0.004899860359728336,0.5034015481360257
tier_10k,5000,0_1438042988061.16_20150728002308-00164-ip-10-236-191-2_873456340_3.csv,0,20,5.0,0.15,5000,4295,4011,100,False,True,True,100,20,100,0.8,0.99140708915145,0.9736842105263158,29.62652337551117,True,2,0.4702746272087097,0.021426343824714422,0.005463504232466221,0.4433847791515291,0.009877984877675772,0.006649769842624664,0.003730866126716137,0.490535578224808
tier_10k,5000,0_1438042988061.16_20150728002308-00164-ip-10-236-191-2_873456340_3.csv,0,20,10.0,0.15,5000,4295,4011,200,False,True,True,200,20,200,0.8,0.9119170984455959,0.8793103448275862,31.61443281173706,True,4,0.4702746272087097,0.021426343824714422,0.005463504232466221,0.4433847791515291,0.013846126850694418,0.013731166254729033,0.004720750730484724,0.5025750612840056
tier_10k,5000,0_1438042988061.16_20150728002308-00164-ip-10-236-191-2_873456340_3.csv,0,20,15.0,0.15,5000,4295,4011,300,False,True,True,300,20,300,0.8,0.8599124452782989,0.8137254901960784,32.020002007484436,True,4,0.4702746272087097,0.021426343824714422,0.005463504232466221,0.4433847791515291,0.0142719023860991,0.02059655822813511,0.00591540802270174,0.5110610113479197
tier_10k,5000,0_1438042988061.16_20150728002308-00164-ip-10-236-191-2_873456340_3.csv,0,20,20.0,0.15,5000,4295,4011,400,False,True,True,400,20,400,0.8,0.799034664326459,0.7777777777777778,32.2986541390419,True,3,0.4702746272087097,0.021426343824714422,0.005463504232466221,0.4433847791515291,0.011216946877539158,0.025661269202828407,0.007560620084404945,0.5147159621119499
tier_10k,5000,0_1438042988061.16_20150728002308-00164-ip-10-236-191-2_873456340_3.csv,0,30,5.0,0.15,5000,4295,4011,150,False,True,True,150,30,150,0.8,0.947085201793722,0.9006622516556292,45.63367009162903,True,3,0.4702746272087097,0.021426343824714422,0.005463504232466221,0.4433847791515291,0.010836012195795774,0.010879551991820335,0.004669752903282642,0.4966623391956091
tier_10k,5000,0_1438042988061.16_20150728002308-00164-ip-10-236-191-2_873456340_3.csv,0,30,10.0,0.15,5000,4295,4011,300,False,True,True,300,30,300,0.8,0.8599124452782989,0.8235294117647058,46.80083930492401,True,4,0.4702746272087097,0.021426343824714422,0.005463504232466221,0.4433847791515291,0.013891214970499277,0.020341951865702868,0.005854548886418343,0.5103645622730255
tier_10k,5000,0_1438042988061.16_20150728002308-00164-ip-10-236-191-2_873456340_3.csv,0,30,15.0,0.15,5000,4295,4011,450,False,True,True,450,30,450,0.8,0.7712162690653109,0.6956521739130435,47.70706170797348,True,3,0.4702746272087097,0.021426343824714422,0.005463504232466221,0.4433847791515291,0.012086709961295128,0.02907084720209241,0.008604230359196663,0.5200388203375041
tier_10k,5000,0_1438042988061.16_20150728002308-00164-ip-10-236-191-2_873456340_3.csv,0,30,20.0,0.15,5000,4295,4011,600,False,True,True,600,30,600,0.8,0.6993521790341578,0.5,50.382756412029266,True,4,0.4702746272087097,0.021426343824714422,0.005463504232466221,0.4433847791515291,0.012288671918213367,0.03479899186640978,0.007052991073578596,0.5244175745174289
tier_10k,5000,0_1438042988061.16_20150728002308-00164-ip-10-236-191-2_873456340_3.csv,0,40,5.0,0.15,5000,4295,4011,200,False,True,True,200,40,200,0.8,0.9119170984455959,0.8708133971291866,60.4556200504303,True,4,0.4702746272087097,0.021426343824714422,0.005463504232466221,0.4433847791515291,0.013559946790337563,0.012933021876960993,0.004885078873485327,0.5016549173742533
tier_10k,5000,0_1438042988061.16_20150728002308-00164-ip-10-236-191-2_873456340_3.csv,0,40,10.0,0.15,5000,4295,4011,400,False,True,True,400,40,400,0.8,0.799034664326459,0.75,61.97516334056854,True,3,0.4702746272087097,0.021426343824714422,0.005463504232466221,0.4433847791515291,0.011977538000792265,0.02505684271454811,0.00791158014908433,0.5152230118401349
tier_10k,5000,0_1438042988061.16_20150728002308-00164-ip-10-236-191-2_873456340_3.csv,0,40,15.0,0.15,5000,4295,4011,600,False,True,True,600,40,600,0.8,0.6993521790341578,0.4755244755244755,66.38202452659607,True,4,0.4702746272087097,0.021426343824714422,0.005463504232466221,0.4433847791515291,0.012550920248031616,0.0347729311324656,0.0073311529122292995,0.5249318471178412
tier_10k,5000,0_1438042988061.16_20150728002308-00164-ip-10-236-191-2_873456340_3.csv,0,40,20.0,0.15,5000,4295,4011,800,False,True,True,800,40,800,0.8,0.6296382189239332,0.4253731343283582,67.38828891515732,True,3,0.4702746272087097,0.021426343824714422,0.005463504232466221,0.4433847791515291,0.011909226886928082,0.047692375257611275,0.008905672002583742,0.5387842659838498
tier_10k,5000,0_1438042988061.16_20150728002308-00164-ip-10-236-191-2_873456340_3.csv,0,50,5.0,0.15,5000,4295,4011,250,False,True,True,250,50,250,0.8,0.8839704896042925,0.8427947598253275,75.32237714529037,True,4,0.4702746272087097,0.021426343824714422,0.005463504232466221,0.4433847791515291,0.013809498865157366,0.0178168136626482,0.004636733792722225,0.5065399729646742
tier_10k,5000,0_1438042988061.16_20150728002308-00164-ip-10-236-191-2_873456340_3.csv,0,50,10.0,0.15,5000,4295,4011,500,False,True,True,500,50,500,0.8,0.7455497382198953,0.5706521739130435,78.9319657087326,True,3,0.4702746272087097,0.021426343824714422,0.005463504232466221,0.4433847791515291,0.011995051056146622,0.031136441975831985,0.006749601103365421,0.5201579448767006
tier_10k,5000,0_1438042988061.16_20150728002308-00164-ip-10-236-191-2_873456340_3.csv,0,50,15.0,0.15,5000,4295,4011,750,False,True,True,750,50,750,0.8,0.6448948948948949,0.37012987012987014,83.43613648414612,True,4,0.4702746272087097,0.021426343824714422,0.005463504232466221,0.4433847791515291,0.013540355022996664,0.041964663192629814,0.008946055080741644,0.53472800552845
tier_10k,5000,0_1438042988061.16_20150728002308-00164-ip-10-236-191-2_873456340_3.csv,0,50,20.0,0.15,5000,4295,4011,1000,False,True,True,1000,50,1000,0.8,0.5776255707762558,0.3717948717948718,84.25158452987671,True,4,0.4702746272087097,0.021426343824714422,0.005463504232466221,0.4433847791515291,0.013506319839507341,0.052713853772729635,0.012113344855606556,0.548610364086926
tier_10k,5000,0_1438042988458.74_20150728002308-00046-ip-10-236-191-2_688841822_2.csv,2,10,5.0,0.15,5000,1,1215,50,False,True,True,50,10,50,0.7450980392156863,0.38,0.6333333333333333,39.05994176864624,True,2,0.1506093074567616,0.011753405444324017,0.0022952407598495483,0.13656066125258803,0.0017424053512513638,0.005086223129183054,0.003945887088775635,0.16138648241758347
tier_10k,5000,0_1438042988458.74_20150728002308-00046-ip-10-236-191-2_688841822_2.csv,2,10,10.0,0.15,5000,1,1215,100,False,True,True,100,10,100,0.7450980392156863,0.25333333333333335,0.6333333333333333,39.74888116121292,True,2,0.1506093074567616,0.011753405444324017,0.0022952407598495483,0.13656066125258803,0.0032333419658243656,0.013284661341458559,0.0035218498669564724,0.17065143212676048
tier_10k,5000,0_1438042988458.74_20150728002308-00046-ip-10-236-191-2_688841822_2.csv,2,10,15.0,0.15,5000,1,1215,150,False,True,True,150,10,150,0.7450980392156863,0.1792452830188679,0.628099173553719,40.13761121034622,True,2,0.1506093074567616,0.011753405444324017,0.0022952407598495483,0.13656066125258803,0.003124150913208723,0.01714554103091359,0.004303175024688244,0.17518431041389704
tier_10k,5000,0_1438042988458.74_20150728002308-00046-ip-10-236-191-2_688841822_2.csv,2,10,20.0,0.15,5000,1,1215,200,False,True,True,200,10,200,0.7450980392156863,0.13240418118466898,0.6129032258064516,40.38787692785263,True,2,0.1506093074567616,0.011753405444324017,0.0022952407598495483,0.13656066125258803,0.0031341039575636387,0.02215055888518691,0.004059929866343737,0.17995603615418077
tier_10k,5000,0_1438042988458.74_20150728002308-00046-ip-10-236-191-2_688841822_2.csv,2,20,5.0,0.15,5000,1,1215,100,False,True,True,100,20,100,0.7450980392156863,0.25333333333333335,0.5428571428571428,77.01770371198654,True,2,0.1506093074567616,0.011753405444324017,0.0022952407598495483,0.13656066125258803,0.0030853301286697388,0.012459104880690575,0.00315119419246912,0.16930706379935145
tier_10k,5000,0_1438042988458.74_20150728002308-00046-ip-10-236-191-2_688841822_2.csv,2,20,10.0,0.15,5000,1,1215,200,False,True,True,200,20,200,0.7450980392156863,0.13240418118466898,0.5241379310344828,78.12340116500854,True,2,0.1506093074567616,0.011753405444324017,0.0022952407598495483,0.13656066125258803,0.003158452920615673,0.022597594186663628,0.004032273776829243,0.18039990635588765
tier_10k,5000,0_1438042988458.74_20150728002308-00046-ip-10-236-191-2_688841822_2.csv,2,20,15.0,0.15,5000,1,1215,300,False,True,True,300,20,300,0.7450980392156863,0.08180839612486544,0.48717948717948717,79.10626006126404,True,2,0.1506093074567616,0.011753405444324017,0.0022952407598495483,0.13656066125258803,0.003180126193910837,0.030936236027628183,0.004903663881123066,0.18963174242526293
tier_10k,5000,0_1438042988458.74_20150728002308-00046-ip-10-236-191-2_688841822_2.csv,2,20,20.0,0.15,5000,1,1215,400,False,True,True,400,20,400,0.7450980392156863,0.0549530007230658,0.4634146341463415,79.87505495548248,True,2,0.1506093074567616,0.011753405444324017,0.0022952407598495483,0.13656066125258803,0.0034806011244654655,0.04038770869374275,0.006531646940857172,0.20101149939000607
tier_10k,5000,0_1438042988458.74_20150728002308-00046-ip-10-236-191-2_688841822_2.csv,2,30,5.0,0.15,5000,1,1215,150,False,True,True,150,30,150,0.7450980392156863,0.1792452830188679,0.4720496894409938,114.58366304636002,True,2,0.1506093074567616,0.011753405444324017,0.0022952407598495483,0.13656066125258803,0.0031237881630659103,0.01628205133602023,0.004366968758404255,0.17438436951488256
tier_10k,5000,0_1438042988458.74_20150728002308-00046-ip-10-236-191-2_688841822_2.csv,2,30,10.0,0.15,5000,1,1215,300,False,True,True,300,30,300,0.7450980392156863,0.08180839612486544,0.4222222222222222,116.72238826751709,True,2,0.1506093074567616,0.011753405444324017,0.0022952407598495483,0.13656066125258803,0.003468903247267008,0.031231097877025604,0.005294577218592167,0.19060627045109868
tier_10k,5000,0_1438042988458.74_20150728002308-00046-ip-10-236-191-2_688841822_2.csv,2,30,15.0,0.15,5000,1,1215,450,False,True,True,450,30,450,0.7450980392156863,0.04654011022657685,0.38190954773869346,118.02348667383194,True,2,0.1506093074567616,0.011753405444324017,0.0022952407598495483,0.13656066125258803,0.003279936034232378,0.04459586087614298,0.0060239387676119804,0.20451127458363771
tier_10k,5000,0_1438042988458.74_20150728002308-00046-ip-10-236-191-2_688841822_2.csv,2,30,20.0,0.15,5000,1,1215,600,False,True,True,600,30,600,0.7450980392156863,0.03099510603588907,0.35185185185185186,119.46657174825668,True,2,0.1506093074567616,0.011753405444324017,0.0022952407598495483,0.13656066125258803,0.003506131935864687,0.059356498066335917,0.007203890010714531,0.22067798906937242
tier_10k,5000,0_1438042988458.74_20150728002308-00046-ip-10-236-191-2_688841822_2.csv,2,40,5.0,0.15,5000,1,1215,200,False,True,True,200,40,200,0.7450980392156863,0.13240418118466898,0.39790575916230364,152.09673088788986,True,2,0.1506093074567616,0.011753405444324017,0.0022952407598495483,0.13656066125258803,0.003166025970131159,0.020487681962549686,0.004556037951260805,0.17882122145965695
tier_10k,5000,0_1438042988458.74_20150728002308-00046-ip-10-236-191-2_688841822_2.csv,2,40,10.0,0.15,5000,1,1215,400,False,True,True,400,40,400,0.7450980392156863,0.0549530007230658,0.34545454545454546,155.29556167125702,True,2,0.1506093074567616,0.011753405444324017,0.0022952407598495483,0.13656066125258803,0.0035564079880714417,0.040291694924235344,0.006010974291712046,0.20047118654474616
tier_10k,5000,0_1438042988458.74_20150728002308-00046-ip-10-236-191-2_688841822_2.csv,2,40,15.0,0.15,5000,1,1215,600,False,True,True,600,40,600,0.7450980392156863,0.03099510603588907,0.30158730158730157,157.3935359120369,True,2,0.1506093074567616,0.011753405444324017,0.0022952407598495483,0.13656066125258803,0.0033574700355529785,0.057758864015340805,0.007592896930873394,0.21932081319391727
tier_10k,5000,0_1438042988458.74_20150728002308-00046-ip-10-236-191-2_688841822_2.csv,2,40,20.0,0.15,5000,1,1215,800,False,True,True,800,40,800,0.7450980392156863,0.01923563654770944,0.2743682310469314,158.28372240066528,True,2,0.1506093074567616,0.011753405444324017,0.0022952407598495483,0.13656066125258803,0.0036488506011664867,0.07715372275561094,0.009428214747458696,0.24084295937791467
tier_10k,5000,0_1438042988458.74_20150728002308-00046-ip-10-236-191-2_688841822_2.csv,2,50,5.0,0.15,5000,1,1215,250,False,True,True,250,50,250,0.7450980392156863,0.10425240054869685,0.3438914027149321,189.6353908777237,True,2,0.1506093074567616,0.011753405444324017,0.0022952407598495483,0.13656066125258803,0.0033639702014625072,0.026187206618487835,0.004930832888931036,0.1850938806310296
tier_10k,5000,0_1438042988458.74_20150728002308-00046-ip-10-236-191-2_688841822_2.csv,2,50,10.0,0.15,5000,1,1215,500,False,True,True,500,50,500,0.7450980392156863,0.0403611258629846,0.2783882783882784,193.81768310070038,True,2,0.1506093074567616,0.011753405444324017,0.0022952407598495483,0.13656066125258803,0.0036676661111414433,0.05167881678789854,0.007242911960929632,0.21320141945034266
tier_10k,5000,0_1438042988458.74_20150728002308-00046-ip-10-236-191-2_688841822_2.csv,2,50,15.0,0.15,5000,1,1215,750,False,True,True,750,50,750,0.7450980392156863,0.021701884637350087,0.24675324675324675,195.8100712299347,True,2,0.1506093074567616,0.011753405444324017,0.0022952407598495483,0.13656066125258803,0.0036224420182406902,0.07163058733567595,0.008956271689385176,0.2348210671916604
tier_10k,5000,0_1438042988458.74_20150728002308-00046-ip-10-236-191-2_688841822_2.csv,2,50,20.0,0.15,5000,1,1215,1000,False,True,True,1000,50,1000,0.7450980392156863,0.01131794489947878,0.19843342036553524,196.6929252743721,True,2,0.1506093074567616,0.011753405444324017,0.0022952407598495483,0.13656066125258803,0.00373145192861557,0.09428160870447755,0.010172248352319002,0.2587969936430454
tier_10k,5000,1_1438042990112.50_20150728002310-00103-ip-10-236-191-2_381157664_0.csv,3,10,5.0,0.15,5000,4076,2368,50,False,True,True,50,10,50,0.47058823529411764,0.993238674780257,0.9771689497716894,19.605778098106384,True,2,0.2835467695258558,0.013586197048425674,0.004140044096857309,0.2658205283805728,0.0031544179655611515,0.008224878925830126,0.0044027832336723804,0.2993312827311456
tier_10k,5000,1_1438042990112.50_20150728002310-00103-ip-10-236-191-2_381157664_0.csv,3,10,10.0,0.15,5000,4076,2368,100,False,True,True,100,10,100,0.47058823529411764,0.9945750452079566,0.9210526315789473,20.26633358001709,True,1,0.2835467695258558,0.013586197048425674,0.004140044096857309,0.2658205283805728,0.0024887630715966225,0.01274336688220501,0.0033202790655195713,0.3021010714583099
tier_10k,5000,1_1438042990112.50_20150728002310-00103-ip-10-236-191-2_381157664_0.csv,3,10,15.0,0.15,5000,4076,2368,150,False,True,True,150,10,150,0.47058823529411764,0.9951508620689655,0.9090909090909091,20.600066035985947,True,1,0.2835467695258558,0.013586197048425674,0.004140044096857309,0.2658205283805728,0.003912965301424265,0.02151473890990019,0.004891206976026297,0.31386806908994913
tier_10k,5000,1_1438042990112.50_20150728002310-00103-ip-10-236-191-2_381157664_0.csv,3,10,20.0,0.15,5000,4076,2368,200,False,True,True,200,10,200,0.47058823529411764,0.9954384186517993,0.9072164948453608,20.684239208698273,True,1,0.2835467695258558,0.013586197048425674,0.004140044096857309,0.2658205283805728,0.003909718245267868,0.026420021895319223,0.004690111149102449,0.3185689062811434
tier_10k,5000,1_1438042990112.50_20150728002310-00103-ip-10-236-191-2_381157664_0.csv,3,20,5.0,0.15,5000,4076,2368,100,False,True,True,100,20,100,0.47058823529411764,0.9945750452079566,0.9742120343839542,38.86294314265251,True,1,0.2835467695258558,0.013586197048425674,0.004140044096857309,0.2658205283805728,0.004105417989194393,0.014270013198256493,0.003683163318783045,0.3056077538058162
tier_10k,5000,1_1438042990112.50_20150728002310-00103-ip-10-236-191-2_381157664_0.csv,3,20,10.0,0.15,5000,4076,2368,200,False,True,True,200,20,200,0.47058823529411764,0.9954384186517993,0.9419354838709677,40.5439176261425,True,1,0.2835467695258558,0.013586197048425674,0.004140044096857309,0.2658205283805728,0.00394516671076417,0.02624309156090021,0.005101670976728201,0.3188392724841833
tier_10k,5000,1_1438042990112.50_20150728002310-00103-ip-10-236-191-2_381157664_0.csv,3,20,15.0,0.15,5000,4076,2368,300,False,True,True,300,20,300,0.47058823529411764,0.9849521203830369,0.975799481417459,44.262659311294556,True,2,0.2835467695258558,0.013586197048425674,0.004140044096857309,0.2658205283805728,0.006298036314547062,0.039254064206033945,0.0065366229973733425,0.3356381976045668
tier_10k,5000,1_1438042990112.50_20150728002310-00103-ip-10-236-191-2_381157664_0.csv,3,20,20.0,0.15,5000,4076,2368,400,False,True,True,400,20,400,0.47058823529411764,0.9608771492648891,0.972894482090997,44.73294723033905,True,4,0.2835467695258558,0.013586197048425674,0.004140044096857309,0.2658205283805728,0.008279846049845219,0.050256538204848766,0.007940140087157488,0.3500257055275142
tier_10k,5000,1_1438042990112.50_20150728002310-00103-ip-10-236-191-2_381157664_0.csv,3,30,5.0,0.15,5000,4076,2368,150,False,True,True,150,30,150,0.47058823529411764,0.9951508620689655,0.9712460063897763,59.628950744867325,True,1,0.2835467695258558,0.013586197048425674,0.004140044096857309,0.2658205283805728,0.0044234213419258595,0.019604275934398174,0.004124938044697046,0.31170170847326517
tier_10k,5000,1_1438042990112.50_20150728002310-00103-ip-10-236-191-2_381157664_0.csv,3,30,10.0,0.15,5000,4076,2368,300,False,True,True,300,30,300,0.47058823529411764,0.9849521203830369,0.9752186588921283,65.23704308271408,True,2,0.2835467695258558,0.013586197048425674,0.004140044096857309,0.2658205283805728,0.006149606313556433,0.03869969677180052,0.005907062906771898,0.33430531388148665
tier_10k,5000,1_1438042990112.50_20150728002310-00103-ip-10-236-191-2_381157664_0.csv,3,30,15.0,0.15,5000,4076,2368,450,False,True,True,450,30,450,0.47058823529411764,0.9498207885304659,0.9728937728937729,65.81325662136078,True,3,0.2835467695258558,0.013586197048425674,0.004140044096857309,0.2658205283805728,0.007059669122099876,0.05624120403081179,0.008606800809502602,0.35545686446130276
tier_10k,5000,1_1438042990112.50_20150728002310-00103-ip-10-236-191-2_381157664_0.csv,3,30,20.0,0.15,5000,4076,2368,600,False,True,True,600,30,600,0.47058823529411764,0.912764717311055,0.9672131147540983,66.29276865720749,True,4,0.2835467695258558,0.013586197048425674,0.004140044096857309,0.2658205283805728,0.00802403874695301,0.07228926615789533,0.01233810605481267,0.3762004552409053
tier_10k,5000,1_1438042990112.50_20150728002310-00103-ip-10-236-191-2_381157664_0.csv,3,40,5.0,0.15,5000,4076,2368,200,False,True,True,200,40,200,0.47058823529411764,0.9954384186517993,0.9770992366412213,78.68235725164413,True,1,0.2835467695258558,0.013586197048425674,0.004140044096857309,0.2658205283805728,0.0030050501227378845,0.024616377893835306,0.004857311025261879,0.3160275649279356
tier_10k,5000,1_1438042990112.50_20150728002310-00103-ip-10-236-191-2_381157664_0.csv,3,40,10.0,0.15,5000,4076,2368,400,False,True,True,400,40,400,0.47058823529411764,0.9608771492648891,0.9729354614850798,86.36139392852783,True,4,0.2835467695258558,0.013586197048425674,0.004140044096857309,0.2658205283805728,0.00922480458393693,0.050822583958506584,0.007179296109825373,0.3507756916806102
tier_10k,5000,1_1438042990112.50_20150728002310-00103-ip-10-236-191-2_381157664_0.csv,3,40,15.0,0.15,5000,4076,2368,600,False,True,True,600,40,600,0.47058823529411764,0.912764717311055,0.9635179153094463,87.24461597204208,True,4,0.2835467695258558,0.013586197048425674,0.004140044096857309,0.2658205283805728,0.007829837035387754,0.07311150664463639,0.011993539985269308,0.3764837607741356
tier_10k,5000,1_1438042990112.50_20150728002310-00103-ip-10-236-191-2_381157664_0.csv,3,40,20.0,0.15,5000,4076,2368,800,False,True,True,800,40,800,0.47058823529411764,0.8445734002509411,0.7686170212765957,96.54664885997772,True,3,0.2835467695258558,0.013586197048425674,0.004140044096857309,0.2658205283805728,0.005505131091922522,0.09936389001086354,0.007782066240906715,0.3962001265026629
tier_10k,5000,1_1438042990112.50_20150728002310-00103-ip-10-236-191-2_381157664_0.csv,3,50,5.0,0.15,5000,4076,2368,250,False,True,True,250,50,250,0.47058823529411764,0.9956584659913169,0.9807692307692307,97.53692075610161,True,1,0.2835467695258558,0.013586197048425674,0.004140044096857309,0.2658205283805728,0.004161012824624777,0.03240242088213563,0.005171400960534811,0.3252838645130396
tier_10k,5000,1_1438042990112.50_20150728002310-00103-ip-10-236-191-2_381157664_0.csv,3,50,10.0,0.15,5000,4076,2368,500,False,True,True,500,50,500,0.47058823529411764,0.9394217530977512,0.9674479166666666,106.85009655356407,True,4,0.2835467695258558,0.013586197048425674,0.004140044096857309,0.2658205283805728,0.009140992071479559,0.06052931910380721,0.009963181335479021,0.36318289395421743
tier_10k,5000,1_1438042990112.50_20150728002310-00103-ip-10-236-191-2_381157664_0.csv,3,50,15.0,0.15,5000,4076,2368,750,False,True,True,750,50,750,0.47058823529411764,0.8635298057602143,0.7732181425485961,119.3767648935318,True,3,0.2835467695258558,0.013586197048425674,0.004140044096857309,0.2658205283805728,0.006348585244268179,0.09246690990403295,0.008642122615128756,0.39100723061710596
tier_10k,5000,1_1438042990112.50_20150728002310-00103-ip-10-236-191-2_381157664_0.csv,3,50,20.0,0.15,5000,4076,2368,1000,False,True,True,1000,50,1000,0.47058823529411764,0.7713970858332313,0.5668789808917197,125.355408847332,True,3,0.2835467695258558,0.013586197048425674,0.004140044096857309,0.2658205283805728,0.00796994287520647,0.1235113637521863,0.010113081894814968,0.4251435534097254
tier_10k,5000,1_1438042987127.36_20150728002307-00080-ip-10-236-191-2_899463259_102.csv,1,10,5.0,0.15,5000,1,1754,50,False,False,False,50,0,50,0.2,0.03389830508474576,,,True,2,0.2055991543456912,0.009256995748728514,0.0023986133746802807,0.1939435452222824,0.0024966029450297356,0.001988491043448448,0.00138778705149889,0.21147399814799428
tier_10k,5000,1_1438042987127.36_20150728002307-00080-ip-10-236-191-2_899463259_102.csv,1,10,10.0,0.15,5000,1,1754,100,False,False,False,100,0,100,0.2,0.01834862385321101,,,True,2,0.2055991543456912,0.009256995748728514,0.0023986133746802807,0.1939435452222824,0.0025921990163624287,0.0037290630862116814,0.0011540986597537994,0.2130760275758803
tier_10k,5000,1_1438042987127.36_20150728002307-00080-ip-10-236-191-2_899463259_102.csv,1,10,15.0,0.15,5000,1,1754,150,False,False,False,150,0,150,0.2,0.012578616352201259,,,True,2,0.2055991543456912,0.009256995748728514,0.0023986133746802807,0.1939435452222824,0.0028382721357047558,0.006123700179159641,0.0012953062541782856,0.2158579840324819
tier_10k,5000,1_1438042987127.36_20150728002307-00080-ip-10-236-191-2_899463259_102.csv,1,10,20.0,0.15,5000,1,1754,200,False,False,False,200,0,200,0.2,0.009195402298850575,,,True,2,0.2055991543456912,0.009256995748728514,0.0023986133746802807,0.1939435452222824,0.002835610881447792,0.007972605992108583,0.0013040215708315372,0.21771297417581081
tier_10k,5000,1_1438042987127.36_20150728002307-00080-ip-10-236-191-2_899463259_102.csv,1,20,5.0,0.15,5000,1,1754,100,False,False,False,100,0,100,0.2,0.01834862385321101,,,True,2,0.2055991543456912,0.009256995748728514,0.0023986133746802807,0.1939435452222824,0.002624998800456524,0.0036331540904939175,0.0011382992379367352,0.21299715200439095
tier_10k,5000,1_1438042987127.36_20150728002307-00080-ip-10-236-191-2_899463259_102.csv,1,20,10.0,0.15,5000,1,1754,200,False,False,False,200,0,200,0.2,0.009195402298850575,,,True,2,0.2055991543456912,0.009256995748728514,0.0023986133746802807,0.1939435452222824,0.0027670632116496563,0.007234312128275633,0.0013469601981341839,0.21694899536669254
tier_10k,5000,1_1438042987127.36_20150728002307-00080-ip-10-236-191-2_899463259_102.csv,1,20,15.0,0.15,5000,1,1754,300,False,False,False,300,0,300,0.2,0.005442176870748299,,,True,2,0.2055991543456912,0.009256995748728514,0.0023986133746802807,0.1939435452222824,0.0028614308685064316,0.0114753651432693,0.0015660361386835575,0.22150375368073583
tier_10k,5000,1_1438042987127.36_20150728002307-00080-ip-10-236-191-2_899463259_102.csv,1,20,20.0,0.15,5000,1,1754,400,False,False,False,400,0,400,0.2,0.0037071362372567192,,,True,2,0.2055991543456912,0.009256995748728514,0.0023986133746802807,0.1939435452222824,0.0026511987671256065,0.014422926120460033,0.001712059136480093,0.224386946298182
tier_10k,5000,1_1438042987127.36_20150728002307-00080-ip-10-236-191-2_899463259_102.csv,1,30,5.0,0.15,5000,1,1754,150,False,False,False,150,0,150,0.2,0.012578616352201259,,,True,2,0.2055991543456912,0.009256995748728514,0.0023986133746802807,0.1939435452222824,0.002807954326272011,0.006066048052161932,0.0010490850545465946,0.2155238026753068
tier_10k,5000,1_1438042987127.36_20150728002307-00080-ip-10-236-191-2_899463259_102.csv,1,30,10.0,0.15,5000,1,1754,300,False,False,False,300,0,300,0.2,0.005442176870748299,,,True,2,0.2055991543456912,0.009256995748728514,0.0023986133746802807,0.1939435452222824,0.0026164427399635315,0.010809012223035097,0.0014513279311358929,0.22047748556360602
tier_10k,5000,1_1438042987127.36_20150728002307-00080-ip-10-236-191-2_899463259_102.csv,1,30,15.0,0.15,5000,1,1754,450,False,False,False,450,0,450,0.2,0.003127443315089914,,,True,2,0.2055991543456912,0.009256995748728514,0.0023986133746802807,0.1939435452222824,0.0029440289363265038,0.017118353862315416,0.0016185855492949486,0.22728175623342395
tier_10k,5000,1_1438042987127.36_20150728002307-00080-ip-10-236-191-2_899463259_102.csv,1,30,20.0,0.15,5000,1,1754,600,False,False,False,600,0,600,0.2,0.002017145738779627,,,True,2,0.2055991543456912,0.009256995748728514,0.0023986133746802807,0.1939435452222824,0.002895659301429987,0.022394725121557713,0.002250600140541792,0.23314166441559792
tier_10k,5000,1_1438042987127.36_20150728002307-00080-ip-10-236-191-2_899463259_102.csv,1,40,5.0,0.15,5000,1,1754,200,False,False,False,200,0,200,0.2,0.009195402298850575,,,True,2,0.2055991543456912,0.009256995748728514,0.0023986133746802807,0.1939435452222824,0.0028564180247485638,0.007888156920671463,0.001251493114978075,0.21759680332615972
tier_10k,5000,1_1438042987127.36_20150728002307-00080-ip-10-236-191-2_899463259_102.csv,1,40,10.0,0.15,5000,1,1754,400,False,False,False,400,0,400,0.2,0.0037071362372567192,,,True,2,0.2055991543456912,0.009256995748728514,0.0023986133746802807,0.1939435452222824,0.0029142480343580246,0.016131056006997824,0.0014701848849654198,0.22611619997769594
tier_10k,5000,1_1438042987127.36_20150728002307-00080-ip-10-236-191-2_899463259_102.csv,1,40,15.0,0.15,5000,1,1754,600,False,False,False,600,0,600,0.2,0.002017145738779627,,,True,2,0.2055991543456912,0.009256995748728514,0.0023986133746802807,0.1939435452222824,0.0029818378388881683,0.022742710076272488,0.0019388757646083832,0.23326421808451414
tier_10k,5000,1_1438042987127.36_20150728002307-00080-ip-10-236-191-2_899463259_102.csv,1,40,20.0,0.15,5000,1,1754,800,False,False,False,800,0,800,0.2,0.0013054830287206266,,,True,2,0.2055991543456912,0.009256995748728514,0.0023986133746802807,0.1939435452222824,0.003055738750845194,0.030944332014769316,0.0023712990805506706,0.2419720906764269
tier_10k,5000,1_1438042987127.36_20150728002307-00080-ip-10-236-191-2_899463259_102.csv,1,50,5.0,0.15,5000,1,1754,250,False,False,False,250,0,250,0.2,0.006837606837606838,,,True,2,0.2055991543456912,0.009256995748728514,0.0023986133746802807,0.1939435452222824,0.0028552571311593056,0.009920137003064156,0.0012118211016058922,0.21958795143291354
tier_10k,5000,1_1438042987127.36_20150728002307-00080-ip-10-236-191-2_899463259_102.csv,1,50,10.0,0.15,5000,1,1754,500,False,False,False,500,0,500,0.2,0.0026972353337828725,,,True,2,0.2055991543456912,0.009256995748728514,0.0023986133746802807,0.1939435452222824,0.0029366440139710903,0.018422263674438,0.0018672691658139229,0.22882698476314545
tier_10k,5000,1_1438042987127.36_20150728002307-00080-ip-10-236-191-2_899463259_102.csv,1,50,15.0,0.15,5000,1,1754,750,False,False,False,750,0,750,0.2,0.001447178002894356,,,True,2,0.2055991543456912,0.009256995748728514,0.0023986133746802807,0.1939435452222824,0.0028138230554759502,0.027051840908825397,0.002255961298942566,0.2377225523814559
tier_10k,5000,1_1438042987127.36_20150728002307-00080-ip-10-236-191-2_899463259_102.csv,1,50,20.0,0.15,5000,1,1754,1000,False,False,False,1000,0,1000,0.2,0.0009111617312072893,,,True,2,0.2055991543456912,0.009256995748728514,0.0023986133746802807,0.1939435452222824,0.002915753982961178,0.03538154996931553,0.0028412938117980957,0.2467392785474658
tier_10k,5000,1_1438042987127.36_20150728002307-00140-ip-10-236-191-2_74640728_1.csv,1,10,5.0,0.15,5000,1,1427,50,False,False,False,50,0,50,0.07692307692307693,0.016129032258064516,,,True,2,0.168545993976295,0.008424479980021715,0.0024351440370082855,0.157686369959265,0.0022949217818677425,0.0032851779833436012,0.0014286031946539879,0.17555678822100163
tier_10k,5000,1_1438042987127.36_20150728002307-00140-ip-10-236-191-2_74640728_1.csv,1,10,10.0,0.15,5000,1,1427,100,False,False,False,100,0,100,0.07692307692307693,0.008928571428571428,,,True,2,0.168545993976295,0.008424479980021715,0.0024351440370082855,0.157686369959265,0.0023700050078332424,0.006604341324418783,0.001296810805797577,0.1788188354112208
tier_10k,5000,1_1438042987127.36_20150728002307-00140-ip-10-236-191-2_74640728_1.csv,1,10,15.0,0.15,5000,1,1427,150,False,False,False,150,0,150,0.07692307692307693,0.006172839506172839,,,True,2,0.168545993976295,0.008424479980021715,0.0024351440370082855,0.157686369959265,0.0023089428432285786,0.009723099879920483,0.0012690559960901737,0.181848734151572
tier_10k,5000,1_1438042987127.36_20150728002307-00140-ip-10-236-191-2_74640728_1.csv,1,10,20.0,0.15,5000,1,1427,200,False,False,False,200,0,200,0.07692307692307693,0.0047169811320754715,,,True,2,0.168545993976295,0.008424479980021715,0.0024351440370082855,0.157686369959265,0.0023021879605948925,0.012382745277136564,0.001376771368086338,0.18460920080542564
tier_10k,5000,1_1438042987127.36_20150728002307-00140-ip-10-236-191-2_74640728_1.csv,1,20,5.0,0.15,5000,1,1427,100,False,False,False,100,0,100,0.07692307692307693,0.008928571428571428,,,True,2,0.168545993976295,0.008424479980021715,0.0024351440370082855,0.157686369959265,0.0022936458699405193,0.0065717329271137714,0.001272477675229311,0.1786855198442936
tier_10k,5000,1_1438042987127.36_20150728002307-00140-ip-10-236-191-2_74640728_1.csv,1,20,10.0,0.15,5000,1,1427,200,False,False,False,200,0,200,0.07692307692307693,0.0047169811320754715,,,True,2,0.168545993976295,0.008424479980021715,0.0024351440370082855,0.157686369959265,0.0020952322520315647,0.012015492655336857,0.001224128995090723,0.18388237385079265
tier_10k,5000,1_1438042987127.36_20150728002307-00140-ip-10-236-191-2_74640728_1.csv,1,20,15.0,0.15,5000,1,1427,300,False,False,False,300,0,300,0.07692307692307693,0.002824858757062147,,,True,2,0.168545993976295,0.008424479980021715,0.0024351440370082855,0.157686369959265,0.0021468810737133026,0.01843381207436323,0.0014680642634630203,0.19059641705825925
tier_10k,5000,1_1438042987127.36_20150728002307-00140-ip-10-236-191-2_74640728_1.csv,1,20,20.0,0.15,5000,1,1427,400,False,False,False,400,0,400,0.07692307692307693,0.0019588638589618022,,,True,2,0.168545993976295,0.008424479980021715,0.0024351440370082855,0.157686369959265,0.0023914556950330734,0.023016657680273056,0.0016621076501905918,0.19561786018311977
tier_10k,5000,1_1438042987127.36_20150728002307-00140-ip-10-236-191-2_74640728_1.csv,1,30,5.0,0.15,5000,1,1427,150,False,False,False,150,0,150,0.07692307692307693,0.006172839506172839,,,True,2,0.168545993976295,0.008424479980021715,0.0024351440370082855,0.157686369959265,0.002211770974099636,0.009363560006022453,0.001577502116560936,0.18170042801648378
tier_10k,5000,1_1438042987127.36_20150728002307-00140-ip-10-236-191-2_74640728_1.csv,1,30,10.0,0.15,5000,1,1427,300,False,False,False,300,0,300,0.07692307692307693,0.002824858757062147,,,True,2,0.168545993976295,0.008424479980021715,0.0024351440370082855,0.157686369959265,0.0021191826090216637,0.0177717050537467,0.0014467122964560986,0.1898852540180087
tier_10k,5000,1_1438042987127.36_20150728002307-00140-ip-10-236-191-2_74640728_1.csv,1,30,15.0,0.15,5000,1,1427,450,False,False,False,450,0,450,0.07692307692307693,0.001638001638001638,,,True,2,0.168545993976295,0.008424479980021715,0.0024351440370082855,0.157686369959265,0.002150148618966341,0.02506630402058363,0.001722083892673254,0.19748597033321857
tier_10k,5000,1_1438042987127.36_20150728002307-00140-ip-10-236-191-2_74640728_1.csv,1,30,20.0,0.15,5000,1,1427,600,False,False,False,600,0,600,0.07692307692307693,0.0010723860589812334,,,True,2,0.168545993976295,0.008424479980021715,0.0024351440370082855,0.157686369959265,0.002432452980428934,0.033920527901500463,0.0019616479985415936,0.2068622661754489
tier_10k,5000,1_1438042987127.36_20150728002307-00140-ip-10-236-191-2_74640728_1.csv,1,40,5.0,0.15,5000,1,1427,200,False,False,False,200,0,200,0.07692307692307693,0.0047169811320754715,,,True,2,0.168545993976295,0.008424479980021715,0.0024351440370082855,0.157686369959265,0.002100476063787937,0.011551560834050179,0.0014575743116438389,0.18365701287984848
tier_10k,5000,1_1438042987127.36_20150728002307-00140-ip-10-236-191-2_74640728_1.csv,1,40,10.0,0.15,5000,1,1427,400,False,False,False,400,0,400,0.07692307692307693,0.0019588638589618022,,,True,2,0.168545993976295,0.008424479980021715,0.0024351440370082855,0.157686369959265,0.0023670229129493237,0.023062497843056917,0.0017100442200899124,0.19568723207339644
tier_10k,5000,1_1438042987127.36_20150728002307-00140-ip-10-236-191-2_74640728_1.csv,1,40,15.0,0.15,5000,1,1427,600,False,False,False,600,0,600,0.07692307692307693,0.0010723860589812334,,,True,2,0.168545993976295,0.008424479980021715,0.0024351440370082855,0.157686369959265,0.002200078684836626,0.03326850896701217,0.0019592088647186756,0.20597530202940106
tier_10k,5000,1_1438042987127.36_20150728002307-00140-ip-10-236-191-2_74640728_1.csv,1,40,20.0,0.15,5000,1,1427,800,False,False,False,800,0,800,0.07692307692307693,0.0006951685783802572,,,True,2,0.168545993976295,0.008424479980021715,0.0024351440370082855,0.157686369959265,0.0025000469759106636,0.04479180881753564,0.0023795198649168015,0.21821894403547049
tier_10k,5000,1_1438042987127.36_20150728002307-00140-ip-10-236-191-2_74640728_1.csv,1,50,5.0,0.15,5000,1,1427,250,False,False,False,250,0,250,0.07692307692307693,0.0035842293906810036,,,True,2,0.168545993976295,0.008424479980021715,0.0024351440370082855,0.157686369959265,0.0023413589224219322,0.01492775697261095,0.0014343778602778912,0.18725116178393364
tier_10k,5000,1_1438042987127.36_20150728002307-00140-ip-10-236-191-2_74640728_1.csv,1,50,10.0,0.15,5000,1,1427,500,False,False,False,500,0,500,0.07692307692307693,0.0014074595355383533,,,True,2,0.168545993976295,0.008424479980021715,0.0024351440370082855,0.157686369959265,0.002430201042443514,0.028383766300976276,0.001838326919823885,0.20119996694847941
tier_10k,5000,1_1438042987127.36_20150728002307-00140-ip-10-236-191-2_74640728_1.csv,1,50,15.0,0.15,5000,1,1427,750,False,False,False,750,0,750,0.07692307692307693,0.0007648183556405354,,,True,2,0.168545993976295,0.008424479980021715,0.0024351440370082855,0.157686369959265,0.002433211077004671,0.04239799827337265,0.002250140067189932,0.21562881581485271
tier_10k,5000,1_1438042987127.36_20150728002307-00140-ip-10-236-191-2_74640728_1.csv,1,50,20.0,0.15,5000,1,1427,1000,False,False,False,1000,0,1000,0.07692307692307693,0.0004825090470446321,,,True,2,0.168545993976295,0.008424479980021715,0.0024351440370082855,0.157686369959265,0.002331431955099106,0.056612225249409676,0.0030240281485021114,0.23051528120413423
tier_10k,5000,1_1438042990112.50_20150728002310-00154-ip-10-236-191-2_303864106_21.csv,3,10,5.0,0.15,5000,66,494,50,False,True,True,50,10,50,0.2,0.11788617886178862,0.15,116.742342710495,True,5,0.06732102436944842,0.00974923511967063,0.0017529190517961979,0.055818870197981596,0.0012085828930139542,0.03844904899597168,0.005798120051622391,0.11277930671349168
tier_10k,5000,1_1438042990112.50_20150728002310-00154-ip-10-236-191-2_303864106_21.csv,3,10,10.0,0.15,5000,66,494,100,False,True,True,100,10,100,0.2,0.07469512195121951,0.15217391304347827,117.9048519730568,True,4,0.06732102436944842,0.00974923511967063,0.0017529190517961979,0.055818870197981596,0.0012044082395732403,0.07188362069427967,0.022170477081090212,0.16258183727040887
tier_10k,5000,1_1438042990112.50_20150728002310-00154-ip-10-236-191-2_303864106_21.csv,3,10,15.0,0.15,5000,66,494,150,False,True,True,150,10,150,0.2,0.054679284963196635,0.15384615384615385,120.30250030755997,True,3,0.06732102436944842,0.00974923511967063,0.0017529190517961979,0.055818870197981596,0.0016863481141626835,0.09545123763382435,0.005965163931250572,0.17042619921267033
tier_10k,5000,1_1438042990112.50_20150728002310-00154-ip-10-236-191-2_303864106_21.csv,3,10,20.0,0.15,5000,66,494,200,False,True,True,200,10,200,0.2,0.043478260869565216,0.1509433962264151,120.94997388124466,True,3,0.06732102436944842,0.00974923511967063,0.0017529190517961979,0.055818870197981596,0.0017047799192368984,0.11891894321888685,0.006203690078109503,0.19415077241137624
tier_10k,5000,1_1438042990112.50_20150728002310-00154-ip-10-236-191-2_303864106_21.csv,3,20,5.0,0.15,5000,66,494,100,False,True,True,100,20,100,0.2,0.07469512195121951,0.1506849315068493,220.53036469221115,True,4,0.06732102436944842,0.00974923511967063,0.0017529190517961979,0.055818870197981596,0.0019728560000658035,0.07437385246157646,0.010524903424084187,0.1541947522200644
tier_10k,5000,1_1438042990112.50_20150728002310-00154-ip-10-236-191-2_303864106_21.csv,3,20,10.0,0.15,5000,66,494,200,False,True,True,200,20,200,0.2,0.043478260869565216,0.1511627906976744,223.15835982561111,True,3,0.06732102436944842,0.00974923511967063,0.0017529190517961979,0.055818870197981596,0.0010089278221130371,0.11993052298203111,0.01656741416081786,0.20482969842851162
tier_10k,5000,1_1438042990112.50_20150728002310-00154-ip-10-236-191-2_303864106_21.csv,3,20,15.0,0.15,5000,66,494,300,False,True,True,300,20,300,0.2,0.027886497064579255,0.1511627906976744,223.15835982561111,True,2,0.06732102436944842,0.00974923511967063,0.0017529190517961979,0.055818870197981596,0.0008272831328213215,0.16534867836162448,0.09153283666819334,0.3250321699306369
tier_10k,5000,1_1438042990112.50_20150728002310-00154-ip-10-236-191-2_303864106_21.csv,3,20,20.0,0.15,5000,66,494,400,False,True,True,400,20,400,0.2,0.016740088105726872,0.1511627906976744,223.15835982561111,True,2,0.06732102436944842,0.00974923511967063,0.0017529190517961979,0.055818870197981596,0.0009573097340762615,0.23496838100254536,0.12943849992007017,0.4326880923472345
tier_10k,5000,1_1438042990112.50_20150728002310-00154-ip-10-236-191-2_303864106_21.csv,3,30,5.0,0.15,5000,66,494,150,False,True,True,150,30,150,0.2,0.054679284963196635,0.1509433962264151,309.93326660990715,True,3,0.06732102436944842,0.00974923511967063,0.0017529190517961979,0.055818870197981596,0.0010703159496188164,0.0965894591063261,0.010576884262263775,0.17556014424189925
tier_10k,5000,1_1438042990112.50_20150728002310-00154-ip-10-236-191-2_303864106_21.csv,3,30,10.0,0.15,5000,66,494,300,False,True,True,300,30,300,0.2,0.027886497064579255,0.1509433962264151,309.93326660990715,True,2,0.06732102436944842,0.00974923511967063,0.0017529190517961979,0.055818870197981596,0.0013786428608000278,0.1695965533144772,0.013828474096953869,0.25212688837200403
tier_10k,5000,1_1438042990112.50_20150728002310-00154-ip-10-236-191-2_303864106_21.csv,3,30,15.0,0.15,5000,66,494,450,False,True,True,450,30,450,0.2,0.012757385854968667,0.1509433962264151,309.93326660990715,True,2,0.06732102436944842,0.00974923511967063,0.0017529190517961979,0.055818870197981596,0.0009126472286880016,0.2553475024178624,0.016245698556303978,0.33982883440330625
tier_10k,5000,1_1438042990112.50_20150728002310-00154-ip-10-236-191-2_303864106_21.csv,3,30,20.0,0.15,5000,66,494,600,True,True,True,494,30,494,0.2,0.005474978388243204,0.1509433962264151,309.93326660990715,False,0,0.06732102436944842,0.00974923511967063,0.0017529190517961979,0.055818870197981596,3.5244040191173553e-05,0.28524700505658984,0.015345228835940361,0.3679507472552359
tier_10k,5000,1_1438042990112.50_20150728002310-00154-ip-10-236-191-2_303864106_21.csv,3,40,5.0,0.15,5000,66,494,200,False,False,False,200,0,200,0.2,0.043478260869565216,,,True,3,0.06732102436944842,0.00974923511967063,0.0017529190517961979,0.055818870197981596,0.0010562092065811157,0.1187841440550983,0.001338168978691101,0.18850126210600138
tier_10k,5000,1_1438042990112.50_20150728002310-00154-ip-10-236-191-2_303864106_21.csv,3,40,10.0,0.15,5000,66,494,400,False,False,False,400,0,400,0.2,0.016740088105726872,,,True,2,0.06732102436944842,0.00974923511967063,0.0017529190517961979,0.055818870197981596,0.0007811859250068665,0.22654377296566963,0.0020262752659618855,0.2966743125580251
tier_10k,5000,1_1438042990112.50_20150728002310-00154-ip-10-236-191-2_303864106_21.csv,3,40,15.0,0.15,5000,66,494,600,True,False,False,494,0,494,0.2,0.005474978388243204,,,False,0,0.06732102436944842,0.00974923511967063,0.0017529190517961979,0.055818870197981596,3.8908328860998154e-05,0.2911026659421623,0.0020872349850833416,0.3605518024414778
tier_10k,5000,1_1438042990112.50_20150728002310-00154-ip-10-236-191-2_303864106_21.csv,3,40,20.0,0.15,5000,66,494,800,True,False,False,494,0,494,0.2,0.005474978388243204,,,False,0,0.06732102436944842,0.00974923511967063,0.0017529190517961979,0.055818870197981596,4.013720899820328e-05,0.282686950173229,0.0021401019766926765,0.3521899152547121
tier_10k,5000,1_1438042990112.50_20150728002310-00154-ip-10-236-191-2_303864106_21.csv,3,50,5.0,0.15,5000,66,494,250,False,False,False,250,0,250,0.2,0.0351213282247765,,,True,3,0.06732102436944842,0.00974923511967063,0.0017529190517961979,0.055818870197981596,0.0010806312784552574,0.14594249287620187,0.001660807989537716,0.216006797272712
tier_10k,5000,1_1438042990112.50_20150728002310-00154-ip-10-236-191-2_303864106_21.csv,3,50,10.0,0.15,5000,66,494,500,True,False,False,494,0,494,0.2,0.005474978388243204,,,False,0,0.06732102436944842,0.00974923511967063,0.0017529190517961979,0.055818870197981596,3.7389807403087616e-05,0.28492929227650166,0.0025403709150850773,0.3548298506066203
tier_10k,5000,1_1438042990112.50_20150728002310-00154-ip-10-236-191-2_303864106_21.csv,3,50,15.0,0.15,5000,66,494,750,True,False,False,494,0,494,0.2,0.005474978388243204,,,False,0,0.06732102436944842,0.00974923511967063,0.0017529190517961979,0.055818870197981596,4.325481131672859e-05,0.28698748210445046,0.00204596109688282,0.35639953427016735
tier_10k,5000,1_1438042990112.50_20150728002310-00154-ip-10-236-191-2_303864106_21.csv,3,50,20.0,0.15,5000,66,494,1000,True,False,False,494,0,494,0.2,0.005474978388243204,,,False,0,0.06732102436944842,0.00974923511967063,0.0017529190517961979,0.055818870197981596,4.339125007390976e-05,0.2848291117697954,0.0027392120100557804,0.35493452614173293
tier_10k,5000,0_1438042988458.74_20150728002308-00264-ip-10-236-191-2_704598375_3.csv,0,10,5.0,0.15,5000,2,1434,50,False,True,True,50,10,50,1.0,0.057692307692307696,0.25,35.452733755111694,True,3,0.1645891685038805,0.007942348718643188,0.0023518740199506283,0.15429494576528668,0.002679133787751198,0.00376506382599473,0.004103341139853001,0.175138667691499
tier_10k,5000,0_1438042988458.74_20150728002308-00264-ip-10-236-191-2_704598375_3.csv,0,10,10.0,0.15,5000,2,1434,100,False,True,True,100,10,100,1.0,0.029914529914529916,0.25,35.48975932598114,True,2,0.1645891685038805,0.007942348718643188,0.0023518740199506283,0.15429494576528668,0.002363041043281555,0.00843354593962431,0.004047528840601444,0.17943522473797202
tier_10k,5000,0_1438042988458.74_20150728002308-00264-ip-10-236-191-2_704598375_3.csv,0,10,15.0,0.15,5000,2,1434,150,False,True,True,150,10,150,1.0,0.020958083832335328,0.25,35.790826082229614,True,2,0.1645891685038805,0.007942348718643188,0.0023518740199506283,0.15429494576528668,0.0038702511228621006,0.013968824874609709,0.004157341085374355,0.18658792274072766
tier_10k,5000,0_1438042988458.74_20150728002308-00264-ip-10-236-191-2_704598375_3.csv,0,10,20.0,0.15,5000,2,1434,200,False,True,True,200,10,200,1.0,0.016129032258064516,0.25,35.90311670303345,True,2,0.1645891685038805,0.007942348718643188,0.0023518740199506283,0.15429494576528668,0.00387001596391201,0.016918204724788666,0.004110215697437525,0.18948990665376186
tier_10k,5000,0_1438042988458.74_20150728002308-00264-ip-10-236-191-2_704598375_3.csv,0,20,5.0,0.15,5000,2,1434,100,False,False,False,100,0,100,1.0,0.029914529914529916,,,True,2,0.1645891685038805,0.007942348718643188,0.0023518740199506283,0.15429494576528668,0.004056436941027641,0.009907123167067766,0.0012174919247627258,0.17977217957377434
tier_10k,5000,0_1438042988458.74_20150728002308-00264-ip-10-236-191-2_704598375_3.csv,0,20,10.0,0.15,5000,2,1434,200,False,False,False,200,0,200,1.0,0.016129032258064516,,,True,2,0.1645891685038805,0.007942348718643188,0.0023518740199506283,0.15429494576528668,0.0021229516714811325,0.014911781065165997,0.0013553882017731667,0.18298097886145115
tier_10k,5000,0_1438042988458.74_20150728002308-00264-ip-10-236-191-2_704598375_3.csv,0,20,15.0,0.15,5000,2,1434,300,False,False,False,300,0,300,1.0,0.011041009463722398,,,True,2,0.1645891685038805,0.007942348718643188,0.0023518740199506283,0.15429494576528668,0.0021693366579711437,0.022457280661910772,0.0014167348854243755,0.19063406623899937
tier_10k,5000,0_1438042988458.74_20150728002308-00264-ip-10-236-191-2_704598375_3.csv,0,20,20.0,0.15,5000,2,1434,400,False,False,False,400,0,400,1.0,0.008393285371702638,,,True,2,0.1645891685038805,0.007942348718643188,0.0023518740199506283,0.15429494576528668,0.0021771397441625595,0.029712270013988018,0.0016282498836517334,0.19810845842584968
tier_10k,5000,0_1438042988458.74_20150728002308-00264-ip-10-236-191-2_704598375_3.csv,0,30,5.0,0.15,5000,2,1434,150,False,False,False,150,0,150,1.0,0.020958083832335328,,,True,2,0.1645891685038805,0.007942348718643188,0.0023518740199506283,0.15429494576528668,0.0023294719867408276,0.012102940119802952,0.0012880521826446056,0.18031121650710702
tier_10k,5000,0_1438042988458.74_20150728002308-00264-ip-10-236-191-2_704598375_3.csv,0,30,10.0,0.15,5000,2,1434,300,False,False,False,300,0,300,1.0,0.011041009463722398,,,True,2,0.1645891685038805,0.007942348718643188,0.0023518740199506283,0.15429494576528668,0.0021467581391334534,0.021920327097177505,0.0014832168817520142,0.19014103431254625
tier_10k,5000,0_1438042988458.74_20150728002308-00264-ip-10-236-191-2_704598375_3.csv,0,30,15.0,0.15,5000,2,1434,450,False,False,False,450,0,450,1.0,0.007494646680942184,,,True,2,0.1645891685038805,0.007942348718643188,0.0023518740199506283,0.15429494576528668,0.0021825721487402916,0.03324196208268404,0.0016804290935397148,0.20169569458812475
tier_10k,5000,0_1438042988458.74_20150728002308-00264-ip-10-236-191-2_704598375_3.csv,0,30,20.0,0.15,5000,2,1434,600,False,False,False,600,0,600,1.0,0.005520504731861199,,,True,2,0.1645891685038805,0.007942348718643188,0.0023518740199506283,0.15429494576528668,0.0024691871367394924,0.04538704268634319,0.0018653450533747673,0.21431246725842357
tier_10k,5000,0_1438042988458.74_20150728002308-00264-ip-10-236-191-2_704598375_3.csv,0,40,5.0,0.15,5000,2,1434,200,False,False,False,200,0,200,1.0,0.016129032258064516,,,True,2,0.1645891685038805,0.007942348718643188,0.0023518740199506283,0.15429494576528668,0.0021344819106161594,0.016087814699858427,0.0011604838073253632,0.1839735866524279
tier_10k,5000,0_1438042988458.74_20150728002308-00264-ip-10-236-191-2_704598375_3.csv,0,40,10.0,0.15,5000,2,1434,400,False,False,False,400,0,400,1.0,0.008393285371702638,,,True,2,0.1645891685038805,0.007942348718643188,0.0023518740199506283,0.15429494576528668,0.0024071112275123596,0.03014200832694769,0.00208015413954854,0.1992201372049749
tier_10k,5000,0_1438042988458.74_20150728002308-00264-ip-10-236-191-2_704598375_3.csv,0,40,15.0,0.15,5000,2,1434,600,False,False,False,600,0,600,1.0,0.005520504731861199,,,True,2,0.1645891685038805,0.007942348718643188,0.0023518740199506283,0.15429494576528668,0.0024555358104407787,0.04523494886234403,0.0018265820108354092,0.2141080154106021
tier_10k,5000,0_1438042988458.74_20150728002308-00264-ip-10-236-191-2_704598375_3.csv,0,40,20.0,0.15,5000,2,1434,800,False,False,False,800,0,800,1.0,0.003747323340471092,,,True,2,0.1645891685038805,0.007942348718643188,0.0023518740199506283,0.15429494576528668,0.0025227139703929424,0.05771059496328235,0.0021875551901757717,0.22701180865988135
tier_10k,5000,0_1438042988458.74_20150728002308-00264-ip-10-236-191-2_704598375_3.csv,0,50,5.0,0.15,5000,2,1434,250,False,False,False,250,0,250,1.0,0.013108614232209739,,,True,2,0.1645891685038805,0.007942348718643188,0.0023518740199506283,0.15429494576528668,0.002367638982832432,0.019771872088313103,0.0014035413041710854,0.18813379853963852
tier_10k,5000,0_1438042988458.74_20150728002308-00264-ip-10-236-191-2_704598375_3.csv,0,50,10.0,0.15,5000,2,1434,500,False,False,False,500,0,500,1.0,0.006769825918762089,,,True,2,0.1645891685038805,0.007942348718643188,0.0023518740199506283,0.15429494576528668,0.0021944930776953697,0.03612931491807103,0.00170486094430089,0.2046193745918572
tier_10k,5000,0_1438042988458.74_20150728002308-00264-ip-10-236-191-2_704598375_3.csv,0,50,15.0,0.15,5000,2,1434,750,False,False,False,750,0,750,1.0,0.004074505238649592,,,True,2,0.1645891685038805,0.007942348718643188,0.0023518740199506283,0.15429494576528668,0.002461785916239023,0.05424359580501914,0.0025624437257647514,0.22385861678048968
tier_10k,5000,0_1438042988458.74_20150728002308-00264-ip-10-236-191-2_704598375_3.csv,0,50,20.0,0.15,5000,2,1434,1000,False,False,False,1000,0,1000,1.0,0.0027216174183514776,,,True,2,0.1645891685038805,0.007942348718643188,0.0023518740199506283,0.15429494576528668,0.0025363992899656296,0.071178930811584,0.0029508350417017937,0.24125741515308619
tier_10k,5000,0_1438042988061.16_20150728002308-00310-ip-10-236-191-2_342423429_0.csv,0,10,5.0,0.15,5000,3,1471,50,False,False,False,50,0,50,0.2,0.03546099290780142,,,True,2,0.16401928337290883,0.00651346892118454,0.0023137913085520267,0.15519202314317226,0.002357013989239931,0.002716533839702606,0.0014534671790897846,0.17054815217852592
tier_10k,5000,0_1438042988061.16_20150728002308-00310-ip-10-236-191-2_342423429_0.csv,0,10,10.0,0.15,5000,3,1471,100,False,False,False,100,0,100,0.2,0.02074688796680498,,,True,2,0.16401928337290883,0.00651346892118454,0.0023137913085520267,0.15519202314317226,0.002498696092516184,0.005143200978636742,0.001337953843176365,0.1730007235892117
tier_10k,5000,0_1438042988061.16_20150728002308-00310-ip-10-236-191-2_342423429_0.csv,0,10,15.0,0.15,5000,3,1471,150,False,False,False,150,0,150,0.2,0.01466275659824047,,,True,2,0.16401928337290883,0.00651346892118454,0.0023137913085520267,0.15519202314317226,0.00245903292670846,0.007502092979848385,0.0015359767712652683,0.1755177336744964
tier_10k,5000,0_1438042988061.16_20150728002308-00310-ip-10-236-191-2_342423429_0.csv,0,10,20.0,0.15,5000,3,1471,200,False,False,False,200,0,200,0.2,0.011337868480725623,,,True,2,0.16401928337290883,0.00651346892118454,0.0023137913085520267,0.15519202314317226,0.0024482570588588715,0.009605241008102894,0.001354253850877285,0.17742862226441503
tier_10k,5000,0_1438042988061.16_20150728002308-00310-ip-10-236-191-2_342423429_0.csv,0,20,5.0,0.15,5000,3,1471,100,False,False,False,100,0,100,0.2,0.02074688796680498,,,True,2,0.16401928337290883,0.00651346892118454,0.0023137913085520267,0.15519202314317226,0.0022055762819945812,0.004635188262909651,0.0010964437387883663,0.17195788910612464
tier_10k,5000,0_1438042988061.16_20150728002308-00310-ip-10-236-191-2_342423429_0.csv,0,20,10.0,0.15,5000,3,1471,200,False,False,False,200,0,200,0.2,0.011337868480725623,,,True,2,0.16401928337290883,0.00651346892118454,0.0023137913085520267,0.15519202314317226,0.0024424060247838497,0.009613212198019028,0.0014443998225033283,0.17752079525962472
tier_10k,5000,0_1438042988061.16_20150728002308-00310-ip-10-236-191-2_342423429_0.csv,0,20,15.0,0.15,5000,3,1471,300,False,False,False,300,0,300,0.2,0.0078003120124804995,,,True,2,0.16401928337290883,0.00651346892118454,0.0023137913085520267,0.15519202314317226,0.002426068764179945,0.013182975817471743,0.0014117718674242496,0.18104164162650704
tier_10k,5000,0_1438042988061.16_20150728002308-00310-ip-10-236-191-2_342423429_0.csv,0,20,20.0,0.15,5000,3,1471,400,False,False,False,400,0,400,0.2,0.005945303210463734,,,True,2,0.16401928337290883,0.00651346892118454,0.0023137913085520267,0.15519202314317226,0.002507514785975218,0.01753032999113202,0.0015171119011938572,0.18557575857266784
tier_10k,5000,0_1438042988061.16_20150728002308-00310-ip-10-236-191-2_342423429_0.csv,0,30,5.0,0.15,5000,3,1471,150,False,False,False,150,0,150,0.2,0.01466275659824047,,,True,2,0.16401928337290883,0.00651346892118454,0.0023137913085520267,0.15519202314317226,0.0021934849210083485,0.006737320683896542,0.001299761701375246,0.17425144044682384
tier_10k,5000,0_1438042988061.16_20150728002308-00310-ip-10-236-191-2_342423429_0.csv,0,30,10.0,0.15,5000,3,1471,300,False,False,False,300,0,300,0.2,0.0078003120124804995,,,True,2,0.16401928337290883,0.00651346892118454,0.0023137913085520267,0.15519202314317226,0.0022401311434805393,0.013056010939180851,0.0015148548409342766,0.18083177134394646
tier_10k,5000,0_1438042988061.16_20150728002308-00310-ip-10-236-191-2_342423429_0.csv,0,30,15.0,0.15,5000,3,1471,450,False,False,False,450,0,450,0.2,0.005313496280552604,,,True,2,0.16401928337290883,0.00651346892118454,0.0023137913085520267,0.15519202314317226,0.00226931506767869,0.019446777179837227,0.0017120488919317722,0.18744907760992646
tier_10k,5000,0_1438042988061.16_20150728002308-00310-ip-10-236-191-2_342423429_0.csv,0,30,20.0,0.15,5000,3,1471,600,False,False,False,600,0,600,0.2,0.0040290088638195,,,True,2,0.16401928337290883,0.00651346892118454,0.0023137913085520267,0.15519202314317226,0.002297285944223404,0.02576785907149315,0.001780122984200716,0.19386606523767114
tier_10k,5000,0_1438042988061.16_20150728002308-00310-ip-10-236-191-2_342423429_0.csv,0,40,5.0,0.15,5000,3,1471,200,False,False,False,200,0,200,0.2,0.011337868480725623,,,True,2,0.16401928337290883,0.00651346892118454,0.0023137913085520267,0.15519202314317226,0.002226468175649643,0.008902698755264282,0.0013633188791573048,0.1765133123844862
tier_10k,5000,0_1438042988061.16_20150728002308-00310-ip-10-236-191-2_342423429_0.csv,0,40,10.0,0.15,5000,3,1471,400,False,False,False,400,0,400,0.2,0.005945303210463734,,,True,2,0.16401928337290883,0.00651346892118454,0.0023137913085520267,0.15519202314317226,0.0025002257898449898,0.01747344620525837,0.0016106339171528816,0.1856052903458476
tier_10k,5000,0_1438042988061.16_20150728002308-00310-ip-10-236-191-2_342423429_0.csv,0,40,15.0,0.15,5000,3,1471,600,False,False,False,600,0,600,0.2,0.0040290088638195,,,True,2,0.16401928337290883,0.00651346892118454,0.0023137913085520267,0.15519202314317226,0.002290417905896902,0.02571560675278306,0.001613672822713852,0.19364053336903453
tier_10k,5000,0_1438042988061.16_20150728002308-00310-ip-10-236-191-2_342423429_0.csv,0,40,20.0,0.15,5000,3,1471,800,False,False,False,800,0,800,0.2,0.0028785261945883708,,,True,2,0.16401928337290883,0.00651346892118454,0.0023137913085520267,0.15519202314317226,0.0026580682024359703,0.035755735356360674,0.0023854346945881844,0.2048203656449914
tier_10k,5000,0_1438042988061.16_20150728002308-00310-ip-10-236-191-2_342423429_0.csv,0,50,5.0,0.15,5000,3,1471,250,False,False,False,250,0,250,0.2,0.009242144177449169,,,True,2,0.16401928337290883,0.00651346892118454,0.0023137913085520267,0.15519202314317226,0.002485278993844986,0.011165501084178686,0.0014469530433416367,0.17911863839253783
tier_10k,5000,0_1438042988061.16_20150728002308-00310-ip-10-236-191-2_342423429_0.csv,0,50,10.0,0.15,5000,3,1471,500,False,False,False,500,0,500,0.2,0.004803073967339097,,,True,2,0.16401928337290883,0.00651346892118454,0.0023137913085520267,0.15519202314317226,0.002288301009684801,0.02174947177991271,0.0018081339076161385,0.18986668530851603
tier_10k,5000,0_1438042988061.16_20150728002308-00310-ip-10-236-191-2_342423429_0.csv,0,50,15.0,0.15,5000,3,1471,750,False,False,False,750,0,750,0.2,0.00315059861373661,,,True,2,0.16401928337290883,0.00651346892118454,0.0023137913085520267,0.15519202314317226,0.002597388345748186,0.03199930302798748,0.002226404845714569,0.20084407925605774
tier_10k,5000,0_1438042988061.16_20150728002308-00310-ip-10-236-191-2_342423429_0.csv,0,50,20.0,0.15,5000,3,1471,1000,False,False,False,1000,0,1000,0.2,0.002139495079161318,,,True,2,0.16401928337290883,0.00651346892118454,0.0023137913085520267,0.15519202314317226,0.002439612988382578,0.04145864536985755,0.0027335542254149914,0.21065262844786048
tier_10k,5000,1_1438042988061.16_20150728002308-00116-ip-10-236-191-2_764081199_5.csv,3,10,5.0,0.15,5000,7,1543,50,False,True,True,50,10,50,0.16666666666666666,0.1044776119402985,0.15083798882681565,34.91942656040192,True,3,0.19210541248321533,0.008484116289764643,0.0023737549781799316,0.18124754121527076,0.0029808757826685905,0.004189785569906235,0.0040887463837862015,0.20336709264665842
tier_10k,5000,1_1438042988061.16_20150728002308-00116-ip-10-236-191-2_764081199_5.csv,3,10,10.0,0.15,5000,7,1543,100,False,True,True,100,10,100,0.16666666666666666,0.07631578947368421,0.15083798882681565,35.81653672456741,True,3,0.19210541248321533,0.008484116289764643,0.0023737549781799316,0.18124754121527076,0.005503753665834665,0.009317553136497736,0.005415741354227066,0.21234473027288914
tier_10k,5000,1_1438042988061.16_20150728002308-00116-ip-10-236-191-2_764081199_5.csv,3,10,15.0,0.15,5000,7,1543,150,False,True,True,150,10,150,0.16666666666666666,0.05731225296442688,0.15,36.15451228618622,True,3,0.19210541248321533,0.008484116289764643,0.0023737549781799316,0.18124754121527076,0.005080176051706076,0.01171318395063281,0.003940921276807785,0.21284185955300927
tier_10k,5000,1_1438042988061.16_20150728002308-00116-ip-10-236-191-2_764081199_5.csv,3,10,20.0,0.15,5000,7,1543,200,False,True,True,200,10,200,0.16666666666666666,0.04420731707317073,0.15,36.15451228618622,True,3,0.19210541248321533,0.008484116289764643,0.0023737549781799316,0.18124754121527076,0.005449616815894842,0.01808310393244028,0.0040872846730053425,0.21972773969173431
tier_10k,5000,1_1438042988061.16_20150728002308-00116-ip-10-236-191-2_764081199_5.csv,3,20,5.0,0.15,5000,7,1543,100,False,False,False,100,0,100,0.16666666666666666,0.07631578947368421,,,True,3,0.19210541248321533,0.008484116289764643,0.0023737549781799316,0.18124754121527076,0.005385393742471933,0.008649775292724371,0.0013324958272278309,0.2074749986641109
tier_10k,5000,1_1438042988061.16_20150728002308-00116-ip-10-236-191-2_764081199_5.csv,3,20,10.0,0.15,5000,7,1543,200,False,False,False,200,0,200,0.16666666666666666,0.04420731707317073,,,True,3,0.19210541248321533,0.008484116289764643,0.0023737549781799316,0.18124754121527076,0.0029389970004558563,0.014895491767674685,0.0014322330243885517,0.21137357456609607
tier_10k,5000,1_1438042988061.16_20150728002308-00116-ip-10-236-191-2_764081199_5.csv,3,20,15.0,0.15,5000,7,1543,300,False,False,False,300,0,300,0.16666666666666666,0.029097963142580018,,,True,2,0.19210541248321533,0.008484116289764643,0.0023737549781799316,0.18124754121527076,0.0025064819492399693,0.0230059833265841,0.0015702559612691402,0.2191897053271532
tier_10k,5000,1_1438042988061.16_20150728002308-00116-ip-10-236-191-2_764081199_5.csv,3,20,20.0,0.15,5000,7,1543,400,False,False,False,400,0,400,0.16666666666666666,0.020703933747412008,,,True,2,0.19210541248321533,0.008484116289764643,0.0023737549781799316,0.18124754121527076,0.0023030689917504787,0.030904273968189955,0.0015961499884724617,0.22691047145053744
tier_10k,5000,1_1438042988061.16_20150728002308-00116-ip-10-236-191-2_764081199_5.csv,3,30,5.0,0.15,5000,7,1543,150,False,False,False,150,0,150,0.16666666666666666,0.05731225296442688,,,True,3,0.19210541248321533,0.008484116289764643,0.0023737549781799316,0.18124754121527076,0.003113070037215948,0.01124127022922039,0.0013136006891727448,0.2077748286537826
tier_10k,5000,1_1438042988061.16_20150728002308-00116-ip-10-236-191-2_764081199_5.csv,3,30,10.0,0.15,5000,7,1543,300,False,False,False,300,0,300,0.16666666666666666,0.029097963142580018,,,True,2,0.19210541248321533,0.008484116289764643,0.0023737549781799316,0.18124754121527076,0.002264035865664482,0.022257736418396235,0.0015407409518957138,0.21816947124898434
tier_10k,5000,1_1438042988061.16_20150728002308-00116-ip-10-236-191-2_764081199_5.csv,3,30,15.0,0.15,5000,7,1543,450,False,False,False,450,0,450,0.16666666666666666,0.017657445556209534,,,True,2,0.19210541248321533,0.008484116289764643,0.0023737549781799316,0.18124754121527076,0.0023232041858136654,0.033729689195752144,0.0017612162046134472,0.22992103034630418
tier_10k,5000,1_1438042988061.16_20150728002308-00116-ip-10-236-191-2_764081199_5.csv,3,30,20.0,0.15,5000,7,1543,600,False,False,False,600,0,600,0.16666666666666666,0.012033694344163659,,,True,2,0.19210541248321533,0.008484116289764643,0.0023737549781799316,0.18124754121527076,0.002610518131405115,0.0456884172745049,0.0021408856846392155,0.24254705710336566
tier_10k,5000,1_1438042988061.16_20150728002308-00116-ip-10-236-191-2_764081199_5.csv,3,40,5.0,0.15,5000,7,1543,200,False,False,False,200,0,200,0.16666666666666666,0.04420731707317073,,,True,3,0.19210541248321533,0.008484116289764643,0.0023737549781799316,0.18124754121527076,0.003091408871114254,0.014844621997326612,0.001390904188156128,0.21143387770280242
tier_10k,5000,1_1438042988061.16_20150728002308-00116-ip-10-236-191-2_764081199_5.csv,3,40,10.0,0.15,5000,7,1543,400,False,False,False,400,0,400,0.16666666666666666,0.020703933747412008,,,True,2,0.19210541248321533,0.008484116289764643,0.0023737549781799316,0.18124754121527076,0.0022963141091167927,0.030962185934185982,0.0017254827544093132,0.22709105536341667
tier_10k,5000,1_1438042988061.16_20150728002308-00116-ip-10-236-191-2_764081199_5.csv,3,40,15.0,0.15,5000,7,1543,600,False,False,False,600,0,600,0.16666666666666666,0.012033694344163659,,,True,2,0.19210541248321533,0.008484116289764643,0.0023737549781799316,0.18124754121527076,0.0026159738190472126,0.045016126707196236,0.002105067018419504,0.24184422986581922
tier_10k,5000,1_1438042988061.16_20150728002308-00116-ip-10-236-191-2_764081199_5.csv,3,40,20.0,0.15,5000,7,1543,800,False,False,False,800,0,800,0.16666666666666666,0.007894736842105263,,,True,2,0.19210541248321533,0.008484116289764643,0.0023737549781799316,0.18124754121527076,0.0026278160512447357,0.06299061281606555,0.0022689374163746834,0.2599946395494044
tier_10k,5000,1_1438042988061.16_20150728002308-00116-ip-10-236-191-2_764081199_5.csv,3,50,5.0,0.15,5000,7,1543,250,False,False,False,250,0,250,0.16666666666666666,0.036101083032490974,,,True,2,0.19210541248321533,0.008484116289764643,0.0023737549781799316,0.18124754121527076,0.0025076130405068398,0.02020712522789836,0.0012699700891971588,0.2160916323773563
tier_10k,5000,1_1438042988061.16_20150728002308-00116-ip-10-236-191-2_764081199_5.csv,3,50,10.0,0.15,5000,7,1543,500,False,False,False,500,0,500,0.16666666666666666,0.01539250897896357,,,True,2,0.19210541248321533,0.008484116289764643,0.0023737549781799316,0.18124754121527076,0.002579139079898596,0.037223279010504484,0.0020725741051137447,0.23398193856701255
tier_10k,5000,1_1438042988061.16_20150728002308-00116-ip-10-236-191-2_764081199_5.csv,3,50,15.0,0.15,5000,7,1543,750,False,False,False,750,0,750,0.16666666666666666,0.008723466123873218,,,True,2,0.19210541248321533,0.008484116289764643,0.0023737549781799316,0.18124754121527076,0.0024025049060583115,0.057135668117552996,0.0022323597222566605,0.2538774567656219
tier_10k,5000,1_1438042988061.16_20150728002308-00116-ip-10-236-191-2_764081199_5.csv,3,50,20.0,0.15,5000,7,1543,1000,False,False,False,1000,0,1000,0.16666666666666666,0.005306916681408102,,,True,2,0.19210541248321533,0.008484116289764643,0.0023737549781799316,0.18124754121527076,0.0025568976998329163,0.08114917390048504,0.0029087201692163944,0.2787219015881419
tier_10k,5000,0_1438042988458.74_20150728002308-00095-ip-10-236-191-2_520943855_0.csv,4,10,5.0,0.15,5000,7,1081,50,False,False,False,50,0,50,0.2,0.03731343283582089,,,True,4,0.1318938098847866,0.007972727995365858,0.002452822867780924,0.12146825902163982,0.002403377089649439,0.006766207050532103,0.001518160104751587,0.14258391177281737
tier_10k,5000,0_1438042988458.74_20150728002308-00095-ip-10-236-191-2_520943855_0.csv,4,10,10.0,0.15,5000,7,1081,100,False,False,False,100,0,100,0.2,0.021538461538461538,,,True,4,0.1318938098847866,0.007972727995365858,0.002452822867780924,0.12146825902163982,0.002701479010283947,0.013465709052979946,0.0012964149937033653,0.14935907674953341
tier_10k,5000,0_1438042988458.74_20150728002308-00095-ip-10-236-191-2_520943855_0.csv,4,10,15.0,0.15,5000,7,1081,150,False,False,False,150,0,150,0.2,0.01532567049808429,,,True,3,0.1318938098847866,0.007972727995365858,0.002452822867780924,0.12146825902163982,0.0022100848145782948,0.01971410494297743,0.0014164457097649574,0.15523598063737154
tier_10k,5000,0_1438042988458.74_20150728002308-00095-ip-10-236-191-2_520943855_0.csv,4,10,20.0,0.15,5000,7,1081,200,False,False,False,200,0,200,0.2,0.011347517730496455,,,True,3,0.1318938098847866,0.007972727995365858,0.002452822867780924,0.12146825902163982,0.0022507612593472004,0.025749103166162968,0.0015332819893956184,0.16142855305224657
tier_10k,5000,0_1438042988458.74_20150728002308-00095-ip-10-236-191-2_520943855_0.csv,4,20,5.0,0.15,5000,7,1081,100,False,False,False,100,0,100,0.2,0.021538461538461538,,,True,4,0.1318938098847866,0.007972727995365858,0.002452822867780924,0.12146825902163982,0.002720390912145376,0.013728900346904993,0.0013209688477218151,0.14966571098193526
tier_10k,5000,0_1438042988458.74_20150728002308-00095-ip-10-236-191-2_520943855_0.csv,4,20,10.0,0.15,5000,7,1081,200,False,False,False,200,0,200,0.2,0.011347517730496455,,,True,3,0.1318938098847866,0.007972727995365858,0.002452822867780924,0.12146825902163982,0.002012243028730154,0.025043746922165155,0.001379932276904583,0.160331301856786
tier_10k,5000,0_1438042988458.74_20150728002308-00095-ip-10-236-191-2_520943855_0.csv,4,20,15.0,0.15,5000,7,1081,300,False,False,False,300,0,300,0.2,0.006902502157031924,,,True,3,0.1318938098847866,0.007972727995365858,0.002452822867780924,0.12146825902163982,0.0022868309170007706,0.03823919082060456,0.0015513850376009941,0.17397299595177174
tier_10k,5000,0_1438042988458.74_20150728002308-00095-ip-10-236-191-2_520943855_0.csv,4,20,20.0,0.15,5000,7,1081,400,False,False,False,400,0,400,0.2,0.004822182037371911,,,True,3,0.1318938098847866,0.007972727995365858,0.002452822867780924,0.12146825902163982,0.002101542893797159,0.050303381867706776,0.0020717098377645016,0.1863720458932221
tier_10k,5000,0_1438042988458.74_20150728002308-00095-ip-10-236-191-2_520943855_0.csv,4,30,5.0,0.15,5000,7,1081,150,False,False,False,150,0,150,0.2,0.01532567049808429,,,True,3,0.1318938098847866,0.007972727995365858,0.002452822867780924,0.12146825902163982,0.002228847239166498,0.020027027931064367,0.0011634002439677715,0.15531466668471694
tier_10k,5000,0_1438042988458.74_20150728002308-00095-ip-10-236-191-2_520943855_0.csv,4,30,10.0,0.15,5000,7,1081,300,False,False,False,300,0,300,0.2,0.006902502157031924,,,True,3,0.1318938098847866,0.007972727995365858,0.002452822867780924,0.12146825902163982,0.0020540552213788033,0.03694466780871153,0.0016493499279022217,0.17254333896562457
tier_10k,5000,0_1438042988458.74_20150728002308-00095-ip-10-236-191-2_520943855_0.csv,4,30,15.0,0.15,5000,7,1081,450,False,False,False,450,0,450,0.2,0.0041906757464641176,,,True,3,0.1318938098847866,0.007972727995365858,0.002452822867780924,0.12146825902163982,0.002127548214048147,0.05607643770053983,0.0018747681751847267,0.19197426130995154
tier_10k,5000,0_1438042988458.74_20150728002308-00095-ip-10-236-191-2_520943855_0.csv,4,30,20.0,0.15,5000,7,1081,600,False,False,False,600,0,600,0.2,0.0027913468248429866,,,True,3,0.1318938098847866,0.007972727995365858,0.002452822867780924,0.12146825902163982,0.0024325973354279995,0.07594615966081619,0.0021695103496313095,0.21244383789598942
tier_10k,5000,0_1438042988458.74_20150728002308-00095-ip-10-236-191-2_520943855_0.csv,4,40,5.0,0.15,5000,7,1081,200,False,False,False,200,0,200,0.2,0.011347517730496455,,,True,3,0.1318938098847866,0.007972727995365858,0.002452822867780924,0.12146825902163982,0.002256074920296669,0.025352447293698788,0.0012966590002179146,0.1608006157912314
tier_10k,5000,0_1438042988458.74_20150728002308-00095-ip-10-236-191-2_520943855_0.csv,4,40,10.0,0.15,5000,7,1081,400,False,False,False,400,0,400,0.2,0.004822182037371911,,,True,3,0.1318938098847866,0.007972727995365858,0.002452822867780924,0.12146825902163982,0.00234945397824049,0.05043564923107624,0.001567802857607603,0.18624829221516848
tier_10k,5000,0_1438042988458.74_20150728002308-00095-ip-10-236-191-2_520943855_0.csv,4,40,15.0,0.15,5000,7,1081,600,False,False,False,600,0,600,0.2,0.0027913468248429866,,,True,3,0.1318938098847866,0.007972727995365858,0.002452822867780924,0.12146825902163982,0.0022010719403624535,0.07404252886772156,0.002552731428295374,0.2106921449303627
tier_10k,5000,0_1438042988458.74_20150728002308-00095-ip-10-236-191-2_520943855_0.csv,4,40,20.0,0.15,5000,7,1081,800,False,False,False,800,0,800,0.2,0.001691411388836685,,,True,2,0.1318938098847866,0.007972727995365858,0.002452822867780924,0.12146825902163982,0.0020780283957719803,0.10006883414462209,0.002857556100934744,0.23690033005550504
tier_10k,5000,0_1438042988458.74_20150728002308-00095-ip-10-236-191-2_520943855_0.csv,4,50,5.0,0.15,5000,7,1081,250,False,False,False,250,0,250,0.2,0.0088008800880088,,,True,3,0.1318938098847866,0.007972727995365858,0.002452822867780924,0.12146825902163982,0.002210252918303013,0.031323235016316175,0.0018298509530723095,0.1672587376087904
tier_10k,5000,0_1438042988458.74_20150728002308-00095-ip-10-236-191-2_520943855_0.csv,4,50,10.0,0.15,5000,7,1081,500,False,False,False,500,0,500,0.2,0.003639672429481347,,,True,3,0.1318938098847866,0.007972727995365858,0.002452822867780924,0.12146825902163982,0.0022566989064216614,0.0620234701782465,0.001983888912945986,0.19815950887277722
tier_10k,5000,0_1438042988458.74_20150728002308-00095-ip-10-236-191-2_520943855_0.csv,4,50,15.0,0.15,5000,7,1081,750,False,False,False,750,0,750,0.2,0.0018931426167437947,,,True,2,0.1318938098847866,0.007972727995365858,0.002452822867780924,0.12146825902163982,0.0017211968079209328,0.0990001829341054,0.0023104092106223106,0.23492724588140845
tier_10k,5000,0_1438042988458.74_20150728002308-00095-ip-10-236-191-2_520943855_0.csv,4,50,20.0,0.15,5000,7,1081,1000,False,False,False,1000,0,1000,0.2,0.0009454774661203908,,,True,2,0.1318938098847866,0.007972727995365858,0.002452822867780924,0.12146825902163982,0.002078072167932987,0.12355849100276828,0.0029602251015603542,0.2604922321625054
tier_10k,5000,0_1438042988061.16_20150728002308-00322-ip-10-236-191-2_739065442_3.csv,0,10,5.0,0.15,5000,85,1477,50,False,True,True,50,10,50,0.25,0.20353982300884957,0.18181818181818182,22.633311867713928,True,3,0.17638353165239096,0.007873330265283585,0.002427373081445694,0.16608282830566168,0.0026753367856144905,0.004064925014972687,0.003834222909063101,0.18696066224947572
tier_10k,5000,0_1438042988061.16_20150728002308-00322-ip-10-236-191-2_739065442_3.csv,0,10,10.0,0.15,5000,85,1477,100,False,True,True,100,10,100,0.25,0.142433234421365,0.15151515151515152,23.226031005382538,True,4,0.17638353165239096,0.007873330265283585,0.002427373081445694,0.16608282830566168,0.006385080981999636,0.008165596053004265,0.004295550752431154,0.1952320234850049
tier_10k,5000,0_1438042988061.16_20150728002308-00322-ip-10-236-191-2_739065442_3.csv,0,10,15.0,0.15,5000,85,1477,150,False,True,True,150,10,150,0.25,0.1125703564727955,0.15151515151515152,23.328827381134033,True,4,0.17638353165239096,0.007873330265283585,0.002427373081445694,0.16608282830566168,0.0063677760772407055,0.010027623269706964,0.004407412838190794,0.19718862045556307
tier_10k,5000,0_1438042988061.16_20150728002308-00322-ip-10-236-191-2_739065442_3.csv,0,10,20.0,0.15,5000,85,1477,200,False,True,True,200,10,200,0.25,0.09501557632398754,0.15151515151515152,23.369678497314453,True,4,0.17638353165239096,0.007873330265283585,0.002427373081445694,0.16608282830566168,0.006712897215038538,0.013218933250755072,0.004721746779978275,0.20103969238698483
tier_10k,5000,0_1438042988061.16_20150728002308-00322-ip-10-236-191-2_739065442_3.csv,0,20,5.0,0.15,5000,85,1477,100,False,True,True,100,20,100,0.25,0.142433234421365,0.15151515151515152,44.88002675771713,True,4,0.17638353165239096,0.007873330265283585,0.002427373081445694,0.16608282830566168,0.005975746084004641,0.007241371087729931,0.009460231754928827,0.19906305894255638
tier_10k,5000,0_1438042988061.16_20150728002308-00322-ip-10-236-191-2_739065442_3.csv,0,20,10.0,0.15,5000,85,1477,200,False,True,True,200,20,200,0.25,0.09501557632398754,0.15151515151515152,45.27879083156586,True,4,0.17638353165239096,0.007873330265283585,0.002427373081445694,0.16608282830566168,0.006206443998962641,0.012372661847621202,0.014446581713855267,0.20941127790138125
tier_10k,5000,0_1438042988061.16_20150728002308-00322-ip-10-236-191-2_739065442_3.csv,0,20,15.0,0.15,5000,85,1477,300,False,True,True,300,20,300,0.25,0.0700218818380744,0.15151515151515152,45.338368237018585,True,4,0.17638353165239096,0.007873330265283585,0.002427373081445694,0.16608282830566168,0.003954431973397732,0.01825703028589487,0.1075798450037837,0.3061770456843078
tier_10k,5000,0_1438042988061.16_20150728002308-00322-ip-10-236-191-2_739065442_3.csv,0,20,20.0,0.15,5000,85,1477,400,False,True,True,400,20,400,0.25,0.05305466237942122,0.1506849315068493,45.49784564971924,True,4,0.17638353165239096,0.007873330265283585,0.002427373081445694,0.16608282830566168,0.004244491923600435,0.02362877270206809,0.02098729368299246,0.22524636052548885
tier_10k,5000,0_1438042988061.16_20150728002308-00322-ip-10-236-191-2_739065442_3.csv,0,30,5.0,0.15,5000,85,1477,150,False,True,True,150,30,150,0.25,0.1125703564727955,0.15,66.75530558824539,True,4,0.17638353165239096,0.007873330265283585,0.002427373081445694,0.16608282830566168,0.004014723002910614,0.010174715891480446,0.007030104752629995,0.19760506181046367
tier_10k,5000,0_1438042988061.16_20150728002308-00322-ip-10-236-191-2_739065442_3.csv,0,30,10.0,0.15,5000,85,1477,300,False,True,True,300,30,300,0.25,0.0700218818380744,0.15,67.09608459472656,True,4,0.17638353165239096,0.007873330265283585,0.002427373081445694,0.16608282830566168,0.005321917589753866,0.01781503390520811,0.006508890073746443,0.20603161258623004
tier_10k,5000,0_1438042988061.16_20150728002308-00322-ip-10-236-191-2_739065442_3.csv,0,30,15.0,0.15,5000,85,1477,450,False,True,True,450,30,450,0.25,0.04712717882504842,0.1509433962264151,67.23019444942474,True,3,0.17638353165239096,0.007873330265283585,0.002427373081445694,0.16608282830566168,0.004806314129382372,0.026009088847786188,0.01943538896739483,0.22663656249642372
tier_10k,5000,0_1438042988061.16_20150728002308-00322-ip-10-236-191-2_739065442_3.csv,0,30,20.0,0.15,5000,85,1477,600,False,True,True,600,30,600,0.25,0.03383128295254833,0.1509433962264151,67.23019444942474,True,3,0.17638353165239096,0.007873330265283585,0.002427373081445694,0.16608282830566168,0.003296151291579008,0.03527870122343302,0.02291944297030568,0.23787969863042235
tier_10k,5000,0_1438042988061.16_20150728002308-00322-ip-10-236-191-2_739065442_3.csv,0,40,5.0,0.15,5000,85,1477,200,False,True,True,200,40,200,0.25,0.09501557632398754,0.15217391304347827,88.0321033000946,True,4,0.17638353165239096,0.007873330265283585,0.002427373081445694,0.16608282830566168,0.003883250057697296,0.01266297372058034,0.006734285969287157,0.19966602651402354
tier_10k,5000,0_1438042988061.16_20150728002308-00322-ip-10-236-191-2_739065442_3.csv,0,40,10.0,0.15,5000,85,1477,400,False,True,True,400,40,400,0.25,0.05305466237942122,0.15,88.51380425691605,True,4,0.17638353165239096,0.007873330265283585,0.002427373081445694,0.16608282830566168,0.0056471978314220905,0.023264223244041204,0.008382942993193865,0.2136801485903561
tier_10k,5000,0_1438042988061.16_20150728002308-00322-ip-10-236-191-2_739065442_3.csv,0,40,15.0,0.15,5000,85,1477,600,False,True,True,600,40,600,0.25,0.03383128295254833,0.15,88.51380425691605,True,3,0.17638353165239096,0.007873330265283585,0.002427373081445694,0.16608282830566168,0.004312403965741396,0.03485003300011158,0.01815938390791416,0.23370761843398213
tier_10k,5000,0_1438042988061.16_20150728002308-00322-ip-10-236-191-2_739065442_3.csv,0,40,20.0,0.15,5000,85,1477,800,False,True,True,800,40,800,0.25,0.023469994058229353,0.1503267973856209,88.71256226301193,True,2,0.17638353165239096,0.007873330265283585,0.002427373081445694,0.16608282830566168,0.0023296382278203964,0.04677048232406378,0.011961623094975948,0.23744697775691748
tier_10k,5000,0_1438042988061.16_20150728002308-00322-ip-10-236-191-2_739065442_3.csv,0,50,5.0,0.15,5000,85,1477,250,False,True,True,250,50,250,0.25,0.08233731739707835,0.15028901734104047,109.06511127948761,True,4,0.17638353165239096,0.007873330265283585,0.002427373081445694,0.16608282830566168,0.004625466652214527,0.014729514718055725,0.006443487014621496,0.2021841905079782
tier_10k,5000,0_1438042988061.16_20150728002308-00322-ip-10-236-191-2_739065442_3.csv,0,50,10.0,0.15,5000,85,1477,500,False,True,True,500,50,500,0.25,0.04173813607775872,0.15,109.4389585852623,True,4,0.17638353165239096,0.007873330265283585,0.002427373081445694,0.16608282830566168,0.006662937346845865,0.0284436559304595,0.03350389422848821,0.24499642569571733
tier_10k,5000,0_1438042988061.16_20150728002308-00322-ip-10-236-191-2_739065442_3.csv,0,50,15.0,0.15,5000,85,1477,750,False,True,True,750,50,750,0.25,0.025516795865633074,0.15025906735751296,109.55951780080795,True,2,0.17638353165239096,0.007873330265283585,0.002427373081445694,0.16608282830566168,0.005402677692472935,0.0617291028611362,0.38722076592966914,0.6307392525486648
tier_10k,5000,0_1438042988061.16_20150728002308-00322-ip-10-236-191-2_739065442_3.csv,0,50,20.0,0.15,5000,85,1477,1000,False,True,True,1000,50,1000,0.25,0.017000215192597375,0.15025906735751296,109.55951780080795,True,2,0.17638353165239096,0.007873330265283585,0.002427373081445694,0.16608282830566168,0.0033808350563049316,0.06127041485160589,0.4550095829181373,0.6960469717159867
tier_10k,5000,1_1438042987127.36_20150728002307-00145-ip-10-236-191-2_499439925_0.csv,2,10,5.0,0.15,5000,3,724,50,False,False,False,50,0,50,0.09523809523809523,0.015625,,,True,2,0.09225808409973979,0.007972965948283672,0.0021856511011719704,0.08209946705028415,0.0010224957950413227,0.008727113716304302,0.0014168699271976948,0.1034265817143023
tier_10k,5000,1_1438042987127.36_20150728002307-00145-ip-10-236-191-2_499439925_0.csv,2,10,10.0,0.15,5000,3,724,100,False,False,False,100,0,100,0.09523809523809523,0.007905138339920948,,,True,2,0.09225808409973979,0.007972965948283672,0.0021856511011719704,0.08209946705028415,0.0011419523507356644,0.022701365873217583,0.0011622426100075245,0.11726526403799653
tier_10k,5000,1_1438042987127.36_20150728002307-00145-ip-10-236-191-2_499439925_0.csv,2,10,15.0,0.15,5000,3,724,150,False,False,False,150,0,150,0.09523809523809523,0.005291005291005291,,,True,2,0.09225808409973979,0.007972965948283672,0.0021856511011719704,0.08209946705028415,0.0012829438783228397,0.026350111234933138,0.0012659970670938492,0.12115890439599752
tier_10k,5000,1_1438042987127.36_20150728002307-00145-ip-10-236-191-2_499439925_0.csv,2,10,20.0,0.15,5000,3,724,200,False,False,False,200,0,200,0.09523809523809523,0.003976143141153081,,,True,2,0.09225808409973979,0.007972965948283672,0.0021856511011719704,0.08209946705028415,0.0011283219791948795,0.035165971610695124,0.0013682800345122814,0.12992229918017983
tier_10k,5000,1_1438042987127.36_20150728002307-00145-ip-10-236-191-2_499439925_0.csv,2,20,5.0,0.15,5000,3,724,100,False,False,False,100,0,100,0.09523809523809523,0.007905138339920948,,,True,2,0.09225808409973979,0.007972965948283672,0.0021856511011719704,0.08209946705028415,0.0010077310726046562,0.017618582118302584,0.0012018722482025623,0.11208777222782373
tier_10k,5000,1_1438042987127.36_20150728002307-00145-ip-10-236-191-2_499439925_0.csv,2,20,10.0,0.15,5000,3,724,200,False,False,False,200,0,200,0.09523809523809523,0.003976143141153081,,,True,2,0.09225808409973979,0.007972965948283672,0.0021856511011719704,0.08209946705028415,0.0010357880964875221,0.03500064089894295,0.0013025752268731594,0.12959854677319527
tier_10k,5000,1_1438042987127.36_20150728002307-00145-ip-10-236-191-2_499439925_0.csv,2,20,15.0,0.15,5000,3,724,300,False,False,False,300,0,300,0.09523809523809523,0.002592352559948153,,,True,2,0.09225808409973979,0.007972965948283672,0.0021856511011719704,0.08209946705028415,0.0010457192547619343,0.053680220153182745,0.0013260701671242714,0.1483117351308465
tier_10k,5000,1_1438042987127.36_20150728002307-00145-ip-10-236-191-2_499439925_0.csv,2,20,20.0,0.15,5000,3,724,400,False,False,False,400,0,400,0.09523809523809523,0.0018223234624145787,,,True,2,0.09225808409973979,0.007972965948283672,0.0021856511011719704,0.08209946705028415,0.0010901358909904957,0.07065949495881796,0.0018984400667250156,0.16590766422450542
tier_10k,5000,1_1438042987127.36_20150728002307-00145-ip-10-236-191-2_499439925_0.csv,2,30,5.0,0.15,5000,3,724,150,False,False,False,150,0,150,0.09523809523809523,0.005291005291005291,,,True,2,0.09225808409973979,0.007972965948283672,0.0021856511011719704,0.08209946705028415,0.0010121213272213936,0.026302835438400507,0.001302013173699379,0.12087658233940601
tier_10k,5000,1_1438042987127.36_20150728002307-00145-ip-10-236-191-2_499439925_0.csv,2,30,10.0,0.15,5000,3,724,300,False,False,False,300,0,300,0.09523809523809523,0.002592352559948153,,,True,2,0.09225808409973979,0.007972965948283672,0.0021856511011719704,0.08209946705028415,0.00116625614464283,0.05342298187315464,0.0013735848478972912,0.14822260104119778
tier_10k,5000,1_1438042987127.36_20150728002307-00145-ip-10-236-191-2_499439925_0.csv,2,30,15.0,0.15,5000,3,724,450,False,False,False,450,0,450,0.09523809523809523,0.0015203344735841885,,,True,2,0.09225808409973979,0.007972965948283672,0.0021856511011719704,0.08209946705028415,0.0012424830347299576,0.08323477581143379,0.001738274935632944,0.17847536085173488
tier_10k,5000,1_1438042987127.36_20150728002307-00145-ip-10-236-191-2_499439925_0.csv,2,30,20.0,0.15,5000,3,724,600,False,False,False,600,0,600,0.09523809523809523,0.0009049773755656109,,,True,2,0.09225808409973979,0.007972965948283672,0.0021856511011719704,0.08209946705028415,0.001307973638176918,0.10779208969324827,0.002355099655687809,0.20371528109535575
tier_10k,5000,1_1438042987127.36_20150728002307-00145-ip-10-236-191-2_499439925_0.csv,2,40,5.0,0.15,5000,3,724,200,False,False,False,200,0,200,0.09523809523809523,0.003976143141153081,,,True,2,0.09225808409973979,0.007972965948283672,0.0021856511011719704,0.08209946705028415,0.0012609576806426048,0.03485778300091624,0.0016375882551074028,0.13001644518226385
tier_10k,5000,1_1438042987127.36_20150728002307-00145-ip-10-236-191-2_499439925_0.csv,2,40,10.0,0.15,5000,3,724,400,False,False,False,400,0,400,0.09523809523809523,0.0018223234624145787,,,True,2,0.09225808409973979,0.007972965948283672,0.0021856511011719704,0.08209946705028415,0.0013115848414599895,0.07115299114957452,0.001796006690710783,0.16652059881016612
tier_10k,5000,1_1438042987127.36_20150728002307-00145-ip-10-236-191-2_499439925_0.csv,2,40,15.0,0.15,5000,3,724,600,False,False,False,600,0,600,0.09523809523809523,0.0009049773755656109,,,True,2,0.09225808409973979,0.007972965948283672,0.0021856511011719704,0.08209946705028415,0.00135110504925251,0.10555974533781409,0.0022383546456694603,0.20140892872586846
tier_10k,5000,1_1438042987127.36_20150728002307-00145-ip-10-236-191-2_499439925_0.csv,2,40,20.0,0.15,5000,3,724,800,True,False,False,724,0,724,0.09523809523809523,0.0003779646603042616,,,False,0,0.09225808409973979,0.007972965948283672,0.0021856511011719704,0.08209946705028415,4.953611642122269e-05,0.12765674106776714,0.00236385315656662,0.22232975205406547
tier_10k,5000,1_1438042987127.36_20150728002307-00145-ip-10-236-191-2_499439925_0.csv,2,50,5.0,0.15,5000,3,724,250,False,False,False,250,0,250,0.09523809523809523,0.0031847133757961785,,,True,2,0.09225808409973979,0.007972965948283672,0.0021856511011719704,0.08209946705028415,0.0011926963925361633,0.045357031747698784,0.0014534811489284039,0.14026280120015144
tier_10k,5000,1_1438042987127.36_20150728002307-00145-ip-10-236-191-2_499439925_0.csv,2,50,10.0,0.15,5000,3,724,500,False,False,False,500,0,500,0.09523809523809523,0.0012746972594008922,,,True,2,0.09225808409973979,0.007972965948283672,0.0021856511011719704,0.08209946705028415,0.0011337711475789547,0.0861066160723567,0.001735749188810587,0.18123567523434758
tier_10k,5000,1_1438042987127.36_20150728002307-00145-ip-10-236-191-2_499439925_0.csv,2,50,15.0,0.15,5000,3,724,750,True,False,False,724,0,724,0.09523809523809523,0.0003779646603042616,,,False,0,0.09225808409973979,0.007972965948283672,0.0021856511011719704,0.08209946705028415,5.5552925914525986e-05,0.1266455422155559,0.002556915394961834,0.2215175675228238
tier_10k,5000,1_1438042987127.36_20150728002307-00145-ip-10-236-191-2_499439925_0.csv,2,50,20.0,0.15,5000,3,724,1000,True,False,False,724,0,724,0.09523809523809523,0.0003779646603042616,,,False,0,0.09225808409973979,0.007972965948283672,0.0021856511011719704,0.08209946705028415,4.493212327361107e-05,0.1285520400851965,0.0029248609207570553,0.2237814674153924
tier_10k,5000,1_1438042990112.50_20150728002310-00013-ip-10-236-191-2_321346784_4.csv,1,10,5.0,0.15,5000,14,982,50,False,True,True,50,10,50,0.3333333333333333,0.05405405405405406,0.1935483870967742,27.509501934051514,True,2,0.12535010324791074,0.0084417131729424,0.00215420825406909,0.11475418182089925,0.0014162319712340832,0.003803814295679331,0.0039298441261053085,0.1345022921450436
tier_10k,5000,1_1438042990112.50_20150728002310-00013-ip-10-236-191-2_321346784_4.csv,1,10,10.0,0.15,5000,14,982,100,False,True,True,100,10,100,0.3333333333333333,0.02843601895734597,0.1935483870967742,27.8681720495224,True,2,0.12535010324791074,0.0084417131729424,0.00215420825406909,0.11475418182089925,0.002686263993382454,0.01012110710144043,0.0035294508561491966,0.14168911892920732
tier_10k,5000,1_1438042990112.50_20150728002310-00013-ip-10-236-191-2_321346784_4.csv,1,10,15.0,0.15,5000,14,982,150,False,True,True,150,10,150,0.3333333333333333,0.01929260450160772,0.1935483870967742,27.965714812278748,True,2,0.12535010324791074,0.0084417131729424,0.00215420825406909,0.11475418182089925,0.002620026934891939,0.014506311621516943,0.004499932751059532,0.1469785333611071
tier_10k,5000,1_1438042990112.50_20150728002310-00013-ip-10-236-191-2_321346784_4.csv,1,10,20.0,0.15,5000,14,982,200,False,True,True,200,10,200,0.3333333333333333,0.013888888888888888,0.1875,28.325675785541534,True,2,0.12535010324791074,0.0084417131729424,0.00215420825406909,0.11475418182089925,0.0026115220971405506,0.017297836020588875,0.004182372707873583,0.14944399939849973
tier_10k,5000,1_1438042990112.50_20150728002310-00013-ip-10-236-191-2_321346784_4.csv,1,20,5.0,0.15,5000,14,982,100,False,False,False,100,0,100,0.3333333333333333,0.02843601895734597,,,True,2,0.12535010324791074,0.0084417131729424,0.00215420825406909,0.11475418182089925,0.0025520618073642254,0.010422890074551105,0.0010041450150310993,0.13933181297034025
tier_10k,5000,1_1438042990112.50_20150728002310-00013-ip-10-236-191-2_321346784_4.csv,1,20,10.0,0.15,5000,14,982,200,False,False,False,200,0,200,0.3333333333333333,0.013888888888888888,,,True,2,0.12535010324791074,0.0084417131729424,0.00215420825406909,0.11475418182089925,0.001436317339539528,0.014914582949131727,0.0014087329618632793,0.1431113062426448
tier_10k,5000,1_1438042990112.50_20150728002310-00013-ip-10-236-191-2_321346784_4.csv,1,20,15.0,0.15,5000,14,982,300,False,False,False,300,0,300,0.3333333333333333,0.00819672131147541,,,True,2,0.12535010324791074,0.0084417131729424,0.00215420825406909,0.11475418182089925,0.0014658402651548386,0.022310206200927496,0.00144957285374403,0.15057725738734007
tier_10k,5000,1_1438042990112.50_20150728002310-00013-ip-10-236-191-2_321346784_4.csv,1,20,20.0,0.15,5000,14,982,400,False,False,False,400,0,400,0.3333333333333333,0.0053811659192825115,,,True,2,0.12535010324791074,0.0084417131729424,0.00215420825406909,0.11475418182089925,0.0014965669251978397,0.027452300302684307,0.0015275189653038979,0.15582800656557083
tier_10k,5000,1_1438042990112.50_20150728002310-00013-ip-10-236-191-2_321346784_4.csv,1,30,5.0,0.15,5000,14,982,150,False,False,False,150,0,150,0.3333333333333333,0.01929260450160772,,,True,2,0.12535010324791074,0.0084417131729424,0.00215420825406909,0.11475418182089925,0.0015680189244449139,0.011256630066782236,0.0013022860512137413,0.1394785912707448
tier_10k,5000,1_1438042990112.50_20150728002310-00013-ip-10-236-191-2_321346784_4.csv,1,30,10.0,0.15,5000,14,982,300,False,False,False,300,0,300,0.3333333333333333,0.00819672131147541,,,True,2,0.12535010324791074,0.0084417131729424,0.00215420825406909,0.11475418182089925,0.0014551435597240925,0.02168738516047597,0.0014066221192479134,0.1499008173123002
tier_10k,5000,1_1438042990112.50_20150728002310-00013-ip-10-236-191-2_321346784_4.csv,1,30,15.0,0.15,5000,14,982,450,False,False,False,450,0,450,0.3333333333333333,0.0045351473922902496,,,True,2,0.12535010324791074,0.0084417131729424,0.00215420825406909,0.11475418182089925,0.0014964989386498928,0.030900571029633284,0.0016787629574537277,0.15942743653431535
tier_10k,5000,1_1438042990112.50_20150728002310-00013-ip-10-236-191-2_321346784_4.csv,1,30,20.0,0.15,5000,14,982,600,False,False,False,600,0,600,0.3333333333333333,0.002894356005788712,,,True,2,0.12535010324791074,0.0084417131729424,0.00215420825406909,0.11475418182089925,0.0017055938951671124,0.04608860099688172,0.0019056349992752075,0.17505158064886928
tier_10k,5000,1_1438042990112.50_20150728002310-00013-ip-10-236-191-2_321346784_4.csv,1,40,5.0,0.15,5000,14,982,200,False,False,False,200,0,200,0.3333333333333333,0.013888888888888888,,,True,2,0.12535010324791074,0.0084417131729424,0.00215420825406909,0.11475418182089925,0.0014607789926230907,0.01464079413563013,0.0013989969156682491,0.14285220904275775
tier_10k,5000,1_1438042990112.50_20150728002310-00013-ip-10-236-191-2_321346784_4.csv,1,40,10.0,0.15,5000,14,982,400,False,False,False,400,0,400,0.3333333333333333,0.0053811659192825115,,,True,2,0.12535010324791074,0.0084417131729424,0.00215420825406909,0.11475418182089925,0.0014930861070752144,0.027659297920763493,0.0016274340450763702,0.15613161027431488
tier_10k,5000,1_1438042990112.50_20150728002310-00013-ip-10-236-191-2_321346784_4.csv,1,40,15.0,0.15,5000,14,982,600,False,False,False,600,0,600,0.3333333333333333,0.002894356005788712,,,True,2,0.12535010324791074,0.0084417131729424,0.00215420825406909,0.11475418182089925,0.0015358543023467064,0.04392629535868764,0.002101426012814045,0.17291523842141032
tier_10k,5000,1_1438042990112.50_20150728002310-00013-ip-10-236-191-2_321346784_4.csv,1,40,20.0,0.15,5000,14,982,800,False,False,False,800,0,800,0.3333333333333333,0.0019524894240156199,,,True,2,0.12535010324791074,0.0084417131729424,0.00215420825406909,0.11475418182089925,0.0016079400666058064,0.05902212578803301,0.002171621657907963,0.1881533875130117
tier_10k,5000,1_1438042990112.50_20150728002310-00013-ip-10-236-191-2_321346784_4.csv,1,50,5.0,0.15,5000,14,982,250,False,False,False,250,0,250,0.3333333333333333,0.010309278350515464,,,True,2,0.12535010324791074,0.0084417131729424,0.00215420825406909,0.11475418182089925,0.0014764671213924885,0.017773943953216076,0.0014702510088682175,0.14607236022129655
tier_10k,5000,1_1438042990112.50_20150728002310-00013-ip-10-236-191-2_321346784_4.csv,1,50,10.0,0.15,5000,14,982,500,False,False,False,500,0,500,0.3333333333333333,0.003814367450731087,,,True,2,0.12535010324791074,0.0084417131729424,0.00215420825406909,0.11475418182089925,0.0015267366543412209,0.034779240377247334,0.001729561947286129,0.16338717425242066
tier_10k,5000,1_1438042990112.50_20150728002310-00013-ip-10-236-191-2_321346784_4.csv,1,50,15.0,0.15,5000,14,982,750,False,False,False,750,0,750,0.3333333333333333,0.0021253985122210413,,,True,2,0.12535010324791074,0.0084417131729424,0.00215420825406909,0.11475418182089925,0.001754517201334238,0.055190687999129295,0.0022430219687521458,0.18453995510935783
tier_10k,5000,1_1438042990112.50_20150728002310-00013-ip-10-236-191-2_321346784_4.csv,1,50,20.0,0.15,5000,14,982,1000,True,False,False,982,0,982,0.3333333333333333,0.0011100832562442183,,,False,0,0.12535010324791074,0.0084417131729424,0.00215420825406909,0.11475418182089925,6.429105997085571e-05,0.07333526108413935,0.0027388921007514,0.2014901153743267
tier_10k,5000,0_1438042988061.16_20150728002308-00143-ip-10-236-191-2_392191488_0.csv,0,10,5.0,0.15,5000,23,1675,50,False,True,True,50,10,50,0.06060606060606061,0.12025316455696203,0.16071428571428573,25.013520777225494,True,3,0.20522365858778358,0.0075324587523937225,0.0024777818471193314,0.19521341798827052,0.003155558370053768,0.004818053916096687,0.005402891896665096,0.21860294044017792
tier_10k,5000,0_1438042988061.16_20150728002308-00143-ip-10-236-191-2_392191488_0.csv,0,10,10.0,0.15,5000,23,1675,100,False,True,True,100,10,100,0.06060606060606061,0.07380073800738007,0.16071428571428573,25.013520777225494,True,4,0.20522365858778358,0.0075324587523937225,0.0024777818471193314,0.19521341798827052,0.006134930998086929,0.008354402147233486,0.004994081798940897,0.2247101254761219
tier_10k,5000,0_1438042988061.16_20150728002308-00143-ip-10-236-191-2_392191488_0.csv,0,10,15.0,0.15,5000,23,1675,150,False,True,True,150,10,150,0.06060606060606061,0.05476190476190476,0.16071428571428573,25.123879432678223,True,3,0.20522365858778358,0.0075324587523937225,0.0024777818471193314,0.19521341798827052,0.005822964012622833,0.011856672819703817,0.008851066697388887,0.23175652837380767
tier_10k,5000,0_1438042988061.16_20150728002308-00143-ip-10-236-191-2_392191488_0.csv,0,10,20.0,0.15,5000,23,1675,200,False,True,True,200,10,200,0.06060606060606061,0.04187604690117253,0.15789473684210525,25.295943081378937,True,3,0.20522365858778358,0.0075324587523937225,0.0024777818471193314,0.19521341798827052,0.0039055650122463703,0.01502549508586526,0.007745920214802027,0.231902742292732
tier_10k,5000,0_1438042988061.16_20150728002308-00143-ip-10-236-191-2_392191488_0.csv,0,20,5.0,0.15,5000,23,1675,100,False,True,True,100,20,100,0.06060606060606061,0.07380073800738007,0.15584415584415584,50.624499291181564,True,4,0.20522365858778358,0.0075324587523937225,0.0024777818471193314,0.19521341798827052,0.0058690449222922325,0.008261641953140497,0.005972153041511774,0.22532869363203645
tier_10k,5000,0_1438042988061.16_20150728002308-00143-ip-10-236-191-2_392191488_0.csv,0,20,10.0,0.15,5000,23,1675,200,False,True,True,200,20,200,0.06060606060606061,0.04187604690117253,0.15,51.156823605298996,True,3,0.20522365858778358,0.0075324587523937225,0.0024777818471193314,0.19521341798827052,0.005371070932596922,0.014727429952472448,0.007702508941292763,0.23302681650966406
tier_10k,5000,0_1438042988061.16_20150728002308-00143-ip-10-236-191-2_392191488_0.csv,0,20,15.0,0.15,5000,23,1675,300,False,True,True,300,20,300,0.06060606060606061,0.027870680044593088,0.15,51.266493052244186,True,4,0.20522365858778358,0.0075324587523937225,0.0024777818471193314,0.19521341798827052,0.00601027300581336,0.02129568299278617,0.007272964809089899,0.23980493936687708
tier_10k,5000,0_1438042988061.16_20150728002308-00143-ip-10-236-191-2_392191488_0.csv,0,20,20.0,0.15,5000,23,1675,400,False,True,True,400,20,400,0.06060606060606061,0.020594965675057208,0.15,51.335035353899,True,2,0.20522365858778358,0.0075324587523937225,0.0024777818471193314,0.19521341798827052,0.004410619847476482,0.027879991102963686,0.007924532983452082,0.24544097343459725
tier_10k,5000,0_1438042988061.16_20150728002308-00143-ip-10-236-191-2_392191488_0.csv,0,30,5.0,0.15,5000,23,1675,150,False,True,True,150,30,150,0.06060606060606061,0.05476190476190476,0.15306122448979592,75.99766179919243,True,3,0.20522365858778358,0.0075324587523937225,0.0024777818471193314,0.19521341798827052,0.00514876376837492,0.011695384047925472,0.008123800158500671,0.23019371228292584
tier_10k,5000,0_1438042988061.16_20150728002308-00143-ip-10-236-191-2_392191488_0.csv,0,30,10.0,0.15,5000,23,1675,300,False,True,True,300,30,300,0.06060606060606061,0.027870680044593088,0.15,76.69179686903954,True,4,0.20522365858778358,0.0075324587523937225,0.0024777818471193314,0.19521341798827052,0.005495360121130943,0.020876849070191383,0.01672034990042448,0.24831833457574248
tier_10k,5000,0_1438042988061.16_20150728002308-00143-ip-10-236-191-2_392191488_0.csv,0,30,15.0,0.15,5000,23,1675,450,False,True,True,450,30,450,0.06060606060606061,0.01786896095301125,0.15,76.69179686903954,True,2,0.20522365858778358,0.0075324587523937225,0.0024777818471193314,0.19521341798827052,0.0027937148697674274,0.031979115679860115,0.018278220668435097,0.25827649887651205
tier_10k,5000,0_1438042988061.16_20150728002308-00143-ip-10-236-191-2_392191488_0.csv,0,30,20.0,0.15,5000,23,1675,600,False,True,True,600,30,600,0.06060606060606061,0.012206148282097649,0.15,76.69179686903954,True,2,0.20522365858778358,0.0075324587523937225,0.0024777818471193314,0.19521341798827052,0.0028589749708771706,0.0412906389683485,0.021352078765630722,0.2707270076498389
tier_10k,5000,0_1438042988061.16_20150728002308-00143-ip-10-236-191-2_392191488_0.csv,0,40,5.0,0.15,5000,23,1675,200,False,False,False,200,0,200,0.06060606060606061,0.04187604690117253,,,True,3,0.20522365858778358,0.0075324587523937225,0.0024777818471193314,0.19521341798827052,0.003625535871833563,0.014967130962759256,0.0013484712690114975,0.22516649682074785
tier_10k,5000,0_1438042988061.16_20150728002308-00143-ip-10-236-191-2_392191488_0.csv,0,40,10.0,0.15,5000,23,1675,400,False,False,False,400,0,400,0.06060606060606061,0.020594965675057208,,,True,2,0.20522365858778358,0.0075324587523937225,0.0024777818471193314,0.19521341798827052,0.002547633834183216,0.028789387084543705,0.0016713272780179977,0.23823356162756681
tier_10k,5000,0_1438042988061.16_20150728002308-00143-ip-10-236-191-2_392191488_0.csv,0,40,15.0,0.15,5000,23,1675,600,False,False,False,600,0,600,0.06060606060606061,0.012206148282097649,,,True,2,0.20522365858778358,0.0075324587523937225,0.0024777818471193314,0.19521341798827052,0.0025724750012159348,0.040304002817720175,0.0020053130574524403,0.25010700849816203
tier_10k,5000,0_1438042988061.16_20150728002308-00143-ip-10-236-191-2_392191488_0.csv,0,40,20.0,0.15,5000,23,1675,800,False,False,False,800,0,800,0.06060606060606061,0.008164499546416692,,,True,2,0.20522365858778358,0.0075324587523937225,0.0024777818471193314,0.19521341798827052,0.0029146699234843254,0.053896002005785704,0.0022796550765633583,0.264315617736429
tier_10k,5000,0_1438042988061.16_20150728002308-00143-ip-10-236-191-2_392191488_0.csv,0,50,5.0,0.15,5000,23,1675,250,False,False,False,250,0,250,0.06060606060606061,0.03346720214190094,,,True,3,0.20522365858778358,0.0075324587523937225,0.0024777818471193314,0.19521341798827052,0.0032980777323246002,0.017747237347066402,0.0017130756750702858,0.22798355668783188
tier_10k,5000,0_1438042988061.16_20150728002308-00143-ip-10-236-191-2_392191488_0.csv,0,50,10.0,0.15,5000,23,1675,500,False,False,False,500,0,500,0.06060606060606061,0.015771028037383176,,,True,2,0.20522365858778358,0.0075324587523937225,0.0024777818471193314,0.19521341798827052,0.0025575850158929825,0.03415875695645809,0.001903383992612362,0.243845256511122
tier_10k,5000,0_1438042988061.16_20150728002308-00143-ip-10-236-191-2_392191488_0.csv,0,50,15.0,0.15,5000,23,1675,750,False,False,False,750,0,750,0.06060606060606061,0.008979048885932824,,,True,2,0.20522365858778358,0.0075324587523937225,0.0024777818471193314,0.19521341798827052,0.0027494067326188087,0.05027646804228425,0.0025311289355158806,0.2607822474092245
tier_10k,5000,0_1438042988061.16_20150728002308-00143-ip-10-236-191-2_392191488_0.csv,0,50,20.0,0.15,5000,23,1675,1000,False,False,False,1000,0,1000,0.06060606060606061,0.005816458423093494,,,True,2,0.20522365858778358,0.0075324587523937225,0.0024777818471193314,0.19521341798827052,0.0028957119211554527,0.06549746682867408,0.00277705118060112,0.2763956096023321
tier_10k,5000,1_1438042987127.36_20150728002307-00040-ip-10-236-191-2_17801588_1.csv,2,10,5.0,0.15,5000,12,1429,50,False,True,True,50,10,50,1.0,0.12605042016806722,0.18181818181818182,26.442140460014343,True,4,0.16277904575690627,0.006078369915485382,0.0026387139223515987,0.1540619619190693,0.003353030886501074,0.003205705899745226,0.0038256393745541573,0.17316554486751556
tier_10k,5000,1_1438042987127.36_20150728002307-00040-ip-10-236-191-2_17801588_1.csv,2,10,10.0,0.15,5000,12,1429,100,False,True,True,100,10,100,1.0,0.0728744939271255,0.18181818181818182,26.597530484199524,True,3,0.16277904575690627,0.006078369915485382,0.0026387139223515987,0.1540619619190693,0.0031608720310032368,0.006936932913959026,0.0035981452092528343,0.17647695587947965
tier_10k,5000,1_1438042987127.36_20150728002307-00040-ip-10-236-191-2_17801588_1.csv,2,10,15.0,0.15,5000,12,1429,150,False,True,True,150,10,150,1.0,0.05191256830601093,0.18181818181818182,26.711724400520325,True,3,0.16277904575690627,0.006078369915485382,0.0026387139223515987,0.1540619619190693,0.0051325359381735325,0.011075227055698633,0.0038802758790552616,0.18286937195807695
tier_10k,5000,1_1438042987127.36_20150728002307-00040-ip-10-236-191-2_17801588_1.csv,2,10,20.0,0.15,5000,12,1429,200,False,True,True,200,10,200,1.0,0.04107142857142857,0.18181818181818182,26.759267389774323,True,3,0.16277904575690627,0.006078369915485382,0.0026387139223515987,0.1540619619190693,0.005199444014579058,0.013173078186810017,0.004712703637778759,0.18586637545377016
tier_10k,5000,1_1438042987127.36_20150728002307-00040-ip-10-236-191-2_17801588_1.csv,2,20,5.0,0.15,5000,12,1429,100,False,True,True,100,20,100,1.0,0.0728744939271255,0.2,51.30414950847626,True,3,0.16277904575690627,0.006078369915485382,0.0026387139223515987,0.1540619619190693,0.005379277281463146,0.007558835204690695,0.005012092180550098,0.1807314525358379
tier_10k,5000,1_1438042987127.36_20150728002307-00040-ip-10-236-191-2_17801588_1.csv,2,20,10.0,0.15,5000,12,1429,200,False,True,True,200,20,200,1.0,0.04107142857142857,0.2,51.74789845943451,True,3,0.16277904575690627,0.006078369915485382,0.0026387139223515987,0.1540619619190693,0.005177774932235479,0.012436921708285809,0.006031413096934557,0.1864275219850242
tier_10k,5000,1_1438042987127.36_20150728002307-00040-ip-10-236-191-2_17801588_1.csv,2,20,15.0,0.15,5000,12,1429,300,False,True,True,300,20,300,1.0,0.030263157894736843,0.2,52.059542298316956,True,3,0.16277904575690627,0.006078369915485382,0.0026387139223515987,0.1540619619190693,0.005313245113939047,0.01871367171406746,0.006998402997851372,0.1938068037852645
tier_10k,5000,1_1438042987127.36_20150728002307-00040-ip-10-236-191-2_17801588_1.csv,2,20,20.0,0.15,5000,12,1429,400,False,True,True,400,20,400,1.0,0.024072216649949848,0.2,52.335962533950806,True,2,0.16277904575690627,0.006078369915485382,0.0026387139223515987,0.1540619619190693,0.0037836958654224873,0.025213208980858326,0.00877914484590292,0.20055720768868923
tier_10k,5000,1_1438042987127.36_20150728002307-00040-ip-10-236-191-2_17801588_1.csv,2,30,5.0,0.15,5000,12,1429,150,False,True,True,150,30,150,1.0,0.05191256830601093,0.15151515151515152,76.89228683710098,True,3,0.16277904575690627,0.006078369915485382,0.0026387139223515987,0.1540619619190693,0.004377369303256273,0.010238961782306433,0.004188841208815575,0.18158643646165729
tier_10k,5000,1_1438042987127.36_20150728002307-00040-ip-10-236-191-2_17801588_1.csv,2,30,10.0,0.15,5000,12,1429,300,False,True,True,300,30,300,1.0,0.030263157894736843,0.15151515151515152,77.73173397779465,True,3,0.16277904575690627,0.006078369915485382,0.0026387139223515987,0.1540619619190693,0.005203232169151306,0.020432636607438326,0.006432362832129002,0.19484944362193346
tier_10k,5000,1_1438042987127.36_20150728002307-00040-ip-10-236-191-2_17801588_1.csv,2,30,15.0,0.15,5000,12,1429,450,False,True,True,450,30,450,1.0,0.02187784867821331,0.15151515151515152,78.31072580814362,True,2,0.16277904575690627,0.006078369915485382,0.0026387139223515987,0.1540619619190693,0.004012986086308956,0.030537850223481655,0.009122697170823812,0.20645496435463428
tier_10k,5000,1_1438042987127.36_20150728002307-00040-ip-10-236-191-2_17801588_1.csv,2,30,20.0,0.15,5000,12,1429,600,False,True,True,600,30,600,1.0,0.01717967072297781,0.15151515151515152,78.50262075662613,True,2,0.16277904575690627,0.006078369915485382,0.0026387139223515987,0.1540619619190693,0.0031784079037606716,0.03947076294571161,0.013414012268185616,0.21884427592158318
tier_10k,5000,1_1438042987127.36_20150728002307-00040-ip-10-236-191-2_17801588_1.csv,2,40,5.0,0.15,5000,12,1429,200,False,True,True,200,40,200,1.0,0.04107142857142857,0.15151515151515152,98.69100373983383,True,3,0.16277904575690627,0.006078369915485382,0.0026387139223515987,0.1540619619190693,0.003145297057926655,0.013211232144385576,0.005919160787016153,0.18505644844844937
tier_10k,5000,1_1438042987127.36_20150728002307-00040-ip-10-236-191-2_17801588_1.csv,2,40,10.0,0.15,5000,12,1429,400,False,True,True,400,40,400,1.0,0.024072216649949848,0.15151515151515152,100.19409263134003,True,2,0.16277904575690627,0.006078369915485382,0.0026387139223515987,0.1540619619190693,0.004069762770086527,0.02447507018223405,0.00928435381501913,0.20061046676710248
tier_10k,5000,1_1438042987127.36_20150728002307-00040-ip-10-236-191-2_17801588_1.csv,2,40,15.0,0.15,5000,12,1429,600,False,True,True,600,40,600,1.0,0.01717967072297781,0.15151515151515152,100.60243767499924,True,2,0.16277904575690627,0.006078369915485382,0.0026387139223515987,0.1540619619190693,0.0028478638269007206,0.035907977260649204,0.014250278938561678,0.21578730875626206
tier_10k,5000,1_1438042987127.36_20150728002307-00040-ip-10-236-191-2_17801588_1.csv,2,40,20.0,0.15,5000,12,1429,800,False,True,True,800,40,800,1.0,0.012598425196850394,0.15,100.86567860841751,True,2,0.16277904575690627,0.006078369915485382,0.0026387139223515987,0.1540619619190693,0.0023900349624454975,0.04803200392052531,0.021075733937323093,0.23427856201305985
tier_10k,5000,1_1438042987127.36_20150728002307-00040-ip-10-236-191-2_17801588_1.csv,2,50,5.0,0.15,5000,12,1429,250,False,False,False,250,0,250,1.0,0.03484848484848485,,,True,3,0.16277904575690627,0.006078369915485382,0.0026387139223515987,0.1540619619190693,0.003353034146130085,0.01564353099092841,0.0014310958795249462,0.18320849305018783
tier_10k,5000,1_1438042987127.36_20150728002307-00040-ip-10-236-191-2_17801588_1.csv,2,50,10.0,0.15,5000,12,1429,500,False,False,False,500,0,500,1.0,0.020050125313283207,,,True,2,0.16277904575690627,0.006078369915485382,0.0026387139223515987,0.1540619619190693,0.0023727137595415115,0.029732719995081425,0.0020457408390939236,0.19693163176998496
tier_10k,5000,1_1438042987127.36_20150728002307-00040-ip-10-236-191-2_17801588_1.csv,2,50,15.0,0.15,5000,12,1429,750,False,False,False,750,0,750,1.0,0.013675213675213675,,,True,2,0.16277904575690627,0.006078369915485382,0.0026387139223515987,0.1540619619190693,0.002640217076987028,0.044944757129997015,0.002078570891171694,0.21244413685053587
tier_10k,5000,1_1438042987127.36_20150728002307-00040-ip-10-236-191-2_17801588_1.csv,2,50,20.0,0.15,5000,12,1429,1000,False,False,False,1000,0,1000,1.0,0.009535160905840286,,,True,2,0.16277904575690627,0.006078369915485382,0.0026387139223515987,0.1540619619190693,0.0026719439774751663,0.05853334814310074,0.0032993019558489323,0.22728516906499863
tier_10k,5000,1_1438042987127.36_20150728002307-00050-ip-10-236-191-2_732552166_0.csv,0,10,5.0,0.15,5000,1,1573,50,False,True,True,50,10,50,1.0,0.0392156862745098,0.18181818181818182,17.992326617240906,True,2,0.18055751826614141,0.006303624249994755,0.0024311477318406105,0.17182274628430605,0.0023724697530269623,0.0022819959558546543,0.0034740492701530457,0.18868852127343416
tier_10k,5000,1_1438042987127.36_20150728002307-00050-ip-10-236-191-2_732552166_0.csv,0,10,10.0,0.15,5000,1,1573,100,False,True,True,100,10,100,1.0,0.019801980198019802,0.18181818181818182,18.050633192062378,True,2,0.18055751826614141,0.006303624249994755,0.0024311477318406105,0.17182274628430605,0.002683534286916256,0.004853614140301943,0.0031993500888347626,0.19129572017118335
tier_10k,5000,1_1438042987127.36_20150728002307-00050-ip-10-236-191-2_732552166_0.csv,0,10,15.0,0.15,5000,1,1573,150,False,True,True,150,10,150,1.0,0.013245033112582781,0.18181818181818182,18.330250203609467,True,2,0.18055751826614141,0.006303624249994755,0.0024311477318406105,0.17182274628430605,0.0043084160424768925,0.008412789087742567,0.00443999283015728,0.1977209742181003
tier_10k,5000,1_1438042987127.36_20150728002307-00050-ip-10-236-191-2_732552166_0.csv,0,10,20.0,0.15,5000,1,1573,200,False,True,True,200,10,200,1.0,0.009950248756218905,0.18181818181818182,18.38135987520218,True,2,0.18055751826614141,0.006303624249994755,0.0024311477318406105,0.17182274628430605,0.004297094885259867,0.009736103937029839,0.004475563298910856,0.19906841591000557
tier_10k,5000,1_1438042987127.36_20150728002307-00050-ip-10-236-191-2_732552166_0.csv,0,20,5.0,0.15,5000,1,1573,100,False,False,False,100,0,100,1.0,0.019801980198019802,,,True,2,0.18055751826614141,0.006303624249994755,0.0024311477318406105,0.17182274628430605,0.004505160264670849,0.006232433021068573,0.0013237078674137592,0.19262081943452358
tier_10k,5000,1_1438042987127.36_20150728002307-00050-ip-10-236-191-2_732552166_0.csv,0,20,10.0,0.15,5000,1,1573,200,False,False,False,200,0,200,1.0,0.009950248756218905,,,True,2,0.18055751826614141,0.006303624249994755,0.0024311477318406105,0.17182274628430605,0.0026254807598888874,0.008954732213169336,0.0011467919684946537,0.19328609621152282
tier_10k,5000,1_1438042987127.36_20150728002307-00050-ip-10-236-191-2_732552166_0.csv,0,20,15.0,0.15,5000,1,1573,300,False,False,False,300,0,300,1.0,0.006644518272425249,,,True,2,0.18055751826614141,0.006303624249994755,0.0024311477318406105,0.17182274628430605,0.0023939101956784725,0.01229475624859333,0.0015181698836386204,0.19676596019417048
tier_10k,5000,1_1438042987127.36_20150728002307-00050-ip-10-236-191-2_732552166_0.csv,0,20,20.0,0.15,5000,1,1573,400,False,False,False,400,0,400,1.0,0.004987531172069825,,,True,2,0.18055751826614141,0.006303624249994755,0.0024311477318406105,0.17182274628430605,0.002694998402148485,0.017154814209789038,0.0015729418955743313,0.20198196358978748
tier_10k,5000,1_1438042987127.36_20150728002307-00050-ip-10-236-191-2_732552166_0.csv,0,30,5.0,0.15,5000,1,1573,150,False,False,False,150,0,150,1.0,0.013245033112582781,,,True,2,0.18055751826614141,0.006303624249994755,0.0024311477318406105,0.17182274628430605,0.002601086162030697,0.006786980200558901,0.001257364172488451,0.19120469642803073
tier_10k,5000,1_1438042987127.36_20150728002307-00050-ip-10-236-191-2_732552166_0.csv,0,30,10.0,0.15,5000,1,1573,300,False,False,False,300,0,300,1.0,0.006644518272425249,,,True,2,0.18055751826614141,0.006303624249994755,0.0024311477318406105,0.17182274628430605,0.0026468709111213684,0.01261746697127819,0.001486108172684908,0.1973096551373601
tier_10k,5000,1_1438042987127.36_20150728002307-00050-ip-10-236-191-2_732552166_0.csv,0,30,15.0,0.15,5000,1,1573,450,False,False,False,450,0,450,1.0,0.004434589800443459,,,True,2,0.18055751826614141,0.006303624249994755,0.0024311477318406105,0.17182274628430605,0.0027122138999402523,0.019367875065654516,0.0015699476934969425,0.2042091852054
tier_10k,5000,1_1438042987127.36_20150728002307-00050-ip-10-236-191-2_732552166_0.csv,0,30,20.0,0.15,5000,1,1573,600,False,False,False,600,0,600,1.0,0.0033277870216306157,,,True,2,0.18055751826614141,0.006303624249994755,0.0024311477318406105,0.17182274628430605,0.002508333884179592,0.024348340928554535,0.0017477776855230331,0.2091635623946786
tier_10k,5000,1_1438042987127.36_20150728002307-00050-ip-10-236-191-2_732552166_0.csv,0,40,5.0,0.15,5000,1,1573,200,False,False,False,200,0,200,1.0,0.009950248756218905,,,True,2,0.18055751826614141,0.006303624249994755,0.0024311477318406105,0.17182274628430605,0.0026185461319983006,0.009016060270369053,0.0013066045939922333,0.19350046711042523
tier_10k,5000,1_1438042987127.36_20150728002307-00050-ip-10-236-191-2_732552166_0.csv,0,40,10.0,0.15,5000,1,1573,400,False,False,False,400,0,400,1.0,0.004987531172069825,,,True,2,0.18055751826614141,0.006303624249994755,0.0024311477318406105,0.17182274628430605,0.0024203932844102383,0.016363714821636677,0.0016831899993121624,0.20102646807208657
tier_10k,5000,1_1438042987127.36_20150728002307-00050-ip-10-236-191-2_732552166_0.csv,0,40,15.0,0.15,5000,1,1573,600,False,False,False,600,0,600,1.0,0.0033277870216306157,,,True,2,0.18055751826614141,0.006303624249994755,0.0024311477318406105,0.17182274628430605,0.0024651698768138885,0.024400811176747084,0.0019661658443510532,0.20939128240570426
tier_10k,5000,1_1438042987127.36_20150728002307-00050-ip-10-236-191-2_732552166_0.csv,0,40,20.0,0.15,5000,1,1573,800,False,False,False,800,0,800,1.0,0.002362669816893089,,,True,2,0.18055751826614141,0.006303624249994755,0.0024311477318406105,0.17182274628430605,0.0028168540447950363,0.032810877077281475,0.0024447282776236534,0.21863182308152318
tier_10k,5000,1_1438042987127.36_20150728002307-00050-ip-10-236-191-2_732552166_0.csv,0,50,5.0,0.15,5000,1,1573,250,False,False,False,250,0,250,1.0,0.00796812749003984,,,True,2,0.18055751826614141,0.006303624249994755,0.0024311477318406105,0.17182274628430605,0.0025443201884627342,0.010309646837413311,0.0016954541206359863,0.1951085403561592
tier_10k,5000,1_1438042987127.36_20150728002307-00050-ip-10-236-191-2_732552166_0.csv,0,50,10.0,0.15,5000,1,1573,500,False,False,False,500,0,500,1.0,0.003992015968063872,,,True,2,0.18055751826614141,0.006303624249994755,0.0024311477318406105,0.17182274628430605,0.0025361450389027596,0.020426055882126093,0.002191529143601656,0.20571279618889093
tier_10k,5000,1_1438042987127.36_20150728002307-00050-ip-10-236-191-2_732552166_0.csv,0,50,15.0,0.15,5000,1,1573,750,False,False,False,750,0,750,1.0,0.002592352559948153,,,True,2,0.18055751826614141,0.006303624249994755,0.0024311477318406105,0.17182274628430605,0.00258828978985548,0.031947588082402945,0.0024036839604377747,0.2174988491460681
tier_10k,5000,1_1438042987127.36_20150728002307-00050-ip-10-236-191-2_732552166_0.csv,0,50,20.0,0.15,5000,1,1573,1000,False,False,False,1000,0,1000,1.0,0.0017444395987788923,,,True,2,0.18055751826614141,0.006303624249994755,0.0024311477318406105,0.17182274628430605,0.0029851538129150867,0.040180949959903955,0.0028307531028985977,0.22655609482899308
tier_10k,5000,1_1438042987127.36_20150728002307-00263-ip-10-236-191-2_379683688_1.csv,0,10,5.0,0.15,5000,8,1559,50,False,False,False,50,0,50,0.16666666666666666,0.031746031746031744,,,True,2,0.18487829668447375,0.007328537758439779,0.0023964480496942997,0.17515331087633967,0.0024545257911086082,0.0029297838918864727,0.0014504189603030682,0.1917153657414019
tier_10k,5000,1_1438042987127.36_20150728002307-00263-ip-10-236-191-2_379683688_1.csv,0,10,10.0,0.15,5000,8,1559,100,False,False,False,100,0,100,0.16666666666666666,0.017699115044247787,,,True,2,0.18487829668447375,0.007328537758439779,0.0023964480496942997,0.17515331087633967,0.002535332925617695,0.006046996917575598,0.0013449019752442837,0.19480706844478846
tier_10k,5000,1_1438042987127.36_20150728002307-00263-ip-10-236-191-2_379683688_1.csv,0,10,15.0,0.15,5000,8,1559,150,False,False,False,150,0,150,0.16666666666666666,0.0111731843575419,,,True,2,0.18487829668447375,0.007328537758439779,0.0023964480496942997,0.17515331087633967,0.0022625080309808254,0.008283270988613367,0.001329829916357994,0.19675545394420624
tier_10k,5000,1_1438042987127.36_20150728002307-00263-ip-10-236-191-2_379683688_1.csv,0,10,20.0,0.15,5000,8,1559,200,False,False,False,200,0,200,0.16666666666666666,0.007874015748031496,,,True,2,0.18487829668447375,0.007328537758439779,0.0023964480496942997,0.17515331087633967,0.0025108950212597847,0.010705177206546068,0.001352348830550909,0.19944834662601352
tier_10k,5000,1_1438042987127.36_20150728002307-00263-ip-10-236-191-2_379683688_1.csv,0,20,5.0,0.15,5000,8,1559,100,False,False,False,100,0,100,0.16666666666666666,0.017699115044247787,,,True,2,0.18487829668447375,0.007328537758439779,0.0023964480496942997,0.17515331087633967,0.0022436869330704212,0.005434461869299412,0.0009297439828515053,0.1934876856394112
tier_10k,5000,1_1438042987127.36_20150728002307-00263-ip-10-236-191-2_379683688_1.csv,0,20,10.0,0.15,5000,8,1559,200,False,False,False,200,0,200,0.16666666666666666,0.007874015748031496,,,True,2,0.18487829668447375,0.007328537758439779,0.0023964480496942997,0.17515331087633967,0.0022552278824150562,0.010648268274962902,0.0012870780192315578,0.19907039077952504
tier_10k,5000,1_1438042987127.36_20150728002307-00263-ip-10-236-191-2_379683688_1.csv,0,20,15.0,0.15,5000,8,1559,300,False,False,False,300,0,300,0.16666666666666666,0.0047789725209080045,,,True,2,0.18487829668447375,0.007328537758439779,0.0023964480496942997,0.17515331087633967,0.002525902818888426,0.016661379020661116,0.001535387709736824,0.20560245541855693
tier_10k,5000,1_1438042987127.36_20150728002307-00263-ip-10-236-191-2_379683688_1.csv,0,20,20.0,0.15,5000,8,1559,400,False,False,False,400,0,400,0.16666666666666666,0.0032336297493936943,,,True,2,0.18487829668447375,0.007328537758439779,0.0023964480496942997,0.17515331087633967,0.0023244917392730713,0.022307641804218292,0.00153371412307024,0.2110459078103304
tier_10k,5000,1_1438042987127.36_20150728002307-00263-ip-10-236-191-2_379683688_1.csv,0,30,5.0,0.15,5000,8,1559,150,False,False,False,150,0,150,0.16666666666666666,0.0111731843575419,,,True,2,0.18487829668447375,0.007328537758439779,0.0023964480496942997,0.17515331087633967,0.0024713552556931973,0.008828419726341963,0.00143887335434556,0.1976184779778123
tier_10k,5000,1_1438042987127.36_20150728002307-00263-ip-10-236-191-2_379683688_1.csv,0,30,10.0,0.15,5000,8,1559,300,False,False,False,300,0,300,0.16666666666666666,0.0047789725209080045,,,True,2,0.18487829668447375,0.007328537758439779,0.0023964480496942997,0.17515331087633967,0.002530531957745552,0.016566410660743713,0.0014330679550766945,0.20540993753820658
tier_10k,5000,1_1438042987127.36_20150728002307-00263-ip-10-236-191-2_379683688_1.csv,0,30,15.0,0.15,5000,8,1559,450,False,False,False,450,0,450,0.16666666666666666,0.002699055330634278,,,True,2,0.18487829668447375,0.007328537758439779,0.0023964480496942997,0.17515331087633967,0.0025952057912945747,0.02466819016262889,0.001606884878128767,0.21375017194077373
tier_10k,5000,1_1438042987127.36_20150728002307-00263-ip-10-236-191-2_379683688_1.csv,0,30,20.0,0.15,5000,8,1559,600,False,False,False,600,0,600,0.16666666666666666,0.0017921146953405018,,,True,2,0.18487829668447375,0.007328537758439779,0.0023964480496942997,0.17515331087633967,0.0026243962347507477,0.032239099964499474,0.0020363060757517815,0.22177975671365857
tier_10k,5000,1_1438042987127.36_20150728002307-00263-ip-10-236-191-2_379683688_1.csv,0,40,5.0,0.15,5000,8,1559,200,False,False,False,200,0,200,0.16666666666666666,0.007874015748031496,,,True,2,0.18487829668447375,0.007328537758439779,0.0023964480496942997,0.17515331087633967,0.002504291944205761,0.011283272877335548,0.0011244416236877441,0.1997918696142733
tier_10k,5000,1_1438042987127.36_20150728002307-00263-ip-10-236-191-2_379683688_1.csv,0,40,10.0,0.15,5000,8,1559,400,False,False,False,400,0,400,0.16666666666666666,0.0032336297493936943,,,True,2,0.18487829668447375,0.007328537758439779,0.0023964480496942997,0.17515331087633967,0.002330736257135868,0.021295757964253426,0.0021152677945792675,0.2106215157546103
tier_10k,5000,1_1438042987127.36_20150728002307-00263-ip-10-236-191-2_379683688_1.csv,0,40,15.0,0.15,5000,8,1559,600,False,False,False,600,0,600,0.16666666666666666,0.0017921146953405018,,,True,2,0.18487829668447375,0.007328537758439779,0.0023964480496942997,0.17515331087633967,0.002622402273118496,0.0333941918797791,0.0019490458071231842,0.22284562466666102
tier_10k,5000,1_1438042987127.36_20150728002307-00263-ip-10-236-191-2_379683688_1.csv,0,40,20.0,0.15,5000,8,1559,800,False,False,False,800,0,800,0.16666666666666666,0.001169248757673195,,,True,2,0.18487829668447375,0.007328537758439779,0.0023964480496942997,0.17515331087633967,0.002575702965259552,0.042575666680932045,0.0023783291690051556,0.23240974685177207
tier_10k,5000,1_1438042987127.36_20150728002307-00263-ip-10-236-191-2_379683688_1.csv,0,50,5.0,0.15,5000,8,1559,250,False,False,False,250,0,250,0.16666666666666666,0.0060790273556231,,,True,2,0.18487829668447375,0.007328537758439779,0.0023964480496942997,0.17515331087633967,0.0025323540903627872,0.014409400057047606,0.001472253818064928,0.20329409977421165
tier_10k,5000,1_1438042987127.36_20150728002307-00263-ip-10-236-191-2_379683688_1.csv,0,50,10.0,0.15,5000,8,1559,500,False,False,False,500,0,500,0.16666666666666666,0.0023094688221709007,,,True,2,0.18487829668447375,0.007328537758439779,0.0023964480496942997,0.17515331087633967,0.0026085698045790195,0.02714224299415946,0.0018313992768526077,0.21646218141540885
tier_10k,5000,1_1438042987127.36_20150728002307-00263-ip-10-236-191-2_379683688_1.csv,0,50,15.0,0.15,5000,8,1559,750,False,False,False,750,0,750,0.16666666666666666,0.001287415513356936,,,True,2,0.18487829668447375,0.007328537758439779,0.0023964480496942997,0.17515331087633967,0.002699828241020441,0.03977820975705981,0.00259419996291399,0.22995211509987712
tier_10k,5000,1_1438042987127.36_20150728002307-00263-ip-10-236-191-2_379683688_1.csv,0,50,20.0,0.15,5000,8,1559,1000,False,False,False,1000,0,1000,0.16666666666666666,0.0008,,,True,2,0.18487829668447375,0.007328537758439779,0.0023964480496942997,0.17515331087633967,0.0029398701153695583,0.052519665099680424,0.0028392220847308636,0.24317872850224376
tier_10k,5000,1_1438042990112.50_20150728002310-00139-ip-10-236-191-2_473436377_9.csv,1,10,5.0,0.15,5000,138,1333,50,False,True,True,50,10,50,0.6666666666666666,0.9230769230769231,0.8636363636363636,36.741006672382355,True,2,0.160997464787215,0.007452010177075863,0.002367525827139616,0.15117792878299952,0.0018375408835709095,0.00390125485137105,0.0036602946929633617,0.17039874475449324
tier_10k,5000,1_1438042990112.50_20150728002310-00139-ip-10-236-191-2_473436377_9.csv,1,10,10.0,0.15,5000,138,1333,100,False,True,True,100,10,100,0.6666666666666666,0.6570605187319885,0.7654320987654321,37.797673881053925,True,3,0.160997464787215,0.007452010177075863,0.002367525827139616,0.15117792878299952,0.004596923012286425,0.010316615924239159,0.003397985827177763,0.1793111520819366
tier_10k,5000,1_1438042990112.50_20150728002310-00139-ip-10-236-191-2_473436377_9.csv,1,10,15.0,0.15,5000,138,1333,150,False,True,True,150,10,150,0.6666666666666666,0.5100671140939598,0.7654320987654321,37.797673881053925,True,3,0.160997464787215,0.007452010177075863,0.002367525827139616,0.15117792878299952,0.004571552854031324,0.0144132599234581,0.004201182629913092,0.18418558780103922
tier_10k,5000,1_1438042990112.50_20150728002310-00139-ip-10-236-191-2_473436377_9.csv,1,10,20.0,0.15,5000,138,1333,200,False,True,True,200,10,200,0.6666666666666666,0.39145299145299145,0.7654320987654321,37.797673881053925,True,3,0.160997464787215,0.007452010177075863,0.002367525827139616,0.15117792878299952,0.004619642160832882,0.017693927977234125,0.004095965996384621,0.18740930780768394
tier_10k,5000,1_1438042990112.50_20150728002310-00139-ip-10-236-191-2_473436377_9.csv,1,20,5.0,0.15,5000,138,1333,100,False,True,True,100,20,100,0.6666666666666666,0.6570605187319885,0.8582089552238806,71.47596603631973,True,3,0.160997464787215,0.007452010177075863,0.002367525827139616,0.15117792878299952,0.004815871827304363,0.010129254311323166,0.0035433839075267315,0.1794882519170642
tier_10k,5000,1_1438042990112.50_20150728002310-00139-ip-10-236-191-2_473436377_9.csv,1,20,10.0,0.15,5000,138,1333,200,False,True,True,200,20,200,0.6666666666666666,0.39145299145299145,0.8333333333333334,71.57804268598557,True,3,0.160997464787215,0.007452010177075863,0.002367525827139616,0.15117792878299952,0.004603373818099499,0.01836688071489334,0.004263751208782196,0.18823364470154047
tier_10k,5000,1_1438042990112.50_20150728002310-00139-ip-10-236-191-2_473436377_9.csv,1,20,15.0,0.15,5000,138,1333,300,False,True,True,300,20,300,0.6666666666666666,0.2558659217877095,0.7555555555555555,72.14168959856033,True,3,0.160997464787215,0.007452010177075863,0.002367525827139616,0.15117792878299952,0.0046394201926887035,0.024448661133646965,0.005035136826336384,0.1951227835379541
tier_10k,5000,1_1438042990112.50_20150728002310-00139-ip-10-236-191-2_473436377_9.csv,1,20,20.0,0.15,5000,138,1333,400,False,True,True,400,20,400,0.6666666666666666,0.17683397683397684,0.6870229007633588,72.32183438539505,True,3,0.160997464787215,0.007452010177075863,0.002367525827139616,0.15117792878299952,0.004951783921569586,0.03273589722812176,0.005381646100431681,0.20406907610595226
tier_10k,5000,1_1438042990112.50_20150728002310-00139-ip-10-236-191-2_473436377_9.csv,1,30,5.0,0.15,5000,138,1333,150,False,True,True,150,30,150,0.6666666666666666,0.5100671140939598,0.8742857142857143,103.56603592634201,True,3,0.160997464787215,0.007452010177075863,0.002367525827139616,0.15117792878299952,0.004524481948465109,0.013436254113912582,0.0037043066695332527,0.18266452569514513
tier_10k,5000,1_1438042990112.50_20150728002310-00139-ip-10-236-191-2_473436377_9.csv,1,30,10.0,0.15,5000,138,1333,300,False,True,True,300,30,300,0.6666666666666666,0.2558659217877095,0.7682926829268293,105.0277881026268,True,3,0.160997464787215,0.007452010177075863,0.002367525827139616,0.15117792878299952,0.00466789910569787,0.024940346833318472,0.00506833428516984,0.19567627180367708
tier_10k,5000,1_1438042990112.50_20150728002310-00139-ip-10-236-191-2_473436377_9.csv,1,30,15.0,0.15,5000,138,1333,450,False,True,True,450,30,450,0.6666666666666666,0.1531772575250836,0.6242774566473989,106.17584198713303,True,3,0.160997464787215,0.007452010177075863,0.002367525827139616,0.15117792878299952,0.00474102096632123,0.03540117293596268,0.006371854804456234,0.20751401968300343
tier_10k,5000,1_1438042990112.50_20150728002310-00139-ip-10-236-191-2_473436377_9.csv,1,30,20.0,0.15,5000,138,1333,600,False,True,True,600,30,600,0.6666666666666666,0.10283687943262411,0.5287356321839081,107.93665611743927,True,2,0.160997464787215,0.007452010177075863,0.002367525827139616,0.15117792878299952,0.0038433829322457314,0.04621977498754859,0.006977418903261423,0.21804034896194935
tier_10k,5000,1_1438042990112.50_20150728002310-00139-ip-10-236-191-2_473436377_9.csv,1,40,5.0,0.15,5000,138,1333,200,False,True,True,200,40,200,0.6666666666666666,0.39145299145299145,0.8203883495145631,134.8612151145935,True,3,0.160997464787215,0.007452010177075863,0.002367525827139616,0.15117792878299952,0.004750099033117294,0.017088242806494236,0.003975152038037777,0.18681332282721996
tier_10k,5000,1_1438042990112.50_20150728002310-00139-ip-10-236-191-2_473436377_9.csv,1,40,10.0,0.15,5000,138,1333,400,False,True,True,400,40,400,0.6666666666666666,0.17683397683397684,0.6620370370370371,138.00703072547913,True,3,0.160997464787215,0.007452010177075863,0.002367525827139616,0.15117792878299952,0.004757837858051062,0.03200810914859176,0.005660524126142263,0.20342629496008158
tier_10k,5000,1_1438042990112.50_20150728002310-00139-ip-10-236-191-2_473436377_9.csv,1,40,15.0,0.15,5000,138,1333,600,False,True,True,600,40,600,0.6666666666666666,0.10283687943262411,0.5069124423963134,141.24626088142395,True,2,0.160997464787215,0.007452010177075863,0.002367525827139616,0.15117792878299952,0.003705263137817383,0.04877770505845547,0.007321035955101252,0.22080389689654112
tier_10k,5000,1_1438042990112.50_20150728002310-00139-ip-10-236-191-2_473436377_9.csv,1,40,20.0,0.15,5000,138,1333,800,False,True,True,800,40,800,0.6666666666666666,0.0675990675990676,0.35802469135802467,144.9447396993637,True,2,0.160997464787215,0.007452010177075863,0.002367525827139616,0.15117792878299952,0.004036298021674156,0.059745161794126034,0.009548474103212357,0.23433010838925838
tier_10k,5000,1_1438042990112.50_20150728002310-00139-ip-10-236-191-2_473436377_9.csv,1,50,5.0,0.15,5000,138,1333,250,False,True,True,250,50,250,0.6666666666666666,0.3115646258503401,0.7543103448275862,163.52192544937134,True,3,0.160997464787215,0.007452010177075863,0.002367525827139616,0.15117792878299952,0.00481054000556469,0.019925918895751238,0.004754443187266588,0.19049095688387752
tier_10k,5000,1_1438042990112.50_20150728002310-00139-ip-10-236-191-2_473436377_9.csv,1,50,10.0,0.15,5000,138,1333,500,False,True,True,500,50,500,0.6666666666666666,0.13211845102505695,0.55,172.6166631579399,True,2,0.160997464787215,0.007452010177075863,0.002367525827139616,0.15117792878299952,0.003959594294428825,0.040895069018006325,0.006493154913187027,0.21234773658216
tier_10k,5000,1_1438042990112.50_20150728002310-00139-ip-10-236-191-2_473436377_9.csv,1,50,15.0,0.15,5000,138,1333,750,False,True,True,750,50,750,0.6666666666666666,0.0746941403734707,0.39855072463768115,177.55942952632904,True,2,0.160997464787215,0.007452010177075863,0.002367525827139616,0.15117792878299952,0.0037906276993453503,0.05825830204412341,0.008261148352175951,0.23130988609045744
tier_10k,5000,1_1438042990112.50_20150728002310-00139-ip-10-236-191-2_473436377_9.csv,1,50,20.0,0.15,5000,138,1333,1000,False,True,True,1000,50,1000,0.6666666666666666,0.0446927374301676,0.271875,180.80335611104965,True,2,0.160997464787215,0.007452010177075863,0.002367525827139616,0.15117792878299952,0.003962851129472256,0.07405724283307791,0.010770256165415049,0.24979024101048708
tier_10k,5000,1_1438042987127.36_20150728002307-00017-ip-10-236-191-2_861030184_5.csv,1,10,5.0,0.15,5000,6,1479,50,False,True,True,50,10,50,1.0,0.08130081300813008,0.36363636363636365,27.199117064476013,True,3,0.16484326543286443,0.0068106092512607574,0.0023608841001987457,0.15567177208140492,0.002901991829276085,0.003031693398952484,0.003845354076474905,0.17462426237761974
tier_10k,5000,1_1438042987127.36_20150728002307-00017-ip-10-236-191-2_861030184_5.csv,1,10,10.0,0.15,5000,6,1479,100,False,True,True,100,10,100,1.0,0.04484304932735426,0.36363636363636365,27.83326882123947,True,3,0.16484326543286443,0.0068106092512607574,0.0023608841001987457,0.15567177208140492,0.005380732007324696,0.008196896873414516,0.003446269780397415,0.181869400665164
tier_10k,5000,1_1438042987127.36_20150728002307-00017-ip-10-236-191-2_861030184_5.csv,1,10,15.0,0.15,5000,6,1479,150,False,True,True,150,10,150,1.0,0.031791907514450865,0.36363636363636365,27.995725333690643,True,2,0.16484326543286443,0.0068106092512607574,0.0023608841001987457,0.15567177208140492,0.004032779950648546,0.010638704989105463,0.003825289197266102,0.18334232550114393
tier_10k,5000,1_1438042987127.36_20150728002307-00017-ip-10-236-191-2_861030184_5.csv,1,10,20.0,0.15,5000,6,1479,200,False,True,True,200,10,200,1.0,0.02466367713004484,0.36363636363636365,28.057690501213074,True,2,0.16484326543286443,0.0068106092512607574,0.0023608841001987457,0.15567177208140492,0.004041844047605991,0.014926536940038204,0.0045626526698470116,0.18837659806013107
tier_10k,5000,1_1438042987127.36_20150728002307-00017-ip-10-236-191-2_861030184_5.csv,1,20,5.0,0.15,5000,6,1479,100,False,True,True,100,20,100,1.0,0.04484304932735426,0.19047619047619047,53.86403948068619,True,3,0.16484326543286443,0.0068106092512607574,0.0023608841001987457,0.15567177208140492,0.005323592107743025,0.006650533061474562,0.003894742112606764,0.18071433249861002
tier_10k,5000,1_1438042987127.36_20150728002307-00017-ip-10-236-191-2_861030184_5.csv,1,20,10.0,0.15,5000,6,1479,200,False,True,True,200,20,200,1.0,0.02466367713004484,0.19047619047619047,54.65644717216492,True,2,0.16484326543286443,0.0068106092512607574,0.0023608841001987457,0.15567177208140492,0.004044800065457821,0.014194513205438852,0.005037055816501379,0.1881218235939741
tier_10k,5000,1_1438042987127.36_20150728002307-00017-ip-10-236-191-2_861030184_5.csv,1,20,15.0,0.15,5000,6,1479,300,False,True,True,300,20,300,1.0,0.017027863777089782,0.19047619047619047,55.03016436100006,True,2,0.16484326543286443,0.0068106092512607574,0.0023608841001987457,0.15567177208140492,0.004082521889358759,0.018880540039390326,0.006059043575078249,0.19386781426146626
tier_10k,5000,1_1438042987127.36_20150728002307-00017-ip-10-236-191-2_861030184_5.csv,1,20,20.0,0.15,5000,6,1479,400,False,True,True,400,20,400,1.0,0.013002364066193853,0.19047619047619047,55.2309153676033,True,2,0.16484326543286443,0.0068106092512607574,0.0023608841001987457,0.15567177208140492,0.004367399029433727,0.024741102010011673,0.007930665276944637,0.20188500732183456
tier_10k,5000,1_1438042987127.36_20150728002307-00017-ip-10-236-191-2_861030184_5.csv,1,30,5.0,0.15,5000,6,1479,150,False,False,False,150,0,150,1.0,0.031791907514450865,,,True,2,0.16484326543286443,0.0068106092512607574,0.0023608841001987457,0.15567177208140492,0.0041301799938082695,0.008961125276982784,0.0014591203071177006,0.1793957673944533
tier_10k,5000,1_1438042987127.36_20150728002307-00017-ip-10-236-191-2_861030184_5.csv,1,30,10.0,0.15,5000,6,1479,300,False,False,False,300,0,300,1.0,0.017027863777089782,,,True,2,0.16484326543286443,0.0068106092512607574,0.0023608841001987457,0.15567177208140492,0.00255252281203866,0.018221459351480007,0.0015351423062384129,0.187154081184417
tier_10k,5000,1_1438042987127.36_20150728002307-00017-ip-10-236-191-2_861030184_5.csv,1,30,15.0,0.15,5000,6,1479,450,False,False,False,450,0,450,1.0,0.011627906976744186,,,True,2,0.16484326543286443,0.0068106092512607574,0.0023608841001987457,0.15567177208140492,0.002331589348614216,0.02582366392016411,0.001952878199517727,0.19495309330523014
tier_10k,5000,1_1438042987127.36_20150728002307-00017-ip-10-236-191-2_861030184_5.csv,1,30,20.0,0.15,5000,6,1479,600,False,False,False,600,0,600,1.0,0.00882825040128411,,,True,2,0.16484326543286443,0.0068106092512607574,0.0023608841001987457,0.15567177208140492,0.0026441840454936028,0.03545098099857569,0.0020255031995475292,0.2049655788578093
tier_10k,5000,1_1438042987127.36_20150728002307-00017-ip-10-236-191-2_861030184_5.csv,1,40,5.0,0.15,5000,6,1479,200,False,False,False,200,0,200,1.0,0.02466367713004484,,,True,2,0.16484326543286443,0.0068106092512607574,0.0023608841001987457,0.15567177208140492,0.0022898362949490547,0.011723063420504332,0.0014707078225910664,0.18032860849052668
tier_10k,5000,1_1438042987127.36_20150728002307-00017-ip-10-236-191-2_861030184_5.csv,1,40,10.0,0.15,5000,6,1479,400,False,False,False,400,0,400,1.0,0.013002364066193853,,,True,2,0.16484326543286443,0.0068106092512607574,0.0023608841001987457,0.15567177208140492,0.0025245696306228638,0.02409826498478651,0.0017888592556118965,0.19325667154043913
tier_10k,5000,1_1438042987127.36_20150728002307-00017-ip-10-236-191-2_861030184_5.csv,1,40,15.0,0.15,5000,6,1479,600,False,False,False,600,0,600,1.0,0.00882825040128411,,,True,2,0.16484326543286443,0.0068106092512607574,0.0023608841001987457,0.15567177208140492,0.0025698477402329445,0.03541750507429242,0.0017509968020021915,0.20458335941657424
tier_10k,5000,1_1438042987127.36_20150728002307-00017-ip-10-236-191-2_861030184_5.csv,1,40,20.0,0.15,5000,6,1479,800,False,False,False,800,0,800,1.0,0.006432748538011696,,,True,2,0.16484326543286443,0.0068106092512607574,0.0023608841001987457,0.15567177208140492,0.002633912954479456,0.04532264778390527,0.002227748278528452,0.21502928854897618
tier_10k,5000,1_1438042987127.36_20150728002307-00017-ip-10-236-191-2_861030184_5.csv,1,50,5.0,0.15,5000,6,1479,250,False,False,False,250,0,250,1.0,0.020146520146520148,,,True,2,0.16484326543286443,0.0068106092512607574,0.0023608841001987457,0.15567177208140492,0.0023460290394723415,0.01534788217395544,0.001462473999708891,0.18400105740875006
tier_10k,5000,1_1438042987127.36_20150728002307-00017-ip-10-236-191-2_861030184_5.csv,1,50,10.0,0.15,5000,6,1479,500,False,False,False,500,0,500,1.0,0.010516252390057362,,,True,2,0.16484326543286443,0.0068106092512607574,0.0023608841001987457,0.15567177208140492,0.0023097689263522625,0.02831604005768895,0.0017745853401720524,0.19724529655650258
tier_10k,5000,1_1438042987127.36_20150728002307-00017-ip-10-236-191-2_861030184_5.csv,1,50,15.0,0.15,5000,6,1479,750,False,False,False,750,0,750,1.0,0.007051282051282051,,,True,2,0.16484326543286443,0.0068106092512607574,0.0023608841001987457,0.15567177208140492,0.0025902879424393177,0.04361647693440318,0.002108518034219742,0.21316021541133523
tier_10k,5000,1_1438042987127.36_20150728002307-00017-ip-10-236-191-2_861030184_5.csv,1,50,20.0,0.15,5000,6,1479,1000,False,False,False,1000,0,1000,1.0,0.004761904761904762,,,True,2,0.16484326543286443,0.0068106092512607574,0.0023608841001987457,0.15567177208140492,0.0027059130370616913,0.056411055848002434,0.0026562800630927086,0.22661816840991378
